/*--------------------------------*- C++ -*----------------------------------*\
| =========                 |                                                 |
| \\      /  F ield         | OpenFOAM: The Open Source CFD Toolbox           |
|  \\    /   O peration     | Version:  2512                                  |
|   \\  /    A nd           | Website:  www.openfoam.com                      |
|    \\/     M anipulation  |                                                 |
\*---------------------------------------------------------------------------*/
FoamFile
{
    version     2.0;
    format      ascii;
    arch        "LSB;label=32;scalar=64";
    class       volScalarField;
    location    "71";
    object      p;
}
// * * * * * * * * * * * * * * * * * * * * * * * * * * * * * * * * * * * * * //

dimensions      [0 2 -2 0 0 0 0];

internalField   nonuniform List<scalar> 
2052
(
7.9875277
7.4095812
7.1183617
6.9747112
6.8591935
6.7816612
6.746804
6.7348729
6.7276787
6.7176203
6.7035155
6.6859916
6.667004
6.6452524
7.788979
7.3794825
7.1234506
6.9831831
6.8693162
6.7906773
6.7533935
6.7393024
6.7305694
6.7195001
6.7047771
6.6868954
6.667686
6.6456625
7.6697907
7.3835058
7.140302
6.9983399
6.8902977
6.8117828
6.7691494
6.7491022
6.7359661
6.7222013
6.706053
6.6875272
6.6679624
6.6458457
7.5858869
7.3729806
7.1455439
7.0059114
6.9052618
6.8291098
6.7832448
6.7587284
6.7420054
6.7257965
6.7081251
6.6887162
6.6685071
6.6463456
7.5147679
7.3502537
7.1459734
7.0117678
6.91698
6.8432017
6.7952151
6.767267
6.7476225
6.7292911
6.7101914
6.6898955
6.6690198
6.6467453
7.4545168
7.326213
7.1461844
7.0174839
6.9267713
6.8552356
6.8058081
6.7749668
6.7527526
6.7325392
6.7121518
6.6910378
6.6695287
6.6469741
7.4035685
7.3022677
7.1443797
7.0216729
6.9345444
6.8654571
6.8152567
6.7820232
6.7575528
6.7356589
6.7140872
6.6921846
6.6700485
6.6471051
7.3601063
7.2788011
7.1406137
7.0247052
6.9409892
6.8743074
6.8237791
6.7885755
6.762111
6.7386907
6.7160081
6.6933328
6.6705788
6.6472124
7.3227151
7.2564183
7.135554
7.0268846
6.9463753
6.881908
6.83138
6.7945994
6.7663928
6.7415966
6.7178866
6.6944703
6.6711214
6.6473295
7.2903347
7.2354674
7.1296007
7.0282387
6.9508076
6.8883888
6.8381241
6.8001201
6.7704035
6.7443699
6.7197141
6.6955931
6.671676
6.647464
7.2621432
7.216088
7.1230685
7.0288535
6.9544426
6.893925
6.8441004
6.8051669
6.7741468
6.7470007
6.7214768
6.6966907
6.6722351
6.6476153
7.2374935
7.1983153
7.1162356
7.0288464
6.9574085
6.8986519
6.8493752
6.8097571
6.7776224
6.7494805
6.7231634
6.6977554
6.6727933
6.6477834
7.2158728
7.1821249
7.109327
7.028329
6.9598013
6.9026803
6.8540137
6.8139139
6.7808356
6.751806
6.7247667
6.6987809
6.6733452
6.6479658
7.1968711
7.1674578
7.1025169
7.0274082
6.9617045
6.9061083
6.8580803
6.8176617
6.783792
6.7539739
6.7262796
6.6997607
6.673885
6.648159
7.1801579
7.1542378
7.0959382
7.0261856
6.9631916
6.9090196
6.8616338
6.8210239
6.7864969
6.7559826
6.7276968
6.7006892
6.6744073
6.6483592
7.1654647
7.1423824
7.0896904
7.0247538
6.9643283
6.9114855
6.8647276
6.824024
6.7889568
6.7578315
6.7290141
6.7015616
6.6749073
6.6485622
7.152572
7.1318096
7.0838461
7.0231958
6.9651733
6.9135665
6.8674098
6.8266851
6.7911787
6.7595205
6.730228
6.7023735
6.6753806
6.6487642
7.1412997
7.1224416
7.0784572
7.0215844
6.9657793
6.9153148
6.8697236
6.829029
6.7931694
6.7610502
6.7313362
6.7031212
6.6758231
6.6489611
7.1314992
7.114207
7.07356
7.0199823
6.9661938
6.9167747
6.8717067
6.8310767
6.7949362
6.7624215
6.7323367
6.7038016
6.6762313
6.6491491
7.1230483
7.107042
7.0691789
7.0184426
6.966459
6.9179845
6.8733922
6.832847
6.796486
6.7636356
6.7332281
6.7044122
6.676602
6.6493249
7.1158463
7.1008906
7.0653299
7.0170099
6.966612
6.9189766
6.8748085
6.8343574
6.7978255
6.7646939
6.7340094
6.7049506
6.6769322
6.6494853
7.1098107
7.0957045
7.0620228
7.0157206
6.9666848
6.9197784
6.8759798
6.8356233
6.798961
6.7655978
6.73468
6.7054152
6.6772196
6.6496277
7.104875
7.0914433
7.0592633
7.0146045
6.9667046
6.9204129
6.8769261
6.8366575
6.799898
6.7663487
6.7352393
6.7058045
6.6774621
6.6497498
7.1009862
7.0880737
7.0570539
7.0136853
6.9666947
6.9208993
6.8776643
6.8374717
6.8006414
6.7669476
6.7356869
6.706117
6.6776579
6.6498497
7.0981039
7.0855703
7.0553939
7.0129785
6.9666711
6.9212513
6.8782069
6.8380747
6.8011958
6.7673964
6.7360232
6.7063524
6.6778062
6.6499261
7.0961979
7.0839215
7.0542901
7.0125008
6.9666489
6.92148
6.8785622
6.8384713
6.8015624
6.7676941
6.7362468
6.7065093
6.6779052
6.6499776
7.0952275
7.0830989
7.0537367
7.0122604
6.9666393
6.921597
6.8787417
6.8386707
6.8017464
6.7678436
6.7363588
6.7065877
6.6779547
6.6500032
6.6316553
6.6014845
6.5691507
6.5388941
6.5094446
6.4805788
6.4527317
6.4260688
6.4006177
6.3765043
6.3540197
6.3335567
6.3158989
6.3014289
6.2931323
6.2869187
6.3033194
6.2915943
6.6318929
6.6016176
6.5692964
6.5390817
6.5096756
6.4808187
6.4529582
6.4262748
6.4007979
6.3766517
6.3541278
6.3336175
6.3159039
6.3013595
6.2929992
6.2865576
6.3032337
6.2895986
6.6308494
6.601018
6.5691098
6.5391201
6.5098652
6.4810599
6.4531719
6.4264189
6.4008398
6.3765538
6.3538421
6.333083
6.3150248
6.3000371
6.2909643
6.2837109
6.2988161
6.281392
6.6290503
6.6002036
6.5688786
6.5390632
6.5099501
6.4812117
6.4532809
6.4264029
6.4006254
6.3760528
6.3529381
6.3316215
6.3127743
6.2967189
6.2859401
6.2767245
6.2869325
6.2651774
6.6271729
6.5993956
6.5686865
6.539003
6.5100202
6.4813594
6.4533754
6.4263298
6.4002787
6.3753023
6.351609
6.329476
6.3094608
6.2917761
6.2784431
6.2660643
6.2687139
6.2426633
6.6256693
6.5986499
6.5685089
6.5389466
6.5100658
6.4814688
6.4534226
6.426192
6.3998366
6.3744047
6.3500482
6.3269646
6.305573
6.2859381
6.2695541
6.2532624
6.2470435
6.2162926
6.6245718
6.5979541
6.5683188
6.5388884
6.510081
6.4815293
6.4534189
6.4260028
6.3993384
6.3734398
6.3483974
6.3243242
6.3014898
6.279801
6.2602045
6.2397441
6.2245643
6.1883949
6.6237806
6.597318
6.5681174
6.5388277
6.5100701
6.4815459
6.4533701
6.4257704
6.3987974
6.3724327
6.3467054
6.3216441
6.2973684
6.2736301
6.2508509
6.2262394
6.2027114
6.1605518
6.6232042
6.5967563
6.5679113
6.5387625
6.5100388
6.4815265
6.4532825
6.4254999
6.3982188
6.3713906
6.3449852
6.3189483
6.293253
6.2675017
6.2416392
6.2129877
6.1819504
6.1335752
6.6227825
6.5962739
6.5677064
6.5386922
6.5099928
6.4814789
6.4531627
6.4251975
6.3976096
6.3703221
6.343248
6.3162516
6.2891649
6.2614456
6.2326194
6.2000698
6.1623452
6.1078472
6.6224764
6.5958673
6.5675073
6.5386171
6.5099364
6.481409
6.4530159
6.424869
6.3969777
6.3692383
6.3415089
6.3135734
6.2851295
6.255495
6.2238361
6.1875545
6.1438802
6.0835649
6.6222593
6.5955292
6.5673185
6.5385385
6.5098724
6.4813215
6.4528469
6.4245205
6.3963321
6.3681519
6.3397845
6.3109351
6.2811746
6.2496886
6.215339
6.1755169
6.1265466
6.0608363
6.6221105
6.5952513
6.5671433
6.5384578
6.5098024
6.4812201
6.4526603
6.4241584
6.3956823
6.3670753
6.3380902
6.3083563
6.2773273
6.2440645
6.207177
6.164028
6.1103435
6.0397131
6.6220145
6.5950254
6.5669838
6.5383764
6.5097279
6.4811082
6.4524614
6.4237899
6.3950374
6.3660197
6.33644
6.3058555
6.2736128
6.2386596
6.1993958
6.1531484
6.09527
6.0202077
6.6219592
6.5948441
6.5668407
6.5382952
6.5096499
6.4809894
6.4522556
6.4234217
6.3944056
6.364995
6.3348464
6.3034501
6.2700563
6.2335087
6.1920364
6.142928
6.0813227
6.0023059
6.6219352
6.5947001
6.5667138
6.5382154
6.5095702
6.4808673
6.4520482
6.4230599
6.3937939
6.3640099
6.3333213
6.3011574
6.2666817
6.2286447
6.1851351
6.1334059
6.0684951
5.9859766
6.6219347
6.5945871
6.5666022
6.5381381
6.5094904
6.4807455
6.4518439
6.4227097
6.3932082
6.3630727
6.3318767
6.2989944
6.2635123
6.2240968
6.1787229
6.1246123
6.0567784
5.9711804
6.621951
6.5944992
6.566505
6.5380648
6.5094127
6.4806267
6.4516463
6.4223753
6.3926545
6.3621916
6.3305245
6.2969776
6.2605691
6.2198906
6.1728252
6.1165695
6.046163
5.957876
6.6219788
6.5944318
6.5664214
6.5379966
6.5093385
6.4805135
6.4514587
6.4220609
6.3921382
6.3613746
6.329276
6.295122
6.2578707
6.2160481
6.1674633
6.109295
6.0366394
5.9460235
6.6220134
6.5943808
6.5663503
6.5379344
6.5092692
6.4804076
6.451284
6.4217706
6.391665
6.3606294
6.3281412
6.2934405
6.2554329
6.2125875
6.1626553
6.1028026
6.0281991
5.9355863
6.6220511
6.5943429
6.5662907
6.5378789
6.5092059
6.480311
6.4511249
6.4215081
6.3912397
6.3599628
6.3271292
6.2919446
6.2532696
6.2095253
6.1584166
6.0971033
6.0208343
5.9265308
6.6220889
6.5943153
6.5662417
6.5378306
6.5091497
6.480225
6.450984
6.4212767
6.390867
6.3593807
6.3262475
6.290644
6.2513929
6.2068752
6.1547606
6.0922056
6.0145378
5.9188269
6.6221241
6.5942957
6.5662023
6.5377898
6.5091013
6.4801512
6.4508633
6.4210794
6.3905506
6.3588878
6.3255026
6.289547
6.2498132
6.2046492
6.1516983
6.0881164
6.0093023
5.9124485
6.6221546
6.5942822
6.5661717
6.5377569
6.5090617
6.4800908
6.4507646
6.4209186
6.3902937
6.3584885
6.3249
6.288661
6.2485391
6.2028571
6.1492384
6.0848405
6.005122
5.9073735
6.622179
6.5942733
6.5661492
6.537732
6.5090315
6.4800446
6.4506893
6.4207964
6.3900986
6.3581859
6.3244442
6.2879913
6.2475772
6.201506
6.1473871
6.0823804
6.0019901
5.9035822
6.6221959
6.594268
6.5661347
6.5377153
6.5090111
6.4800135
6.4506386
6.4207141
6.3899677
6.3579832
6.3241389
6.2875434
6.2469344
6.2006041
6.1461529
6.0807429
5.9999086
5.9010716
6.6222042
6.5942652
6.5661273
6.5377068
6.5090007
6.4799976
6.4506127
6.4206722
6.3899011
6.35788
6.3239837
6.2873158
6.2466082
6.2001469
6.1455277
6.0799157
5.9988553
5.8998174
6.3826244
6.3723059
6.3468321
6.3204875
6.2877328
6.2452579
6.1940792
6.1382432
6.393517
6.3604992
6.3270834
6.3034385
6.2720416
6.2285121
6.1763976
6.1216099
6.3909364
6.3327257
6.289221
6.2695082
6.2417352
6.1990476
6.1479279
6.0952191
6.3603666
6.2960899
6.2476989
6.2272872
6.2004262
6.15845
6.1084834
6.0569882
6.3056281
6.2512604
6.2041701
6.1793722
6.1509727
6.1101943
6.06225
6.0121052
6.241915
6.2020121
6.1602797
6.1313043
6.1007254
6.0612914
6.015617
5.9669364
6.18265
6.1530075
6.1169483
6.0856976
6.0533907
6.0150454
5.9714466
5.9244466
6.1328301
6.1073956
6.075354
6.0436709
6.0105417
5.9730424
5.9311778
5.8858959
6.0916568
6.0665398
6.036652
6.005443
5.9721587
5.9352918
5.8947664
5.8510307
6.0567571
6.030481
6.0014227
5.9708164
5.9377015
5.901345
5.8618492
5.8194211
6.0262367
5.998633
5.9696965
5.9395084
5.9066581
5.8707446
5.832055
5.7907004
5.9989988
5.9703209
5.9412208
5.9112429
5.8786389
5.843114
5.8050735
5.7646022
5.9744644
5.9449995
5.9156636
5.8857548
5.8533424
5.818154
5.7806522
5.7409204
5.9523004
5.9222721
5.8927119
5.8627961
5.830523
5.7956246
5.7585826
5.7194829
5.9322812
5.9018499
5.872102
5.8421472
5.8099778
5.7753318
5.7386913
5.7001403
5.9142371
5.8835179
5.8536237
5.8236237
5.7915383
5.7571165
5.7208306
5.6827595
5.898036
5.8671137
5.8371121
5.8070741
5.7750636
5.7408432
5.7048713
5.6672196
5.8835744
5.8525121
5.8224371
5.7923729
5.7604327
5.7263927
5.6906967
5.6534099
5.8707696
5.8396139
5.8094925
5.7794135
5.7475388
5.7136582
5.6782023
5.641231
5.8595527
5.8283372
5.7981891
5.7681033
5.7362883
5.7025464
5.6672972
5.6305974
5.8498642
5.8186121
5.7884498
5.7583625
5.7266003
5.6929776
5.6579047
5.6214366
5.8416525
5.8103791
5.780211
5.7501255
5.7184093
5.6848876
5.6499633
5.6136902
5.8348726
5.8035863
5.773417
5.7433354
5.7116587
5.678221
5.6434197
5.6073075
5.8294924
5.7981999
5.7680326
5.7379553
5.7063099
5.6729385
5.6382346
5.6022498
5.8254669
5.7941764
5.7640176
5.7339466
5.7023257
5.6690049
5.634374
5.5984843
5.8227898
5.7915084
5.7613557
5.7312849
5.6996791
5.6663927
5.6318111
5.5959853
5.8214475
5.7901994
5.7600499
5.7299691
5.6983631
5.6650903
5.6305296
5.5947258
5.997389
5.790387
5.5656284
5.3182247
5.0525831
4.7724906
4.4547382
4.1437634
5.9825025
5.7748827
5.5502312
5.3030606
5.0378107
4.7580917
4.4424167
4.1347573
5.9596007
5.7554914
5.5336584
5.2892577
5.0269452
4.7504529
4.4414179
4.1423812
5.9281367
5.7298001
5.5121058
5.2721705
5.014757
4.7436765
4.4445923
4.1557716
5.8918029
5.7005113
5.4881657
5.2542308
5.0033849
4.7394439
4.4522374
4.1737761
5.8544708
5.6703659
5.4639225
5.2366139
4.9930464
4.7370074
4.4621394
4.1938637
5.8184052
5.6410966
5.4406814
5.220066
4.9839202
4.7360017
4.4731016
4.2152395
5.7847153
5.613578
5.4190288
5.2048625
4.97594
4.7360044
4.4842761
4.2368506
5.7535947
5.5879784
5.3990132
5.1909675
4.9689466
4.7367019
4.4952268
4.2578655
5.7249859
5.5642836
5.3805742
5.1783115
4.9628252
4.737894
4.5057418
4.2777391
5.6987555
5.5424176
5.3636185
5.1668042
4.9574668
4.7394197
4.5156951
4.2961845
5.6747704
5.5223099
5.3480718
5.1563708
4.952784
4.7411567
4.5250154
4.3130967
5.6529057
5.5038944
5.3338674
5.1469382
4.9486953
4.7430029
4.5336578
4.3284664
5.6330442
5.4871033
5.3209411
5.1384358
4.9451262
4.7448773
4.541601
4.3423381
5.6150752
5.4718662
5.3092281
5.130795
4.9420092
4.7467167
4.5488413
4.3547836
5.5988937
5.4581101
5.2986639
5.1239513
4.9392858
4.7484752
4.5553899
4.3658883
5.5843998
5.4457622
5.2891868
5.1178469
4.9369074
4.7501221
4.561268
4.375742
5.5715008
5.4347531
5.2807404
5.1124323
4.9348357
4.7516384
4.5665029
4.3844316
5.5601127
5.4250195
5.2732749
5.1076658
4.9330406
4.7530132
4.5711232
4.3920365
5.5501623
5.4165056
5.2667468
5.1035126
4.9314984
4.7542406
4.5751567
4.3986274
5.5415866
5.4091626
5.2611183
5.0999427
4.9301889
4.7553168
4.5786284
4.404265
5.5343326
5.4029483
5.2563566
5.0969301
4.9290955
4.7562396
4.5815607
4.4090021
5.5283551
5.397826
5.2524326
5.0944525
4.9282036
4.7570076
4.583973
4.4128829
5.5236179
5.3937654
5.2493223
5.0924921
4.927503
4.7576216
4.5858827
4.4159449
5.5200922
5.3907412
5.247004
5.0910322
4.9269835
4.7580804
4.5873027
4.4182171
5.5177588
5.3887416
5.2454681
5.0900658
4.9266416
4.7583855
4.5882419
4.4197177
5.516586
5.3877449
5.2447008
5.0895845
4.9264759
4.7585447
4.5887182
4.4204769
3.5095644
3.5331521
3.5377478
3.4490551
3.3553138
3.2645476
3.1621631
3.0477572
2.9263438
2.8005534
2.6711923
2.5387441
2.4036137
2.2660343
2.1261003
1.9838363
1.8392303
1.6922502
1.5428536
1.3910036
1.2366316
1.0797375
0.92007668
0.75808304
0.5922699
0.42644832
0.25085209
0.090305161
3.5345751
3.5399154
3.5424958
3.4519281
3.3558593
3.2641449
3.1614494
3.0468159
2.925264
2.7994246
2.670046
2.5375829
2.4024363
2.264838
2.1248815
1.9825937
1.8379673
1.6909731
1.541566
1.3897036
1.2353131
1.0783967
0.91871251
0.75670314
0.59085562
0.42504815
0.24924001
0.089426156
3.6003517
3.5648186
3.5550275
3.4595778
3.3586628
3.264673
3.1612989
3.0463346
2.9245896
2.7986794
2.6692752
2.5367891
2.4016177
2.2639913
2.1239998
1.9816738
1.8370166
1.6900072
1.540598
1.3887346
1.234333
1.0773941
0.91768441
0.7556569
0.58976905
0.42398787
0.24776478
0.089735321
3.6777254
3.5956213
3.5692485
3.4704932
3.3645897
3.2671521
3.1623477
3.0466451
2.9244273
2.7982703
2.6687509
2.5362006
2.4009855
2.2633206
2.1232845
1.9809082
1.8362085
1.6891783
1.5397712
1.3879173
1.2335146
1.0765572
0.9168213
0.75476868
0.58883493
0.42306848
0.24628817
0.090904631
3.7544478
3.6302179
3.585261
3.4838051
3.3728377
3.2709879
3.164154
3.047482
2.9246516
2.79815
2.6684622
2.5358201
2.4005436
2.2628269
2.1227339
1.9802939
1.8355376
1.6884755
1.5390657
1.3872246
1.2328282
1.0758583
0.91609644
0.75401299
0.58801762
0.42226491
0.24481006
0.092577482
3.8248719
3.667239
3.6026932
3.4980466
3.3822736
3.2756687
3.1664871
3.0487293
2.9252045
2.7982786
2.6683692
2.5356051
2.4002488
2.2624688
2.1223122
1.9798036
1.8349849
1.687884
1.5384663
1.386638
1.2322546
1.0752816
0.91549852
0.75338203
0.58730707
0.42157287
0.24336782
0.094456937
3.8862201
3.7042618
3.6204875
3.5120772
3.3921337
3.2808819
3.1691736
3.0502401
2.9259696
2.7985666
2.668399
2.5354941
2.4000475
2.2621984
2.1219768
1.9794014
1.8345215
1.6873785
1.5379466
1.3861274
1.2317607
1.074794
0.91499594
0.75284541
0.58667339
0.4209607
0.24199581
0.096287115
3.9380213
3.739689
3.6381878
3.525494
3.4019873
3.2863734
3.1720484
3.0518854
2.9268585
2.7989577
2.6685115
2.5354532
2.3999077
2.2619842
2.1216981
1.9790612
1.834125
1.6869392
1.5374864
1.3856696
1.2313196
1.0743659
0.91455779
0.75237144
0.58608782
0.4203968
0.24072801
0.097900353
3.9814553
3.7728409
3.6556193
3.5381721
3.4115479
3.2919439
3.1750032
3.0535897
2.9278189
2.7994167
2.6686785
2.5354565
2.3998047
2.261803
2.1214551
1.978765
1.8337798
1.6865518
1.5370709
1.3852481
1.2309111
1.073973
0.91415639
0.75193115
0.58552719
0.41985771
0.23958837
0.099222142
4.018107
3.8034312
3.6726247
3.5501072
3.420679
3.2974882
3.1779933
3.0553203
2.9288222
2.7999225
2.6688832
2.5354888
2.3997248
2.2616433
2.1212381
1.978503
1.8334759
1.6862058
1.5366902
1.3848519
1.2305214
1.0735966
0.91376988
0.75150304
0.58497868
0.41933396
0.23859176
0.10025135
4.0493532
3.8313709
3.6890629
3.5613545
3.4293334
3.3029435
3.1809922
3.0570577
2.92985
2.800462
2.669116
2.5355419
2.3996616
2.2615002
2.1210419
1.9782689
1.833205
1.6858927
1.5363365
1.3844738
1.2301414
1.073224
0.91338406
0.75107572
0.58444107
0.41882969
0.23774511
0.10102828
4.0762412
3.8566977
3.7048082
3.5719651
3.4374918
3.3082576
3.1839764
3.0587894
2.9308898
2.801026
2.6693703
2.5356106
2.3996118
2.2613713
2.1208637
1.9780574
1.8329597
1.6856052
1.5360046
1.3841103
1.2297667
1.0728493
0.91299338
0.75064832
0.58392253
0.41835712
0.23704674
0.1016058
4.09954
3.8795228
3.7197485
3.5819676
3.4451463
3.3133866
3.1869234
3.0605044
2.9319303
2.8016049
2.6696391
2.5356904
2.3995726
2.261255
2.1207002
1.9778628
1.8327335
1.6853381
1.5356918
1.3837603
1.2293971
1.0724723
0.91260008
0.75022769
0.58343518
0.4179285
0.23648504
0.10203081
4.1198239
3.8999984
3.7337945
3.5913744
3.4522972
3.3182938
3.1898092
3.0621898
2.9329589
2.8021878
2.6699155
2.535777
2.3995412
2.2611481
2.1205474
1.9776802
1.8325219
1.6850885
1.5353975
1.3834256
1.2290356
1.0720977
0.9122114
0.74982351
0.58298891
0.41754965
0.23603917
0.10233743
4.1375329
3.9182924
3.7468818
3.6001867
3.4589477
3.3229475
3.1926076
3.0638304
2.9339621
2.8027635
2.6701921
2.5358657
2.3995144
2.2610477
2.1204022
1.9775069
1.8323228
1.684856
1.535123
1.3831091
1.2286875
1.0717328
0.91183582
0.74944374
0.5825875
0.41721801
0.23568294
0.1025492
4.1530118
3.9345729
3.7589683
3.6083969
3.4651004
3.3273197
3.1952908
3.0654095
2.9349264
2.8033212
2.6704619
2.5359524
2.399489
2.2609518
2.1202635
1.9773427
1.832137
1.6846415
1.5348698
1.3828138
1.2283576
1.0713841
0.91147989
0.74909201
0.58222838
0.41692523
0.23539056
0.10268435
4.1665341
3.9489973
3.7700292
3.6159916
3.4707556
3.3313857
3.1978321
3.0669101
2.9358397
2.8038515
2.6707193
2.536034
2.3994639
2.2608602
2.1201321
1.977189
1.8319657
1.684446
1.534639
1.3825416
1.2280496
1.0710563
0.91114708
0.74876822
0.58190561
0.41666182
0.23514148
0.10275963
4.178318
3.9617072
3.7800515
3.6229536
3.4759111
3.3351243
3.2002061
3.0683165
2.9366915
2.8043471
2.6709599
2.5361092
2.3994392
2.2607742
2.1200102
1.9770476
1.83181
1.6842694
1.5344298
1.3822926
1.2277649
1.0707515
0.91083845
0.74847058
0.58161324
0.41642082
0.23492224
0.10279098
4.1885379
3.9728268
3.7890318
3.6292651
3.4805632
3.3385187
3.202391
3.0696149
2.9374738
2.8048023
2.6711815
2.5361775
2.3994157
2.2606953
2.1198991
1.9769196
1.8316697
1.6841105
1.5342408
1.3820658
1.2275035
1.0704705
0.91055399
0.74819751
0.5813474
0.41619885
0.23472517
0.10279241
4.1973333
3.9824626
3.7969729
3.6349094
3.4847085
3.341556
3.2043691
3.070794
2.9381804
2.8052135
2.671382
2.5362388
2.399394
2.2606242
2.1197993
1.9768048
1.8315438
1.6839677
1.53407
1.3818598
1.227265
1.0702131
0.91029369
0.74794838
0.58110619
0.41599512
0.2345461
0.10277514
4.2048169
3.9907056
3.8038825
3.6398723
3.4883435
3.3442272
3.2061261
3.0718444
2.9388069
2.8055777
2.6715599
2.5362928
2.3993742
2.2605608
2.1197104
1.9767022
1.8314308
1.683839
1.5339159
1.3816735
1.2270488
1.0699795
0.91005764
0.74772305
0.58088869
0.41580984
0.23438209
0.10274782
4.2110793
3.9976328
3.8097717
3.6441427
3.4914655
3.3465259
3.2076503
3.0727582
2.9393491
2.8058921
2.671713
2.5363381
2.3993553
2.260504
2.119631
1.9766103
1.8313293
1.6837234
1.5337774
1.3815065
1.2268549
1.0697703
0.90984618
0.74752156
0.58069425
0.41564342
0.23423075
0.10271776
4.216194
4.0033087
3.8146529
3.6477117
3.4940716
3.3484472
3.2089331
3.0735288
2.9398039
2.8061543
2.6718396
2.5363731
2.3993359
2.2604525
2.1195601
1.9765281
1.8312381
1.6836197
1.5336538
1.3813581
1.2266834
1.0695852
0.909659
0.74734313
0.58052135
0.41549524
0.23408877
0.10269086
4.2202192
4.0077862
3.8185383
3.6505719
3.496158
3.3499862
3.2099655
3.0741495
2.9401676
2.8063619
2.6719375
2.5363968
2.3993152
2.2604058
2.1194972
1.9764555
1.8311575
1.6835282
1.5335457
1.3812295
1.2265355
1.069426
0.90949746
0.74718874
0.58037017
0.41536657
0.23395477
0.10267517
4.2231998
4.0111076
3.821442
3.6527215
3.4977246
3.3511412
3.2107426
3.0746157
2.9404376
2.8065128
2.6720047
2.5364069
2.399291
2.2603612
2.1194397
1.9763897
1.8310844
1.6834459
1.5334498
1.3811174
1.2264079
1.0692888
0.90935741
0.74705339
0.58023499
0.41525156
0.23381997
0.10267221
4.2251632
4.0132947
3.8233644
3.65415
3.498764
3.3519067
3.2112583
3.0749246
2.9406143
2.806609
2.6720445
2.5364079
2.3992685
2.2603248
2.1193944
1.9763382
1.8310276
1.683382
1.5333763
1.3810323
1.226312
1.0691862
0.90925202
0.74695081
0.5801304
0.41516617
0.23369341
0.10271289
4.2261535
4.0143881
3.8243245
3.654861
3.4992754
3.352277
3.2115017
3.0750626
2.9406837
2.8066356
2.6720405
2.536382
2.3992283
2.2602749
2.1193373
1.976275
1.8309588
1.6833063
1.5332923
1.3809391
1.2262099
1.0690774
0.9091376
0.74683633
0.58000391
0.4150714
0.23349674
0.10276162
)
;

boundaryField
{
    inlet
    {
        type            zeroGradient;
    }
    outlet
    {
        type            fixedValue;
        value           uniform 0;
    }
    hydrofoilFlap
    {
        type            zeroGradient;
    }
    farfield
    {
        type            zeroGradient;
    }
    frontAndBack
    {
        type            empty;
    }
}


// ************************************************************************* //
