/*--------------------------------*- C++ -*----------------------------------*\
| =========                 |                                                 |
| \\      /  F ield         | OpenFOAM: The Open Source CFD Toolbox           |
|  \\    /   O peration     | Version:  2512                                  |
|   \\  /    A nd           | Website:  www.openfoam.com                      |
|    \\/     M anipulation  |                                                 |
\*---------------------------------------------------------------------------*/
FoamFile
{
    version     2.0;
    format      ascii;
    arch        "LSB;label=32;scalar=64";
    class       surfaceScalarField;
    location    "71";
    object      phi;
}
// * * * * * * * * * * * * * * * * * * * * * * * * * * * * * * * * * * * * * //

dimensions      [0 3 -1 0 0 0 0];

oriented        oriented;

internalField   nonuniform List<scalar> 
4001
(
0.00084355224
0.00016385516
0.00067079532
0.00017275693
0.00052869346
0.00014210186
0.00042173102
0.00010696244
0.00034882727
7.2903749e-05
0.00030347327
4.5353994e-05
0.00027681005
2.6663218e-05
0.00026116968
1.5640374e-05
0.00025125627
9.9134049e-06
0.00024390905
7.3472229e-06
0.00023749531
6.4137345e-06
0.00023131338
6.18193e-06
0.0002251097
6.2036832e-06
6.4971871e-06
0.00021861251
0.0010670694
0.00010419321
0.0010693752
0.00017045113
0.0010343255
0.00017715149
0.00097860861
0.00016267936
0.00091788203
0.00013363033
0.0008620565
0.00010117952
0.00081453955
7.4180169e-05
0.00077508094
5.5098987e-05
0.00074218995
4.2804393e-05
0.00071426389
3.5273277e-05
0.00068994926
3.0728366e-05
0.00066830782
2.7823367e-05
0.00064840695
2.6104556e-05
2.4426973e-05
0.00063047716
0.0010366133
7.4987273e-05
0.0010679848
0.00013907964
0.0010922541
0.00015288221
0.001103133
0.00015180046
0.0010997507
0.00013701267
0.0010863968
0.00011453336
0.0010678135
9.2763541e-05
0.0010472016
7.571087e-05
0.0010262894
6.3716594e-05
0.0010058406
5.5722046e-05
0.00098608119
5.0487787e-05
0.00096702988
4.6874675e-05
0.00094850323
4.4631205e-05
4.2082912e-05
0.00093084729
0.0010220179
6.0376812e-05
0.0010407558
0.00012034169
0.0010601244
0.00013351363
0.001078896
0.00013302888
0.0010931302
0.00012277843
0.0011015134
0.00010615016
0.0011048454
8.9431611e-05
0.0011044712
7.608498e-05
0.0011015931
6.6594739e-05
0.0010970633
6.02518e-05
0.0010913864
5.6164779e-05
0.001084833
5.3428054e-05
0.0010775553
5.1908875e-05
5.0080149e-05
0.0010695581
0.0010182067
4.9577537e-05
0.001032303
0.00010624535
0.0010448236
0.00012099302
0.0010570651
0.00012078738
0.0010677935
0.00011205005
0.0010762764
9.766727e-05
0.0010827206
8.2987376e-05
0.001087555
7.1250619e-05
0.0010911848
6.2964942e-05
0.0010939221
5.7514476e-05
0.0010959487
5.4138156e-05
0.0010973227
5.2054065e-05
0.001098126
5.110558e-05
5.0166908e-05
0.0010980392
0.001015841
4.1143901e-05
0.0010283605
9.3725925e-05
0.0010391856
0.00011016784
0.0010488659
0.00011110709
0.001056825
0.00010409095
0.0010628268
9.1665517e-05
0.0010674108
7.8403358e-05
0.0010711601
6.7501329e-05
0.0010744695
5.9655508e-05
0.0010775771
5.4406905e-05
0.0010805952
5.1120058e-05
0.0010835179
4.9131347e-05
0.0010863823
4.8241224e-05
4.7677809e-05
0.0010888714
0.0010139958
3.4555533e-05
0.0010250843
8.2637385e-05
0.0010351402
0.00010011193
0.0010440628
0.00010218453
0.0010513704
9.6783305e-05
0.001056731
8.6304956e-05
0.0010605979
7.4536394e-05
0.0010635833
6.4515935e-05
0.0010661316
5.7107231e-05
0.0010685237
5.2014861e-05
0.0010709165
4.8727222e-05
0.0010733505
4.6697292e-05
0.0010758815
4.5710262e-05
4.5221321e-05
0.001078338
0.0010126278
2.9335138e-05
0.0010223543
7.2910898e-05
0.001031624
9.084223e-05
0.0010399293
9.3879258e-05
0.0010469169
8.9795623e-05
0.0010522014
8.1020481e-05
0.0010560607
7.0677121e-05
0.0010590106
6.1566e-05
0.0010614561
5.4661765e-05
0.0010636644
4.9806548e-05
0.0010658001
4.6591488e-05
0.0010679296
4.4567862e-05
0.0010701171
4.352277e-05
4.3049159e-05
0.0010722892
0.0010116118
2.5130747e-05
0.0010201261
6.4396552e-05
0.0010286451
8.232328e-05
0.0010363598
8.6164515e-05
0.0010429953
8.3160201e-05
0.0010481867
7.5829066e-05
0.0010520906
6.6773221e-05
0.0010551312
5.8525361e-05
0.0010576647
5.2128256e-05
0.0010599295
4.7541807e-05
0.001062078
4.4442897e-05
0.001064182
4.2463877e-05
0.001066303
4.1401764e-05
4.0940535e-05
0.0010684117
0.0010108462
2.1691922e-05
0.0010183054
5.6937388e-05
0.0010261354
7.4493311e-05
0.0010333251
7.8974769e-05
0.0010396167
7.6868658e-05
0.0010446824
7.0763272e-05
0.001048594
6.2861716e-05
0.001051698
5.5421356e-05
0.0010543107
4.9515527e-05
0.0010566473
4.5205146e-05
0.0010588494
4.2240869e-05
0.0010609906
4.0322686e-05
0.0010631301
3.9262249e-05
3.8808034e-05
0.0010652626
0.0010102625
1.8836874e-05
0.0010168133
5.038652e-05
0.0010240118
6.7294868e-05
0.0010307361
7.2250415e-05
0.0010367116
7.0893156e-05
0.0010416469
6.5827972e-05
0.0010455511
5.8957515e-05
0.0010487008
5.2271646e-05
0.0010513756
4.6840781e-05
0.0010537711
4.2809605e-05
0.0010560194
3.9992608e-05
0.001058196
3.814611e-05
0.0010603591
3.7099066e-05
3.6646843e-05
0.0010625203
0.0010098121
1.6432223e-05
0.0010155868
4.4611812e-05
0.001022208
6.0673622e-05
0.0010285158
6.5942655e-05
0.0010342033
6.5205642e-05
0.0010390094
6.1021889e-05
0.0010428989
5.5067943e-05
0.0010460859
4.9084671e-05
0.0010488145
4.411216e-05
0.0010512627
4.0361431e-05
0.0010535532
3.7702094e-05
0.0010557622
3.5937167e-05
0.0010579473
3.4913941e-05
3.4462639e-05
0.0010601315
0.0010094604
1.4379212e-05
0.0010145751
3.9497124e-05
0.0010206721
5.4576655e-05
0.0010266047
6.0010064e-05
0.0010320304
5.9779917e-05
0.0010367102
5.634207e-05
0.0010405789
5.1199254e-05
0.001043796
4.5867526e-05
0.0010465723
4.1335889e-05
0.001049069
3.7864786e-05
0.0010514
3.5371078e-05
0.0010536406
3.3696502e-05
0.001055848
3.2706543e-05
3.2258152e-05
0.0010580525
0.0010091828
1.2603859e-05
0.001013738
3.4941865e-05
0.0010193621
4.8952588e-05
0.0010249558
5.4416351e-05
0.0010301442
5.4591561e-05
0.0010347023
5.178393e-05
0.0010385449
4.7356596e-05
0.0010417857
4.2626784e-05
0.0010446037
3.8517903e-05
0.0010471445
3.5323936e-05
0.0010495139
3.3001678e-05
0.0010517855
3.1424977e-05
0.0010540154
3.0476633e-05
3.0034834e-05
0.0010562387
0.0010089612
1.1050025e-05
0.0010130434
3.0859743e-05
0.0010182439
4.3752042e-05
0.0010235314
4.9128897e-05
0.0010285051
4.9617871e-05
0.0010329476
4.7341393e-05
0.0010367604
4.3543745e-05
0.0010400189
3.9368289e-05
0.0010428731
3.5663764e-05
0.0010454538
3.2743253e-05
0.0010478589
3.0596493e-05
0.0010501599
2.9124002e-05
0.0010524119
2.8224599e-05
2.7793941e-05
0.0010546528
0.0010087829
9.674502e-06
0.0010124656
2.7177074e-05
0.0010172896
3.8928079e-05
0.0010223008
4.4117693e-05
0.0010270809
4.4837753e-05
0.001031415
4.3007313e-05
0.0010351956
3.9763104e-05
0.0010384668
3.6097099e-05
0.001041352
3.2778554e-05
0.0010439683
3.0126972e-05
0.0010464064
2.8158375e-05
0.001048735
2.6795385e-05
0.0010510082
2.5951367e-05
2.5536716e-05
0.0010532655
0.0010086383
8.4435595e-06
0.0010119843
2.3831074e-05
0.0010164759
3.4436497e-05
0.001021239
3.9354658e-05
0.0010258452
4.0231486e-05
0.0010300788
3.8773738e-05
0.0010338261
3.6015819e-05
0.0010371057
3.2817456e-05
0.0010400174
2.9866873e-05
0.0010426652
2.747916e-05
0.0010451333
2.5690299e-05
0.0010474875
2.4441177e-05
0.0010497807
2.3658166e-05
2.3264386e-05
0.001052053
0.0010085205
7.3304609e-06
0.0010115834
2.076817e-05
0.0010157839
3.0235999e-05
0.0010203254
3.4813181e-05
0.0010247764
3.5780523e-05
0.0010289179
3.4632207e-05
0.0010326318
3.2301912e-05
0.0010359164
2.9532811e-05
0.0010388505
2.6932813e-05
0.001041526
2.4803647e-05
0.001044021
2.3195289e-05
0.0010463986
2.2063574e-05
0.0010487103
2.1346461e-05
2.0978219e-05
0.0010509965
0.0010084242
6.3136839e-06
0.0010112499
1.7942466e-05
0.0010151977
2.6288166e-05
0.001019543
3.0467876e-05
0.0010238563
3.1467292e-05
0.0010279146
3.057388e-05
0.0010315961
2.86204e-05
0.001034883
2.6245886e-05
0.0010378358
2.398004e-05
0.0010405354
2.210402e-05
0.0010430544
2.0676334e-05
0.0010454531
1.9664887e-05
0.0010477816
1.9017871e-05
1.8679489e-05
0.0010500804
0.0010083455
5.3756075e-06
0.0010109735
1.5314402e-05
0.0010147043
2.2557381e-05
0.0010188778
2.629437e-05
0.0010230701
2.7274975e-05
0.0010270543
2.658971e-05
0.0010307052
2.4969479e-05
0.0010339924
2.2958711e-05
0.0010369607
2.1011778e-05
0.0010396811
1.9383634e-05
0.001042221
1.8136371e-05
0.0010446384
1.7247469e-05
0.0010469822
1.6674133e-05
1.6369502e-05
0.0010492922
0.0010082814
4.5015663e-06
0.0010107462
1.2849619e-05
0.001014293
1.901061e-05
0.0010183182
2.2269173e-05
0.0010224058
2.3187385e-05
0.001026325
2.2670528e-05
0.0010299478
2.1346635e-05
0.0010332338
1.9672684e-05
0.0010362148
1.8030862e-05
0.0010389528
1.6645621e-05
0.0010415109
1.5578276e-05
0.0010439446
1.4813686e-05
0.0010463017
1.4317042e-05
1.4049599e-05
0.0010486216
0.0010082298
3.6791556e-06
0.0010105615
1.0517919e-05
0.001013955
1.5617132e-05
0.0010178546
1.8369603e-05
0.0010218531
1.9188817e-05
0.0010257166
1.8807081e-05
0.0010293144
1.7748786e-05
0.0010325985
1.6388659e-05
0.0010355896
1.5039774e-05
0.0010383423
1.3892892e-05
0.0010409157
1.3004828e-05
0.0010433635
1.2365923e-05
0.0010457321
1.1948465e-05
1.1721144e-05
0.0010480605
0.0010081889
2.8976692e-06
0.0010104144
8.2924386e-06
0.0010136833
1.234825e-05
0.0010174792
1.4573643e-05
0.0010214041
1.5263935e-05
0.0010252211
1.499009e-05
0.0010287975
1.4172401e-05
0.0010320791
1.3107028e-05
0.0010350782
1.2040703e-05
0.0010378429
1.1128198e-05
0.001040429
1.0418732e-05
0.0010428883
9.9065424e-06
0.0010452665
9.5702791e-06
9.3855147e-06
0.0010476022
0.0010081574
2.1476786e-06
0.0010103009
6.1489045e-06
0.0010134722
9.1770047e-06
0.0010171859
1.0859875e-05
0.0010210522
1.1397701e-05
0.001024832
1.1210246e-05
0.0010283909
1.061355e-05
0.0010316701
9.8277637e-06
0.0010346753
9.0355515e-06
0.0010374494
8.3541122e-06
0.0010400455
7.8226128e-06
0.0010425141
7.4378945e-06
0.0010449
7.1843914e-06
7.0441319e-06
0.0010472414
0.0010081344
1.4207118e-06
0.0010102185
4.0648144e-06
0.0010133176
6.0778576e-06
0.0010169701
7.2073843e-06
0.0010207925
7.5752866e-06
0.0010245445
7.4582631e-06
0.00102809
7.0680817e-06
0.0010313672
6.5505323e-06
0.0010343767
6.0259931e-06
0.0010371578
5.5730662e-06
0.0010397614
5.2190064e-06
0.001042237
4.9622907e-06
0.0010446287
4.7927109e-06
4.6984109e-06
0.0010469744
0.0010081186
7.0951112e-07
0.0010101647
2.0187147e-06
0.0010132166
3.026019e-06
0.0010168286
3.5953074e-06
0.0010206221
3.781814e-06
0.0010243556
3.7247421e-06
0.0010278921
3.5315917e-06
0.0010311678
3.2748185e-06
0.0010341802
3.0136632e-06
0.0010369657
2.7875148e-06
0.0010395742
2.6105282e-06
0.0010420543
2.4821458e-06
0.0010444498
2.3972338e-06
2.3498574e-06
0.0010467984
0.0010081169
0.0010101356
0.0010131616
0.001016757
0.0010205388
0.0010242635
0.0010277951
0.0010310699
0.0010340836
0.0010368711
0.0010394816
0.0010419638
0.001044361
0.0010467109
0.00021752585
1.0866549e-06
0.00021479076
2.7350905e-06
0.00021111236
3.6784028e-06
0.00020705566
4.0567013e-06
0.00020295537
4.1002842e-06
0.00019894419
4.0111769e-06
0.00019504062
3.9035684e-06
0.0001912099
3.8307268e-06
0.0001873802
3.8296984e-06
0.00018344371
3.9364896e-06
0.00017925529
4.1884182e-06
0.0001746162
4.6390888e-06
0.00016927796
5.3382387e-06
0.00016281734
6.4606209e-06
0.00015500481
7.8125304e-06
0.0001440532
1.0951603e-05
0.00013280377
1.1249424e-05
2.4478265e-05
0.00010832549
0.00061749085
1.4072967e-05
0.00060514984
1.5076097e-05
0.00059340086
1.5427391e-05
0.00058209011
1.5367444e-05
0.0005711746
1.5015793e-05
0.00056066513
1.452065e-05
0.00055053719
1.4031503e-05
0.00054071737
1.3650546e-05
0.00053108945
1.3457624e-05
0.00052149044
1.3535495e-05
0.00051169074
1.3988125e-05
0.000501391
1.4938824e-05
0.00049011991
1.660933e-05
0.00047740564
1.9174889e-05
0.0004619548
2.3263378e-05
0.00044373009
2.9176302e-05
0.00041744388
3.7535636e-05
5.6166838e-05
0.0003857553
0.00091576533
2.9154927e-05
0.00090121326
2.962817e-05
0.00088722247
2.9418175e-05
0.00087369722
2.88927e-05
0.00086058167
2.8131338e-05
0.00084786092
2.7241395e-05
0.00083550609
2.6386338e-05
0.00082345381
2.570282e-05
0.00081160478
2.5306662e-05
0.00079981645
2.5323822e-05
0.00078788551
2.5919061e-05
0.00077553015
2.7294185e-05
0.00076232764
2.9811844e-05
0.00074775799
3.3744532e-05
0.00073071427
4.0307102e-05
0.00071081057
4.908e-05
0.00068296525
6.5380952e-05
8.6791813e-05
0.00065234027
0.0010617699
3.6943046e-05
0.0010537203
3.7677823e-05
0.0010455058
3.7632677e-05
0.0010371354
3.7263124e-05
0.0010286076
3.6659056e-05
0.0010199492
3.5899879e-05
0.0010111854
3.5150144e-05
0.0010023179
3.4570307e-05
0.00099331852
3.4306013e-05
0.00098412222
3.4520118e-05
0.00097461347
3.5427812e-05
0.00096460801
3.7299645e-05
0.00095381677
4.0603085e-05
0.00094183052
4.573078e-05
0.00092789054
5.4247088e-05
0.00091144397
6.5526561e-05
0.00088924984
8.7575089e-05
0.00011189988
0.00086414176
0.0010973267
3.7655547e-05
0.0010962167
3.8787827e-05
0.001094705
3.9144421e-05
0.0010928002
3.9167888e-05
0.001090483
3.8976296e-05
0.0010877574
3.8625429e-05
0.0010846446
3.8263015e-05
0.0010811604
3.8054429e-05
0.0010773071
3.8159325e-05
0.0010730665
3.8760754e-05
0.0010683897
4.0104573e-05
0.0010631845
4.2504922e-05
0.001057292
4.6495528e-05
0.0010504657
5.2557083e-05
0.0010422857
6.2427063e-05
0.0010322551
7.5557189e-05
0.0010190838
0.00010074636
0.00012843802
0.0010025457
0.0010908502
3.5676679e-05
0.0010927554
3.6882711e-05
0.0010944681
3.743171e-05
0.0010959662
3.7669736e-05
0.0010972016
3.7740951e-05
0.0010981397
3.7687275e-05
0.0010987697
3.7633044e-05
0.0010990872
3.7736879e-05
0.0010990862
3.8160354e-05
0.0010987549
3.909204e-05
0.00109807
4.0789514e-05
0.0010969893
4.3585588e-05
0.0010954422
4.8042644e-05
0.0010933083
5.4691017e-05
0.0010904462
6.5289086e-05
0.0010864633
7.9540186e-05
0.0010816149
0.00010559471
0.0001362196
0.0010738333
0.0010804169
3.3597745e-05
0.0010826457
3.4653891e-05
0.0010848735
3.5203948e-05
0.0010870726
3.547065e-05
0.0010891998
3.5613764e-05
0.0010912135
3.5673564e-05
0.0010930917
3.5754834e-05
0.0010948211
3.6007455e-05
0.0010963899
3.6591605e-05
0.0010977861
3.7695766e-05
0.0010989963
3.9579349e-05
0.0011000019
4.2580006e-05
0.0011007824
4.7262166e-05
0.0011012897
5.4183734e-05
0.0011015673
6.501142e-05
0.0011013204
7.9787121e-05
0.0011016654
0.0001052497
0.00013756731
0.0011003177
0.0010740536
3.1833405e-05
0.001076004
3.2703501e-05
0.0010780036
3.3204272e-05
0.0010800277
3.3446552e-05
0.0010820504
3.3591066e-05
0.0010840407
3.3683272e-05
0.0010859821
3.3813448e-05
0.0010878664
3.4123112e-05
0.0010896872
3.4770843e-05
0.0010914388
3.5944155e-05
0.0010931173
3.7900859e-05
0.0010947188
4.0978465e-05
0.0010962514
4.5729604e-05
0.0010977044
5.2730689e-05
0.0010992149
6.3500973e-05
0.0011005875
7.8414513e-05
0.0011031636
0.00010267364
0.00013530593
0.0011054249
0.0010700474
3.0197632e-05
0.0010718434
3.0907557e-05
0.0010736853
3.1362355e-05
0.0010755454
3.1586417e-05
0.001077408
3.1728451e-05
0.0010792508
3.1840518e-05
0.0010810622
3.2002039e-05
0.0010828396
3.2345746e-05
0.0010845826
3.3027767e-05
0.0010862927
3.4234073e-05
0.0010879744
3.6219174e-05
0.0010896346
3.9318259e-05
0.0010912982
4.4066023e-05
0.0010929779
5.1050985e-05
0.0010948439
6.1635e-05
0.001096806
7.6452425e-05
0.0011000764
9.9403168e-05
0.00013132018
0.0011040622
0.0010668792
2.8580971e-05
0.0010686304
2.9156347e-05
0.0010704239
2.9568939e-05
0.0010722273
2.9782984e-05
0.0010740285
2.9927241e-05
0.0010758097
3.0059288e-05
0.0010775612
3.0250549e-05
0.0010792824
3.0624567e-05
0.0010809765
3.1333686e-05
0.0010826493
3.2561257e-05
0.0010843116
3.4556842e-05
0.0010859788
3.7651125e-05
0.001087687
4.2357781e-05
0.0010894687
4.9269272e-05
0.0010915021
5.9601601e-05
0.0010937962
7.4158309e-05
0.0010973465
9.5852912e-05
0.00012644388
0.0011022228
0.0010641401
2.6961172e-05
0.0010658745
2.7421944e-05
0.0010676514
2.7792058e-05
0.0010694367
2.7997717e-05
0.0010712194
2.8144554e-05
0.0010729851
2.8293533e-05
0.0010747252
2.8510468e-05
0.00107644
2.8909796e-05
0.0010781349
2.9638796e-05
0.0010798191
3.0876987e-05
0.0010815086
3.2867366e-05
0.0010832261
3.5933591e-05
0.0010850177
4.056617e-05
0.0010869347
4.7352302e-05
0.0010891581
5.7378223e-05
0.0010917799
7.1536531e-05
0.0010956137
9.2019068e-05
0.00012096012
0.0011010975
0.0010617568
2.5335838e-05
0.0010634791
2.5699696e-05
0.0010652438
2.6027324e-05
0.0010670178
2.6223738e-05
0.0010687908
2.6371555e-05
0.0010705516
2.6532738e-05
0.0010722929
2.6769128e-05
0.0010740162
2.7186478e-05
0.0010757291
2.7925941e-05
0.0010774441
2.9161953e-05
0.001079182
3.1129467e-05
0.001080973
3.4142574e-05
0.0010828724
3.8666814e-05
0.0010849493
4.5275376e-05
0.0010873882
5.4939309e-05
0.0010903449
6.8579889e-05
0.0010945043
8.7859666e-05
0.000114985
0.0011004794
0.001059685
2.3703318e-05
0.0010613984
2.3986357e-05
0.0010631528
2.4272923e-05
0.0010649176
2.4458898e-05
0.0010666832
2.4605949e-05
0.0010684412
2.4774795e-05
0.001070186
2.5024261e-05
0.0010719206
2.5451931e-05
0.0010736546
2.6191955e-05
0.001075404
2.7412476e-05
0.0010771945
2.9338978e-05
0.0010790635
3.2273643e-05
0.0010810747
3.6655525e-05
0.0010833138
4.3036271e-05
0.0010859692
5.2283955e-05
0.0010892428
6.5306313e-05
0.0010937292
8.3373246e-05
0.00010860242
0.0011001118
0.0010578799
2.2062096e-05
0.0010595877
2.2278555e-05
0.0010613341
2.2526558e-05
0.001063092
2.2701005e-05
0.0010648523
2.2845629e-05
0.0010666089
2.3018129e-05
0.0010683585
2.3274704e-05
0.0010701052
2.3705271e-05
0.0010718609
2.4436249e-05
0.001073645
2.5628329e-05
0.0010754877
2.7496243e-05
0.0010774333
3.0328071e-05
0.0010795537
3.4535135e-05
0.0010819485
4.0641475e-05
0.0010848101
4.9422335e-05
0.0010883727
6.1743689e-05
0.0010931646
7.8581355e-05
0.00010188321
0.0010998838
0.0010563036
2.0411355e-05
0.0010580086
2.0573561e-05
0.001059749
2.0786112e-05
0.0010615019
2.0948111e-05
0.0010632588
2.1088695e-05
0.0010650157
2.126127e-05
0.001066771
2.151943e-05
0.0010685304
2.194584e-05
0.001070308
2.2658607e-05
0.0010721265
2.3809899e-05
0.0010740202
2.5602482e-05
0.0010760399
2.8308425e-05
0.0010782648
3.2310213e-05
0.0010808067
3.8099594e-05
0.0010838616
4.6367446e-05
0.0010876851
5.7920183e-05
0.001092755
7.3511405e-05
9.4884151e-05
0.0010997541
0.001054926
1.8750823e-05
0.0010566302
1.8869361e-05
0.0010583665
1.904985e-05
0.0010601159
1.9198699e-05
0.0010618709
1.9333679e-05
0.0010636291
1.9503108e-05
0.0010653907
1.9757739e-05
0.0010671633
2.0173311e-05
0.0010689627
2.0859201e-05
0.0010708145
2.1958035e-05
0.0010727575
2.3659501e-05
0.001074848
2.6217944e-05
0.001077172
2.9986169e-05
0.0010798516
3.5420077e-05
0.0010830858
4.3133204e-05
0.0010871438
5.3862175e-05
0.0010924641
6.8191135e-05
8.7649911e-05
0.0010996983
0.0010537232
1.7080628e-05
0.0010554281
1.7164529e-05
0.0010571615
1.73164e-05
0.0010589086
1.7451628e-05
0.0010606628
1.7579471e-05
0.001062423
1.7742852e-05
0.0010641915
1.7989272e-05
0.0010659771
1.8387757e-05
0.0010677976
1.9038635e-05
0.0010696816
2.0074064e-05
0.0010716714
2.1669673e-05
0.0010738288
2.4060579e-05
0.0010762458
2.7569202e-05
0.0010790528
3.2613018e-05
0.0010824519
3.9734126e-05
0.0010867197
4.9594399e-05
0.0010922633
6.2647505e-05
8.0216454e-05
0.0010996967
0.0010526759
1.5401216e-05
0.0010543824
1.5458062e-05
0.0010561141
1.5584681e-05
0.0010578597
1.5706021e-05
0.0010596139
1.5825317e-05
0.0010613767
1.5979994e-05
0.0010631521
1.6213924e-05
0.0010649502
1.6589595e-05
0.001066791
1.719785e-05
0.0010687053
1.8159771e-05
0.0010707391
1.9635879e-05
0.0010729588
2.1840918e-05
0.0010754618
2.5066173e-05
0.0010783858
2.9689043e-05
0.0010819347
3.618514e-05
0.0010863889
4.5140213e-05
0.00109213
5.6906417e-05
7.2613727e-05
0.0010997327
0.0010517685
1.3713113e-05
0.0010534771
1.3749406e-05
0.001055208
1.3853848e-05
0.0010569528
1.3961236e-05
0.0010587074
1.4070662e-05
0.0010604732
1.4214238e-05
0.0010622552
1.4431896e-05
0.0010640654
1.4779399e-05
0.0010659251
1.5338178e-05
0.0010678675
1.6217279e-05
0.0010699419
1.7561487e-05
0.0010722189
1.9563963e-05
0.0010748006
2.2484475e-05
0.0010778304
2.6659234e-05
0.0010815141
3.2501425e-05
0.0010861327
4.0521668e-05
0.0010920466
5.0992504e-05
6.4867506e-05
0.0010997928
0.0010509882
1.2017096e-05
0.0010526994
1.2038184e-05
0.0010544299
1.2123338e-05
0.0010561744
1.2216794e-05
0.0010579298
1.2315167e-05
0.0010596986
1.2445519e-05
0.001061487
1.2643434e-05
0.0010633083
1.2958094e-05
0.0010651854
1.3461107e-05
0.0010671536
1.424906e-05
0.0010692649
1.5450184e-05
0.0010715937
1.7235186e-05
0.0010742462
1.9832021e-05
0.0010773705
2.3534904e-05
0.0010811737
2.8698237e-05
0.0010859356
3.5759739e-05
0.001091999
4.492908e-05
5.7000316e-05
0.0010998662
0.0010503247
1.031398e-05
0.0010520386
1.0324366e-05
0.0010537692
1.0392723e-05
0.0010555136
1.0472345e-05
0.0010572702
1.0558624e-05
0.0010590418
1.0673884e-05
0.0010608361
1.0849096e-05
0.0010626675
1.1126701e-05
0.0010645603
1.1568381e-05
0.0010665515
1.2257811e-05
0.0010686957
1.3305975e-05
0.0010710705
1.4860431e-05
0.0010737855
1.7116954e-05
0.0010769928
2.0327603e-05
0.0010809002
2.4790877e-05
0.0010857855
3.0874405e-05
0.0010919765
3.8738126e-05
4.9032057e-05
0.0010999447
0.0010497698
8.6046612e-06
0.0010514862
8.6080273e-06
0.0010532172
8.6617314e-06
0.0010549618
8.7277063e-06
0.0010567194
8.8009833e-06
0.0010584938
8.8995229e-06
0.0010602934
9.0494731e-06
0.0010621337
9.2864075e-06
0.0010640401
9.6619672e-06
0.0010660515
1.0246444e-05
0.0010682244
1.1133116e-05
0.001070639
1.2445769e-05
0.0010734082
1.4347825e-05
0.0010766867
1.7049012e-05
0.0010806831
2.0794547e-05
0.0010856727
2.5884822e-05
0.0010919704
3.2440355e-05
4.0980577e-05
0.0011000219
0.0010493167
6.8900958e-06
0.0010510354
6.8893869e-06
0.0010527669
6.9302393e-06
0.0010545118
6.9827482e-06
0.0010562705
7.0422618e-06
0.0010580473
7.1227741e-06
0.0010598515
7.2452974e-06
0.0010616993
7.4385255e-06
0.0010636174
7.7438952e-06
0.0010656458
8.2180457e-06
0.0010678428
8.9360754e-06
0.0010702911
9.997526e-06
0.0010731056
1.1533344e-05
0.0010764436
1.3710961e-05
0.0010805138
1.6724317e-05
0.0010855892
2.0809419e-05
0.0010919742
2.6055431e-05
3.2861764e-05
0.001100093
0.0010489602
5.1712654e-06
0.0010506808
5.1688232e-06
0.0010524128
5.1981957e-06
0.0010541581
5.2374418e-06
0.0010559178
5.282614e-06
0.0010576966
5.3439702e-06
0.0010595045
5.4373496e-06
0.0010613586
5.5844613e-06
0.0010632861
5.8163906e-06
0.0010653283
6.1758715e-06
0.0010675449
6.7194779e-06
0.0010700202
7.5222515e-06
0.0010728711
8.6823998e-06
0.0010762568
1.0325258e-05
0.0010803859
1.2595242e-05
0.0010855293
1.5666016e-05
0.0010919826
1.9602095e-05
2.4690402e-05
0.001100154
0.0010486964
3.449236e-06
0.0010504186
3.4466933e-06
0.001052151
3.465737e-06
0.0010538967
3.491809e-06
0.0010556571
3.5222027e-06
0.0010574374
3.5635882e-06
0.0010592482
3.6265715e-06
0.001061107
3.7256808e-06
0.0010630417
3.8817396e-06
0.0010650943
4.1232456e-06
0.0010673256
4.4881412e-06
0.0010698213
5.0265433e-06
0.0010726997
5.8039948e-06
0.0010761212
6.9038309e-06
0.0010802943
8.4221198e-06
0.0010854883
1.0472019e-05
0.001091992
1.3098331e-05
1.6478907e-05
0.0011002035
0.0010485225
1.7251133e-06
0.0010502456
1.7235875e-06
0.0010519784
1.7329252e-06
0.0010537242
1.7459883e-06
0.0010554851
1.7612924e-06
0.0010572666
1.7821282e-06
0.0010590793
1.8138594e-06
0.0010609412
1.8637793e-06
0.0010628807
1.942251e-06
0.0010649403
2.0636264e-06
0.0010671816
2.2468968e-06
0.001069691
2.5171379e-06
0.0010725877
2.9072514e-06
0.001076033
3.45851e-06
0.0010802355
4.2196164e-06
0.0010854632
5.2443142e-06
0.0010919999
6.561638e-06
8.2388653e-06
0.00110024
0.001048436
0.0010501596
0.0010518925
0.0010536385
0.0010553998
0.0010571819
0.0010589958
0.0010608595
0.0010628018
0.0010648654
0.0010671123
0.0010696294
0.0010725367
0.0010759952
0.0010802148
0.0010854591
0.0010920208
0.0011002596
0.00013230547
-2.3979983e-05
0.0001540843
-2.1778839e-05
0.00017313443
-1.9050137e-05
0.0001903158
-1.7181382e-05
0.00020618437
-1.5868569e-05
0.00022093585
-1.4751479e-05
0.00023463976
-1.370391e-05
-1.3071487e-05
0.00024771124
0.00040368204
-4.190673e-05
0.00042234327
-4.0440074e-05
0.00044107626
-3.7783126e-05
0.00045913502
-3.5240145e-05
0.00047633736
-3.3070916e-05
0.00049267796
-3.1092077e-05
0.0005082066
-2.9232551e-05
-2.7587781e-05
0.00052272289
0.00066480027
-5.4366732e-05
0.00067700598
-5.2645789e-05
0.00068939722
-5.0174367e-05
0.00070151897
-4.7361897e-05
0.00071310546
-4.4657408e-05
0.00072413319
-4.2119804e-05
0.00073464079
-3.9740153e-05
-3.7458721e-05
0.00074451173
0.00087080548
-6.1030451e-05
0.00087693354
-5.8773854e-05
0.00088310409
-5.6344915e-05
0.00088923784
-5.3495653e-05
0.0008951426
-5.0562173e-05
0.0009007756
-4.7752798e-05
0.00090615902
-4.5123573e-05
-4.2541138e-05
0.00091124143
0.0010043343
-6.2819067e-05
0.001005743
-6.0182594e-05
0.0010071139
-5.7715746e-05
0.001008579
-5.4960776e-05
0.0010100766
-5.20598e-05
0.0010115675
-4.9243675e-05
0.0010130512
-4.6607249e-05
-4.4025608e-05
0.0010145356
0.0010724584
-6.1444122e-05
0.001070989
-5.8713177e-05
0.0010695104
-5.6237172e-05
0.0010682
-5.3650368e-05
0.0010670897
-5.0949556e-05
0.0010661533
-4.830722e-05
0.0010653697
-4.5823639e-05
-4.3418474e-05
0.0010647625
0.0010974018
-5.8528236e-05
0.0010946357
-5.5947096e-05
0.0010919511
-5.355255e-05
0.0010894675
-5.116679e-05
0.0010872465
-4.8728544e-05
0.0010852739
-4.6334664e-05
0.001083519
-4.4068692e-05
-4.189386e-05
0.0010819944
0.0011020066
-5.5109897e-05
0.0010988632
-5.2803662e-05
0.0010958865
-5.0575889e-05
0.0010931189
-4.8399213e-05
0.0010906097
-4.621929e-05
0.0010883534
-4.4078363e-05
0.001086321
-4.2036293e-05
-4.0083791e-05
0.0010845109
0.0011006099
-5.1657612e-05
0.0010974498
-4.9643577e-05
0.0010945019
-4.7627988e-05
0.0010917604
-4.5657725e-05
0.00108925
-4.3708902e-05
0.0010869689
-4.1797226e-05
0.0010848945
-3.9961929e-05
-3.8205612e-05
0.0010830163
0.0010988776
-4.8312388e-05
0.0010957877
-4.6553719e-05
0.0010929158
-4.4756107e-05
0.0010902416
-4.298351e-05
0.0010877708
-4.123812e-05
0.0010855016
-3.9527993e-05
0.0010834181
-3.7878425e-05
-3.6295357e-05
0.0010815078
0.0010978743
-4.5089183e-05
0.0010948602
-4.3539685e-05
0.0010920473
-4.1943177e-05
0.0010894186
-4.0354785e-05
0.0010869708
-3.879034e-05
0.0010847009
-3.7258135e-05
0.001082598
-3.5775456e-05
-3.4348309e-05
0.0010806509
0.0010973613
-4.197114e-05
0.0010944158
-4.0594144e-05
0.0010916478
-3.9175156e-05
0.0010890479
-3.7754871e-05
0.0010866106
-3.6353101e-05
0.0010843322
-3.4979727e-05
0.0010822045
-3.364777e-05
-3.2362601e-05
0.0010802188
0.0010970792
-3.8938584e-05
0.0010941938
-3.7708712e-05
0.0010914639
-3.6445281e-05
0.0010888858
-3.5176749e-05
0.0010864548
-3.3922081e-05
0.0010841669
-3.2691846e-05
0.0010820158
-3.1496696e-05
-3.0341449e-05
0.0010799947
0.00109692
-3.5974768e-05
0.0010940858
-3.4874451e-05
0.0010913891
-3.3748597e-05
0.0010888292
-3.2616881e-05
0.0010864029
-3.1495756e-05
0.0010841065
-3.0395494e-05
0.001081935
-2.9325176e-05
-2.8289207e-05
0.0010798828
0.0010968454
-3.3066089e-05
0.0010940535
-3.2082543e-05
0.001091385
-3.1080065e-05
0.0010888404
-3.0072283e-05
0.0010864176
-2.907297e-05
0.0010841136
-2.8091508e-05
0.0010819242
-2.7135753e-05
-2.6209763e-05
0.0010798447
0.0010968338
-3.0201616e-05
0.0010940763
-2.9325047e-05
0.001091431
-2.8434723e-05
0.0010888988
-2.7540094e-05
0.0010864784
-2.665255e-05
0.0010841673
-2.5780384e-05
0.0010819619
-2.4930393e-05
-2.4106295e-05
0.0010798584
0.0010968677
-2.7372602e-05
0.0010941379
-2.6595259e-05
0.0010915113
-2.5808088e-05
0.0010889889
-2.5017684e-05
0.0010865697
-2.4233394e-05
0.0010842518
-2.3462407e-05
0.001082032
-2.271064e-05
-2.1981428e-05
0.0010799071
0.0010969322
-2.4572084e-05
0.0010942246
-2.3887676e-05
0.0010916129
-2.3196382e-05
0.001089098
-2.2502765e-05
0.0010866791
-2.1814511e-05
0.0010843546
-2.113787e-05
0.0010821217
-2.047778e-05
-1.9837373e-05
0.0010799777
0.0010970153
-2.179461e-05
0.0010943255
-2.1197886e-05
0.0010917256
-2.0596465e-05
0.0010892163
-1.9993443e-05
0.001086797
-1.9395221e-05
0.0010844661
-1.8806991e-05
0.0010822214
-1.8233064e-05
-1.7676141e-05
0.0010800602
0.0010971074
-1.9035793e-05
0.0010944318
-1.8522333e-05
0.0010918412
-1.8005819e-05
0.001089336
-1.7488267e-05
0.0010869157
-1.6974937e-05
0.001084579
-1.6470215e-05
0.0010823236
-1.5977691e-05
-1.5499659e-05
0.0010801471
0.0010972009
-1.6291969e-05
0.0010945367
-1.5858165e-05
0.0010919534
-1.5422425e-05
0.0010894512
-1.4986085e-05
0.0010870296
-1.455341e-05
0.0010846874
-1.4128018e-05
0.0010824226
-1.3712844e-05
-1.3309888e-05
0.0010802328
0.0010972901
-1.3560162e-05
0.0010946349
-1.3202958e-05
0.0010920571
-1.284462e-05
0.001089557
-1.2485993e-05
0.0010871341
-1.21305e-05
0.001084787
-1.1780995e-05
0.0010825141
-1.1439861e-05
-1.1108752e-05
0.0010803129
0.0010973706
-1.0837754e-05
0.0010947223
-1.0554676e-05
0.0010921487
-1.027104e-05
0.0010896501
-9.9873506e-06
0.0010872258
-9.7062003e-06
0.0010848746
-9.4297893e-06
0.0010825947
-9.1599787e-06
-8.8981337e-06
0.0010803841
0.0010974387
-8.1224403e-06
0.0010947955
-7.9115267e-06
0.0010922251
-7.7005877e-06
0.0010897274
-7.489744e-06
0.0010873019
-7.2806872e-06
0.0010849473
-7.0751946e-06
0.001082662
-6.8745985e-06
-6.6799186e-06
0.0010804437
0.0010974927
-5.4116321e-06
0.0010948529
-5.2717131e-06
0.0010922845
-5.1322051e-06
0.0010897874
-4.9926578e-06
0.0010873609
-4.8541598e-06
0.0010850037
-4.7179716e-06
0.0010827141
-4.5850676e-06
-4.4559144e-06
0.0010804901
0.0010975312
-2.7028609e-06
0.0010948938
-2.6342835e-06
0.0010923269
-2.5653873e-06
0.0010898303
-2.4960159e-06
0.0010874031
-2.4269968e-06
0.0010850443
-2.3590951e-06
0.0010827519
-2.2927279e-06
-2.227856e-06
0.0010805239
0.0010975568
0.0010949225
0.0010923571
0.0010898611
0.0010874341
0.001085075
0.0010827823
0.0010805544
0.00027090058
-2.3189338e-05
0.00028805989
-1.7159324e-05
0.00030091319
-1.2853306e-05
0.00031115159
-1.0238409e-05
0.00032038449
-9.232917e-06
0.00033027968
-9.8951986e-06
0.00034424412
-1.396444e-05
-2.0261561e-05
0.00036450568
0.00055579869
-5.6265142e-05
0.00058294761
-4.4308246e-05
0.00060537949
-3.5285201e-05
0.00062445393
-2.9312856e-05
0.00064184939
-2.6628384e-05
0.00065866158
-2.67074e-05
0.00067888371
-3.4186573e-05
-4.1493555e-05
0.00070011571
0.00076738773
-7.9141144e-05
0.00078668561
-6.3606134e-05
0.00080318252
-5.1782114e-05
0.00081776501
-4.3895351e-05
0.00083149744
-4.0360819e-05
0.00084529854
-4.0508507e-05
0.0008609172
-4.980523e-05
-5.8765445e-05
0.00087818909
0.00092298937
-9.0889077e-05
0.00093297926
-7.3596028e-05
0.0009416602
-6.0463061e-05
0.00094954434
-5.17795e-05
0.00095724358
-4.8060063e-05
0.00096539837
-4.8663306e-05
0.00097456273
-5.8969593e-05
-6.9365555e-05
0.00098516285
0.001018221
-9.4574482e-05
0.0010215849
-7.6959892e-05
0.001024776
-6.3654194e-05
0.0010279572
-5.4960628e-05
0.0010313472
-5.1450127e-05
0.0010353143
-5.2630421e-05
0.0010396097
-6.3264991e-05
-7.5112411e-05
0.0010453566
0.0010639555
-9.3767412e-05
0.0010637287
-7.6733101e-05
0.0010640152
-6.3940773e-05
0.0010647449
-5.5690285e-05
0.0010658621
-5.2567309e-05
0.0010675301
-5.4298435e-05
0.0010690336
-6.4768469e-05
-7.7955056e-05
0.0010718762
0.0010793117
-9.1084775e-05
0.001077626
-7.5047366e-05
0.0010767497
-6.3064437e-05
0.0010764956
-5.5436268e-05
0.0010766618
-5.2733521e-05
0.0010772688
-5.4905374e-05
0.0010774414
-6.494108e-05
-7.9015259e-05
0.0010785016
0.0010812433
-8.7817137e-05
0.0010790975
-7.2901592e-05
0.0010778279
-6.1794877e-05
0.0010772072
-5.4815508e-05
0.0010769744
-5.25008e-05
0.0010770473
-5.4978216e-05
0.0010765782
-6.4472009e-05
-7.8829434e-05
0.0010763924
0.0010795487
-8.4349473e-05
0.0010772069
-7.055984e-05
0.0010757223
-6.0310222e-05
0.0010748576
-5.3950865e-05
0.0010743352
-5.1978412e-05
0.0010739954
-5.463842e-05
0.0010730856
-6.3562226e-05
-7.767307e-05
0.0010719293
0.0010778732
-8.0714827e-05
0.0010753344
-6.8021078e-05
0.0010736159
-5.8591708e-05
0.0010724778
-5.2812777e-05
0.0010716394
-5.114002e-05
0.0010708843
-5.3883319e-05
0.001069556
-6.2233939e-05
-7.5735925e-05
0.0010676189
0.0010768297
-7.6893637e-05
0.0010740657
-6.5257087e-05
0.0010720854
-5.6611384e-05
0.0010706466
-5.1374004e-05
0.0010694693
-4.9962714e-05
0.0010682981
-5.2712136e-05
0.0010665544
-6.0490257e-05
-7.3175088e-05
0.0010639936
0.0010762127
-7.2887462e-05
0.0010732204
-6.2264833e-05
0.0010709764
-5.436741e-05
0.0010692369
-4.9634494e-05
0.0010677238
-4.8449574e-05
0.0010661575
-5.1145894e-05
0.0010640205
-5.8353239e-05
-7.0118469e-05
0.0010609639
0.0010758188
-6.8711644e-05
0.0010726104
-5.9056352e-05
0.001070115
-5.1872105e-05
0.0010680889
-4.7608397e-05
0.0010662571
-4.6617723e-05
0.0010643273
-4.9216103e-05
0.0010618311
-5.5857055e-05
-6.6664328e-05
0.001058377
0.0010755545
-6.4383351e-05
0.0010721455
-5.5647375e-05
0.0010694149
-4.9141499e-05
0.0010671205
-4.5313965e-05
0.0010649914
-4.4488717e-05
0.0010627313
-4.6955923e-05
0.0010599126
-5.3038418e-05
-6.2886574e-05
0.0010561349
0.0010753795
-5.9918097e-05
0.0010717859
-5.2053781e-05
0.0010688367
-4.6192289e-05
0.0010662931
-4.2770445e-05
0.0010638897
-4.2085284e-05
0.001061331
-4.4397263e-05
0.0010582251
-4.9932475e-05
-5.8841447e-05
0.00105418
0.0010752702
-5.532989e-05
0.0010715077
-4.8291272e-05
0.0010683569
-4.304147e-05
0.0010655839
-3.9997494e-05
0.0010629292
-3.9430534e-05
0.0010601023
-4.1570408e-05
0.0010567418
-4.6571901e-05
-5.4572943e-05
0.0010524733
0.001075209
-5.063174e-05
0.0010712931
-4.4375388e-05
0.001067958
-3.9706339e-05
0.0010649756
-3.7015122e-05
0.0010620927
-3.6547615e-05
0.0010590263
-3.8504038e-05
0.0010554412
-4.2986842e-05
-5.0116329e-05
0.0010509846
0.0010751818
-4.5835863e-05
0.0010711279
-4.0321502e-05
0.0010676259
-3.6204313e-05
0.0010644541
-3.3843399e-05
0.0010613661
-3.3459576e-05
0.0010580873
-3.522522e-05
0.0010543055
-3.9205026e-05
-4.5500603e-05
0.0010496897
0.001075178
-4.0953677e-05
0.0010710011
-3.6144643e-05
0.0010673496
-3.2552859e-05
0.0010640086
-3.0502336e-05
0.001060738
-3.0189025e-05
0.0010572724
-3.1759586e-05
0.0010533194
-3.525202e-05
-4.075017e-05
0.001048569
0.0010751894
-3.5995945e-05
0.0010709042
-3.1859475e-05
0.0010671206
-2.8769292e-05
0.00106363
-2.701177e-05
0.0010601991
-2.6758102e-05
0.001056571
-2.8131447e-05
0.0010524703
-3.1151363e-05
-3.5885952e-05
0.0010476061
0.0010752098
-3.0972879e-05
0.0010708306
-2.7480328e-05
0.0010669321
-2.4870764e-05
0.0010633116
-2.3391282e-05
0.0010597418
-2.3188376e-05
0.0010559742
-2.4363812e-05
0.0010517478
-2.692497e-05
-3.0926322e-05
0.0010467882
0.0010752343
-2.5894297e-05
0.0010707753
-2.3021253e-05
0.0010667787
-2.0874257e-05
0.0010630476
-1.96601e-05
0.0010593601
-1.9500878e-05
0.0010554749
-2.0478632e-05
0.0010511433
-2.2593346e-05
-2.5887669e-05
0.0010461046
0.0010752595
-2.0769758e-05
0.0010707343
-1.8496021e-05
0.0010666565
-1.6796495e-05
0.0010628336
-1.5837209e-05
0.0010590488
-1.5716131e-05
0.0010550671
-1.6496924e-05
0.0010506495
-1.817574e-05
-2.0785085e-05
0.001045547
0.0010752826
-1.5608659e-05
0.0010707048
-1.3918213e-05
0.0010665623
-1.265401e-05
0.0010626664
-1.194132e-05
0.0010588044
-1.1854159e-05
0.0010547465
-1.2438955e-05
0.0010502612
-1.3690503e-05
-1.5632512e-05
0.0010451087
0.0010753019
-1.042044e-05
0.0010706851
-9.3013716e-06
0.0010664942
-8.4631945e-06
0.0010625439
-7.9909624e-06
0.0010586244
-7.9347131e-06
0.0010545098
-8.3243466e-06
0.0010499745
-9.1552197e-06
-1.0443283e-05
0.0010447853
0.0010753178
-5.2143561e-06
0.0010706755
-4.6591089e-06
0.0010664527
-4.2404475e-06
0.0010624663
-4.0045833e-06
0.0010585089
-3.9772926e-06
0.0010543569
-4.1723607e-06
0.0010497886
-4.5868345e-06
-5.2298907e-06
0.0010445752
0.0010753401
0.001070681
0.0010664405
0.0010624359
0.0010584586
0.0010542863
0.0010496994
0.0010444695
0.00027195661
9.2549087e-05
0.00022863724
4.3319369e-05
0.00021182155
1.6815697e-05
0.00020732384
4.4977055e-06
0.00020659968
7.241567e-07
0.00020660085
-1.1745199e-09
0.00020661032
-9.4511036e-09
0.00020638908
2.21253e-07
0.00020589441
4.9467588e-07
0.00020521257
6.8185206e-07
0.00020443754
7.7502625e-07
0.00020362429
8.1324297e-07
0.0002028017
8.2260852e-07
0.00020198771
8.1398771e-07
0.00020119407
7.9362301e-07
0.00020042747
7.6657078e-07
0.00019969086
7.3660819e-07
0.00019898492
7.0592958e-07
0.00019830919
6.7571591e-07
0.00019766384
6.4531774e-07
0.00019704654
6.1728412e-07
0.00019646189
5.8463485e-07
0.00019588934
5.7253394e-07
0.00019538022
5.0911829e-07
0.00019475373
6.2648368e-07
0.00019449386
2.5985208e-07
0.00019309586
1.3979549e-06
-1.2263537e-06
0.00065211441
0.00014055039
0.00061512918
8.0304601e-05
0.00058543929
4.6505593e-05
0.000565069
2.4867991e-05
0.00055216772
1.3625438e-05
0.00054364455
8.5219838e-06
0.00053757935
6.0557639e-06
0.00053297398
4.8266322e-06
0.00052922422
4.2444548e-06
0.00052596886
3.9372093e-06
0.00052302036
3.7235339e-06
0.00052028591
3.5476918e-06
0.00051771658
3.3919547e-06
0.00051528546
3.2451106e-06
0.00051297768
3.1013805e-06
0.00051078424
2.9599747e-06
0.0005086985
2.8223518e-06
0.00050671447
2.6899372e-06
0.00050482679
2.5633833e-06
0.0005030299
2.4421746e-06
0.00050131969
2.3274784e-06
0.00049968863
2.2156728e-06
0.00049813504
2.126106e-06
0.00049664469
1.9994634e-06
0.00049519609
2.0750668e-06
0.0004938693
1.5866241e-06
0.00049209357
3.1736466e-06
-8.2983546e-07
0.00085816647
0.00016057302
0.00084096078
9.7510287e-05
0.00082347377
6.3992604e-05
0.00080809809
4.0243667e-05
0.00079606437
2.5659164e-05
0.0007865948
1.7991553e-05
0.00077885009
1.3800476e-05
0.00077234593
1.1330799e-05
0.00076674095
9.8494403e-06
0.00076177732
8.9008377e-06
0.00075728544
8.2154209e-06
0.00075315935
7.6737828e-06
0.00074932899
7.2223161e-06
0.0007457457
6.8284002e-06
0.00074237517
6.4719025e-06
0.00073919249
6.1426384e-06
0.0007361787
5.8361419e-06
0.00073331862
5.5500183e-06
0.00073059975
5.2822443e-06
0.00072801131
5.0305993e-06
0.00072554447
4.7943206e-06
0.0007231897
4.5704329e-06
0.00072094084
4.3749633e-06
0.00071878508
4.1552288e-06
0.00071670795
4.1521989e-06
0.0007147351
3.5594697e-06
0.00071261796
5.2907684e-06
6.6454957e-07
0.00097611457
0.0001696213
0.00096757
0.00010605486
0.00095855247
7.3010136e-05
0.00094966712
4.9129013e-05
0.00094211851
3.3207772e-05
0.00093579381
2.4316246e-05
0.0009302822
1.93121e-05
0.00092536253
1.6250479e-05
0.00092088862
1.4323353e-05
0.0009167368
1.3052665e-05
0.00091282422
1.2128007e-05
0.00090910411
1.1393894e-05
0.00090554882
1.0777618e-05
0.00090214027
1.023694e-05
0.00089886633
9.74584e-06
0.00089571842
9.2905211e-06
0.00089269004
8.8645206e-06
0.00088977559
8.4644509e-06
0.00088697004
8.0877802e-06
0.00088426854
7.7320725e-06
0.00088166655
7.3963014e-06
0.00087915954
7.0774232e-06
0.00087674264
6.7918541e-06
0.00087441191
6.485949e-06
0.00087215239
6.4117168e-06
0.00086998661
5.7252382e-06
0.00086780529
7.4720702e-06
2.6411949e-06
0.0010431655
0.00017181243
0.001039008
0.00011021236
0.0010343347
7.768337e-05
0.0010291747
5.4289066e-05
0.001024555
3.7827485e-05
0.0010206587
2.8212497e-05
0.0010172429
2.2727907e-05
0.0010141571
1.9336239e-05
0.0010113119
1.7168641e-05
0.0010086238
1.5740699e-05
0.0010060332
1.4718648e-05
0.0010035078
1.3919266e-05
0.0010010318
1.3253638e-05
0.00099859718
1.2671551e-05
0.0009962008
1.2142218e-05
0.00099384244
1.1648885e-05
0.00099152342
1.1183534e-05
0.00098924561
1.0742258e-05
0.00098701071
1.0322681e-05
0.00098482006
9.9227173e-06
0.0009826745
9.5418607e-06
0.00098057515
9.1767725e-06
0.00097852134
8.8456628e-06
0.00097651585
8.4914479e-06
0.00097455129
8.3762829e-06
0.00097263889
7.637645e-06
0.0009707955
9.3154442e-06
4.5893564e-06
0.0010749837
0.00016870495
0.0010742946
0.0001109015
0.0010727146
7.9263277e-05
0.0010701635
5.6840192e-05
0.0010675436
4.0447443e-05
0.0010652876
3.0468488e-05
0.0010633196
2.469588e-05
0.0010615532
2.1102635e-05
0.0010599415
1.8780384e-05
0.0010584301
1.7252102e-05
0.0010569718
1.6176946e-05
0.0010555383
1.5352734e-05
0.0010541144
1.4677589e-05
0.0010526913
1.4094636e-05
0.0010512647
1.3568837e-05
0.0010498332
1.3080344e-05
0.0010483976
1.2619116e-05
0.0010469597
1.2180171e-05
0.0010455215
1.1760862e-05
0.001044085
1.1359151e-05
0.001042652
1.0974807e-05
0.0010412251
1.0603747e-05
0.0010398052
1.0265507e-05
0.0010383968
9.8998454e-06
0.0010370023
9.7708144e-06
0.0010356101
9.0297993e-06
0.0010343621
1.0563411e-05
6.1800905e-06
0.001084989
0.00016221758
0.0010867872
0.00010910327
0.0010874374
7.8613094e-05
0.0010868865
5.7391037e-05
0.0010858466
4.148738e-05
0.0010848794
3.1435683e-05
0.0010840393
2.5535981e-05
0.0010832922
2.1849707e-05
0.0010826266
1.9446033e-05
0.0010820164
1.7862255e-05
0.0010814306
1.6762832e-05
0.0010808482
1.593507e-05
0.0010802579
1.5267946e-05
0.0010796523
1.4700151e-05
0.0010790274
1.4193769e-05
0.0010783812
1.3726575e-05
0.0010777135
1.3286792e-05
0.0010770252
1.2868428e-05
0.0010763176
1.2468543e-05
0.0010755916
1.2085099e-05
0.0010748485
1.1717975e-05
0.00107409
1.1362237e-05
0.0010733176
1.1037855e-05
0.0010725342
1.0683301e-05
0.0010717513
1.0553659e-05
0.0010709322
9.8489226e-06
0.0010703177
1.1177944e-05
7.2876374e-06
0.0010845486
0.00015406133
0.0010877781
0.00010587378
0.0010897349
7.6656258e-05
0.0010904925
5.6633517e-05
0.0010905576
4.1422272e-05
0.0010905134
3.1479827e-05
0.0010904943
2.5555083e-05
0.0010904964
2.184765e-05
0.0010905268
1.9415626e-05
0.0010905788
1.7810306e-05
0.0010906334
1.6708206e-05
0.0010906764
1.5892062e-05
0.0010906999
1.5244433e-05
0.0010906991
1.4700958e-05
0.0010906709
1.4221999e-05
0.0010906138
1.3783604e-05
0.0010905279
1.3372676e-05
0.0010904139
1.298242e-05
0.0010902727
1.2609771e-05
0.001090105
1.2252738e-05
0.0010899116
1.1911359e-05
0.0010896938
1.1580077e-05
0.0010894533
1.1278338e-05
0.0010891907
1.0945866e-05
0.0010889254
1.0819016e-05
0.0010886007
1.0173567e-05
0.0010885139
1.1264728e-05
7.9286505e-06
0.0010807018
0.0001452888
0.0010846635
0.00010191212
0.0010872587
7.4061066e-05
0.0010887435
5.514868e-05
0.0010894646
4.0701232e-05
0.0010899715
3.0972933e-05
0.0010904476
2.5078966e-05
0.001090908
2.1387219e-05
0.0010913679
1.8955738e-05
0.0010918318
1.7346434e-05
0.001092289
1.6250999e-05
0.0010927292
1.5451868e-05
0.0010931467
1.4826937e-05
0.0010935379
1.4309744e-05
0.0010939004
1.3859472e-05
0.0010942331
1.345091e-05
0.0010945359
1.3069827e-05
0.0010948095
1.270886e-05
0.0010950545
1.2364786e-05
0.0010952715
1.2035717e-05
0.0010954611
1.1721817e-05
0.001095624
1.1417161e-05
0.0010957624
1.1139939e-05
0.001095875
1.083325e-05
0.001095986
1.0708086e-05
0.0010960284
1.013112e-05
0.0010963125
1.0980628e-05
8.1891294e-06
0.0010765263
0.00013638135
0.0010809048
9.7533634e-05
0.0010838127
7.1153156e-05
0.0010856898
5.327162e-05
0.0010867827
3.9608297e-05
0.0010875884
3.0167262e-05
0.0010883236
2.4343756e-05
0.0010890209
2.0689953e-05
0.0010897002
1.8276411e-05
0.001090374
1.6672656e-05
0.0010910382
1.5586771e-05
0.0010916858
1.4804336e-05
0.0010923125
1.4200259e-05
0.0010929157
1.3706511e-05
0.0010934935
1.3281654e-05
0.0010940448
1.2899574e-05
0.0010945695
1.2545173e-05
0.0010950677
1.2210556e-05
0.0010955401
1.1892375e-05
0.001095987
1.1588821e-05
0.0010964087
1.1300106e-05
0.0010968057
1.1020204e-05
0.0010971801
1.0765494e-05
0.0010975295
1.0483858e-05
0.0010978797
1.0357856e-05
0.0010981626
9.8482681e-06
0.0010986676
1.0475597e-05
8.1726505e-06
0.0010728617
0.00012751325
0.0010775515
9.2843862e-05
0.0010806673
6.8037342e-05
0.0010827951
5.1143793e-05
0.0010841321
3.8271293e-05
0.0010851188
2.9180567e-05
0.0010859949
2.3467682e-05
0.0010868117
1.987321e-05
0.0010875942
1.7493851e-05
0.0010883616
1.5905279e-05
0.0010891161
1.483222e-05
0.0010898541
1.4066359e-05
0.0010905731
1.348124e-05
0.0010912717
1.300794e-05
0.0010919485
1.2604816e-05
0.0010926028
1.2245298e-05
0.0010932344
1.1913625e-05
0.0010938434
1.1601536e-05
0.0010944303
1.1305527e-05
0.0010949952
1.1023855e-05
0.0010955386
1.0756731e-05
0.0010960606
1.0498272e-05
0.0010965633
1.0262757e-05
0.0010970437
1.000352e-05
0.0010975269
9.8746257e-06
0.0010979498
9.4253447e-06
0.0010985619
9.8635021e-06
7.9708298e-06
0.0010697341
0.00011874299
0.0010746952
8.7882845e-05
0.0010780002
6.4732315e-05
0.0010803298
4.8814214e-05
0.0010818656
3.6735436e-05
0.0010829947
2.8051454e-05
0.0010839703
2.249213e-05
0.0010848627
1.8980814e-05
0.0010857031
1.665345e-05
0.0010865164
1.5092019e-05
0.0010873109
1.4037678e-05
0.0010880866
1.3290625e-05
0.0010888431
1.2724762e-05
0.0010895802
1.2270854e-05
0.0010902975
1.1887566e-05
0.0010909945
1.154821e-05
0.0010916715
1.1236692e-05
0.0010923285
1.094444e-05
0.0010929662
1.0667888e-05
0.0010935847
1.0405288e-05
0.0010941846
1.015686e-05
0.0010947658
9.9170285e-06
0.0010953306
9.6979319e-06
0.0010958758
9.4584009e-06
0.0010964243
9.3260894e-06
0.0010969216
8.9281084e-06
0.0010975703
9.2147813e-06
7.6509045e-06
0.0010670255
0.0001100945
0.0010722236
8.2684734e-05
0.0010757149
6.1241058e-05
0.0010782251
4.6303955e-05
0.0010799411
3.5019422e-05
0.0010812024
2.6790178e-05
0.0010822672
2.142735e-05
0.0010832238
1.8024171e-05
0.0010841102
1.5767107e-05
0.0010849561
1.4246095e-05
0.0010857756
1.3218174e-05
0.0010865722
1.2494017e-05
0.0010873475
1.1949498e-05
0.0010881026
1.1515729e-05
0.0010888381
1.1152091e-05
0.0010895541
1.0832177e-05
0.001090251
1.0539776e-05
0.0010909293
1.0266219e-05
0.0010915894
1.0007773e-05
0.0010922319
9.7627639e-06
0.0010928574
9.5313942e-06
0.0010934659
9.3084895e-06
0.0010940597
9.104225e-06
0.0010946356
8.8825017e-06
0.0010952139
8.7477862e-06
0.0010957493
8.3927361e-06
0.0010964004
8.5636777e-06
7.2563302e-06
0.0010646504
0.000101579
0.001070048
7.7287139e-05
0.001073718
5.7570981e-05
0.0010763925
4.3629498e-05
0.0010782736
3.3138361e-05
0.0010796611
2.5402652e-05
0.0010808117
2.0276723e-05
0.0010818296
1.7006301e-05
0.0010827596
1.4837084e-05
0.001083636
1.3369722e-05
0.0010844777
1.2376515e-05
0.0010852916
1.1680062e-05
0.0010860814
1.1159752e-05
0.0010868494
1.0747718e-05
0.001087597
1.0404458e-05
0.001088325
1.0104179e-05
0.0010890339
9.8308362e-06
0.0010897244
9.5757034e-06
0.0010903972
9.3349939e-06
0.0010910529
9.1070351e-06
0.0010916923
8.8920409e-06
0.0010923155
8.6852893e-06
0.0010929245
8.4952144e-06
0.0010935168
8.2902324e-06
0.0010941095
8.1551186e-06
0.0010946659
7.8362955e-06
0.0010953075
7.9220576e-06
6.8132365e-06
0.0010625597
9.3199308e-05
0.0010681198
7.1726994e-05
0.0010719564
5.3734416e-05
0.0010747791
4.0806804e-05
0.0010768093
3.110811e-05
0.0010783155
2.389647e-05
0.0010795481
1.9044105e-05
0.0010806244
1.5929976e-05
0.0010815967
1.3864855e-05
0.0010825028
1.2463606e-05
0.001083366
1.1513258e-05
0.0010841967
1.0849378e-05
0.0010850002
1.0356288e-05
0.0010857801
9.967825e-06
0.0010865386
9.6459895e-06
0.0010872768
9.365921e-06
0.0010879957
9.1119496e-06
0.0010886961
8.8753388e-06
0.0010893787
8.6523746e-06
0.0010900444
8.4414105e-06
0.0010906939
8.2425653e-06
0.0010913274
8.0517338e-06
0.001091947
7.8756655e-06
0.0010925504
7.6868713e-06
0.0010931518
7.5536799e-06
0.001093722
7.2660743e-06
0.0010943529
7.2912101e-06
6.3374157e-06
0.0010607206
8.4951977e-05
0.0010664106
6.6036986e-05
0.001070399
4.9746062e-05
0.0010733549
3.7850856e-05
0.0010755185
2.8944558e-05
0.0010771343
2.2280637e-05
0.0010784438
1.7734565e-05
0.0010795749
1.4798931e-05
0.0010805869
1.2852818e-05
0.0010815215
1.152907e-05
0.0010824053
1.0629381e-05
0.001083252
1.0002705e-05
0.0010840686
9.539718e-06
0.0010848598
9.1766554e-06
0.0010856284
8.8773274e-06
0.0010863763
8.6180417e-06
0.0010871045
8.3837906e-06
0.0010878138
8.1659712e-06
0.0010885053
7.9608969e-06
0.0010891798
7.7669209e-06
0.001089838
7.5843136e-06
0.0010904805
7.409289e-06
0.0010911088
7.2473367e-06
0.0010917214
7.0743124e-06
0.0010923296
6.9454517e-06
0.0010929103
6.685431e-06
0.0010935325
6.6689707e-06
5.8388399e-06
0.0010591072
7.6829444e-05
0.0010648995
6.0244652e-05
0.0010690241
4.5621502e-05
0.0010720996
3.4775345e-05
0.0010743815
2.6662672e-05
0.0010760973
2.0564843e-05
0.0010774781
1.6353763e-05
0.0010786597
1.3617288e-05
0.0010797087
1.1803823e-05
0.0010806698
1.0567997e-05
0.001081573
9.7261706e-06
0.0010824345
9.1411826e-06
0.0010832632
8.7110042e-06
0.0010840648
8.3750387e-06
0.0010848429
8.0992254e-06
0.0010855996
7.8613986e-06
0.0010863362
7.6471737e-06
0.0010870538
7.4483924e-06
0.0010877534
7.2613347e-06
0.0010884358
7.0845196e-06
0.001089102
6.9181161e-06
0.0010897524
6.7588906e-06
0.0010903886
6.6111521e-06
0.0010910092
6.4537484e-06
0.0010916234
6.3312454e-06
0.0010922126
6.0962279e-06
0.0010928286
6.0529346e-06
5.3242165e-06
0.0010576975
6.8821715e-05
0.0010635695
5.4372641e-05
0.0010678148
4.1376234e-05
0.0010709971
3.159303e-05
0.0010733835
2.4276289e-05
0.0010751894
1.8758876e-05
0.0010766356
1.4907613e-05
0.0010778635
1.2389386e-05
0.0010789463
1.0721003e-05
0.0010799318
9.5825167e-06
0.0010808527
8.8052733e-06
0.0010817278
8.2660554e-06
0.0010825676
7.8712196e-06
0.0010833787
7.5639545e-06
0.0010841653
7.312653e-06
0.0010849299
7.096784e-06
0.0010856741
6.9029623e-06
0.0010863991
6.7233317e-06
0.001087106
6.5544753e-06
0.0010877956
6.3949368e-06
0.0010884689
6.2448462e-06
0.0010891264
6.1013335e-06
0.0010897696
5.9680194e-06
0.0010903973
5.8260219e-06
0.0010910168
5.7118041e-06
0.0010916132
5.4997977e-06
0.0010922247
5.441479e-06
4.7979931e-06
0.001056473
6.0917651e-05
0.0010624065
4.843922e-05
0.0010667572
3.7025444e-05
0.0010700344
2.8315863e-05
0.0010725123
2.1798379e-05
0.0010743988
1.6872424e-05
0.0010759042
1.3402183e-05
0.001077174
1.1119631e-05
0.0010782874
9.6075788e-06
0.0010792951
8.5747955e-06
0.0010802321
7.8682224e-06
0.0010811195
7.3786745e-06
0.0010819692
7.0214716e-06
0.0010827888
6.7444168e-06
0.0010835829
6.5185275e-06
0.0010843546
6.3251423e-06
0.0010851056
6.1519783e-06
0.0010858372
5.9917465e-06
0.0010865505
5.8412419e-06
0.0010872464
5.6990071e-06
0.001087926
5.5652865e-06
0.0010885898
5.4375528e-06
0.0010892391
5.3187175e-06
0.0010898731
5.1919983e-06
0.0010904972
5.0877284e-06
0.0010910996
4.8973925e-06
0.0010917077
4.8333352e-06
4.263359e-06
0.0010554184
5.3105395e-05
0.0010613986
4.2459028e-05
0.0010658403
3.2583685e-05
0.0010692009
2.4955294e-05
0.0010717584
1.9240889e-05
0.0010737157
1.4915113e-05
0.0010752741
1.184379e-05
0.0010765813
9.8124328e-06
0.0010777221
8.4667775e-06
0.0010787497
7.5471577e-06
0.0010797012
6.9167757e-06
0.0010805995
6.4803059e-06
0.0010814581
6.1629359e-06
0.0010822852
5.9173321e-06
0.001083086
5.7177435e-06
0.0010838638
5.5472879e-06
0.0010846207
5.3951052e-06
0.0010853581
5.2543559e-06
0.001086077
5.1223168e-06
0.0010867785
4.9975465e-06
0.0010874635
4.8802461e-06
0.0010881328
4.7682918e-06
0.0010887874
4.6641003e-06
0.0010894269
4.5525179e-06
0.001090055
4.4596644e-06
0.0010906625
4.2899036e-06
0.0010912678
4.2280563e-06
3.72249e-06
0.0010545207
4.5372932e-05
0.0010605361
3.6443595e-05
0.001065055
2.8064756e-05
0.0010684879
2.1522439e-05
0.0010711137
1.6615076e-05
0.0010731324
1.2896387e-05
0.0010747374
1.0238785e-05
0.0010760776
8.4722789e-06
0.0010772424
7.3019744e-06
0.0010782876
6.5018882e-06
0.0010792519
5.95251e-06
0.0010801599
5.572336e-06
0.0010810262
5.2966125e-06
0.0010818598
5.0837243e-06
0.0010826664
4.9111798e-06
0.0010834496
4.7640776e-06
0.0010842116
4.6330791e-06
0.001084954
4.512044e-06
0.0010856778
4.3985334e-06
0.0010863841
4.2912919e-06
0.0010870738
4.1905231e-06
0.0010877478
4.0943177e-06
0.001088407
4.0048622e-06
0.0010890512
3.9084021e-06
0.0010896826
3.8282258e-06
0.0010902944
3.6780907e-06
0.0010908971
3.6253123e-06
3.1770458e-06
0.0010537693
3.7708275e-05
0.0010598109
3.0402022e-05
0.0010643941
2.3481553e-05
0.0010678884
1.8028068e-05
0.0010705719
1.3931654e-05
0.0010726428
1.0825426e-05
0.0010742879
8.5936956e-06
0.0010756565
7.1037057e-06
0.001076842
6.1164556e-06
0.0010779024
5.4414386e-06
0.0010788777
4.9772301e-06
0.001079794
4.6560394e-06
0.0010806669
4.4236578e-06
0.0010815062
4.2444971e-06
0.0010823177
4.0996108e-06
0.0010831055
3.976306e-06
0.0010838719
3.8666801e-06
0.0010846185
3.7654916e-06
0.0010853465
3.6706098e-06
0.0010860568
3.5810015e-06
0.0010867505
3.4968113e-06
0.0010874285
3.416328e-06
0.0010880915
3.3418025e-06
0.0010887396
3.2603766e-06
0.0010893737
3.1940814e-06
0.0010899892
3.0626323e-06
0.0010905892
3.0253648e-06
2.6280485e-06
0.0010531555
3.009971e-05
0.0010592162
2.4341351e-05
0.0010638516
1.8846159e-05
0.0010673969
1.4482752e-05
0.0010701278
1.1200761e-05
0.001072242
8.7113097e-06
0.0010739206
6.9150611e-06
0.001075313
5.7113158e-06
0.0010765158
4.9136285e-06
0.001077589
4.3681754e-06
0.0010785736
3.9926467e-06
0.0010794969
3.7327762e-06
0.0010803754
3.5451357e-06
0.0010812193
3.4005865e-06
0.001082035
3.2839537e-06
0.0010828266
3.1846948e-06
0.0010835965
3.0967613e-06
0.0010843466
3.0154433e-06
0.0010850779
2.9393469e-06
0.0010857915
2.8673824e-06
0.0010864885
2.7998506e-06
0.0010871697
2.7351699e-06
0.0010878358
2.675645e-06
0.0010884871
2.6091722e-06
0.0010891232
2.5579589e-06
0.0010897418
2.4439935e-06
0.0010903384
2.4287631e-06
2.076182e-06
0.0010526728
2.2535551e-05
0.0010587471
1.826715e-05
0.0010634233
1.4169944e-05
0.0010670092
1.08968e-05
0.0010697778
8.4322425e-06
0.0010719263
6.5628044e-06
0.0010736318
5.2095219e-06
0.0010750433
4.2998194e-06
0.00107626
3.6968486e-06
0.0010773435
3.2846932e-06
0.0010783355
3.0005749e-06
0.0010792644
2.803981e-06
0.0010801473
2.6621069e-06
0.001080995
2.5530458e-06
0.0010818138
2.46498e-06
0.0010826084
2.3902424e-06
0.0010833812
2.3239469e-06
0.0010841339
2.2628193e-06
0.0010848678
2.2054853e-06
0.0010855839
2.1513175e-06
0.0010862832
2.1004797e-06
0.0010869668
2.0516574e-06
0.0010876351
2.0072328e-06
0.0010882886
1.9557903e-06
0.0010889258
1.9206413e-06
0.0010895471
1.8227679e-06
0.0010901392
1.8366991e-06
1.5215244e-06
0.0010523164
1.5004453e-05
0.0010583997
1.2183842e-05
0.0010631061
9.4636005e-06
0.0010667225
7.2803749e-06
0.0010695191
5.6357054e-06
0.0010716932
4.3886967e-06
0.0010734189
3.4838413e-06
0.0010748447
2.8739662e-06
0.0010760718
2.4697395e-06
0.0010771629
2.1935669e-06
0.0010781604
2.0030097e-06
0.0010790933
1.8711356e-06
0.0010799794
1.7759424e-06
0.0010808296
1.7029058e-06
0.0010816507
1.643816e-06
0.0010824472
1.5938163e-06
0.0010832218
1.5493711e-06
0.0010839762
1.5084773e-06
0.0010847116
1.4700806e-06
0.0010854292
1.4337498e-06
0.00108613
1.399763e-06
0.0010868148
1.3668355e-06
0.0010874842
1.3377322e-06
0.0010881389
1.3012202e-06
0.0010887762
1.2832576e-06
0.0010893995
1.1995248e-06
0.0010899852
1.2510195e-06
9.6421246e-07
0.0010520843
7.4953343e-06
0.0010581727
6.0954842e-06
0.0010628983
4.7379269e-06
0.0010665346
3.6441356e-06
0.0010693493
2.8209895e-06
0.0010715399
2.1980839e-06
0.0010732786
1.7451222e-06
0.0010747137
1.4389429e-06
0.0010759473
1.2360416e-06
0.0010770432
1.0977078e-06
0.001078044
1.0021367e-06
0.0010789792
9.3590906e-07
0.001079867
8.8807067e-07
0.0010807186
8.5140583e-07
0.0010815407
8.2165889e-07
0.0010823381
7.9655055e-07
0.0010831132
7.741925e-07
0.0010838681
7.5366778e-07
0.0010846039
7.3438356e-07
0.0010853216
7.160278e-07
0.0010860224
6.9902263e-07
0.0010867072
6.8205005e-07
0.0010873764
6.6850038e-07
0.0010880307
6.4695837e-07
0.0010886666
6.4728199e-07
0.0010892912
5.7493385e-07
0.0010898673
6.7497177e-07
4.0240819e-07
0.0010519649
0.0010580604
0.0010627983
0.0010664424
0.0010692634
0.0010714615
0.0010732066
0.0010746456
0.0010758816
0.0010769793
0.0010779814
0.0010789174
0.0010798054
0.0010806568
0.0010814785
0.001082275
0.0010830492
0.0010838029
0.0010845373
0.0010852533
0.0010859523
0.0010866344
0.0010873029
0.0010879498
0.0010885971
0.0010891721
0.001089847
)
;

boundaryField
{
    inlet
    {
        type            calculated;
        value           nonuniform List<scalar> 
27
(
-0.0010074074
-0.0010074074
-0.0010074074
-0.0010074074
-0.0010074074
-0.0010074074
-0.0010074074
-0.0010074074
-0.0010074074
-0.0010074074
-0.0010074074
-0.0010074074
-0.0010074074
-0.0010074074
-0.0010074074
-0.0010074074
-0.0010074074
-0.0010074074
-0.0010074074
-0.0010074074
-0.0010074074
-0.0010074074
-0.0010074074
-0.0010074074
-0.0010074074
-0.0010074074
-0.0010074074
)
;
    }
    outlet
    {
        type            calculated;
        value           nonuniform List<scalar> 
27
(
0.00019432216
0.000491697
0.00071112355
0.00086582861
0.00096884732
0.0010327714
0.0010692101
0.0010878729
0.001096052
0.0010986841
0.0010987637
0.0010978902
0.0010967949
0.0010957506
0.0010948287
0.0010940311
0.0010933432
0.0010927508
0.0010922423
0.0010918086
0.0010914425
0.0010911381
0.0010908902
0.0010906938
0.0010905424
0.001090429
0.0010902494
)
;
    }
    hydrofoilFlap
    {
        type            calculated;
        value           uniform 0;
    }
    farfield
    {
        type            calculated;
        value           uniform 0;
    }
    frontAndBack
    {
        type            empty;
    }
}


// ************************************************************************* //
