/*--------------------------------*- C++ -*----------------------------------*\
| =========                 |                                                 |
| \\      /  F ield         | OpenFOAM: The Open Source CFD Toolbox           |
|  \\    /   O peration     | Version:  2512                                  |
|   \\  /    A nd           | Website:  www.openfoam.com                      |
|    \\/     M anipulation  |                                                 |
\*---------------------------------------------------------------------------*/
FoamFile
{
    version     2.0;
    format      ascii;
    arch        "LSB;label=32;scalar=64";
    class       volVectorField;
    location    "71";
    object      U;
}
// * * * * * * * * * * * * * * * * * * * * * * * * * * * * * * * * * * * * * //

dimensions      [0 1 -1 0 0 0 0];

internalField   nonuniform List<vector> 
2052
(
(3.0861732 0.065570549 0)
(2.530326 0.092319488 0)
(2.0084103 0.069833184 0)
(1.5737349 0.040139181 0)
(1.270651 0.016165805 0)
(1.0822375 0.0016145491 0)
(0.96951032 -0.004529841 0)
(0.90259772 -0.0056174217 0)
(0.86194636 -0.0045739071 0)
(0.83431455 -0.0030381645 0)
(0.81194217 -0.0017083915 0)
(0.79070652 -0.00073816748 0)
(0.77097107 -0.00017187015 0)
(0.74589418 0.00045198313 0)
(3.5192311 0.10943624 0)
(3.6396918 0.16954453 0)
(3.58124 0.16298331 0)
(3.4071995 0.13871054 0)
(3.1974801 0.10688004 0)
(2.9974031 0.075323092 0)
(2.8230266 0.050144972 0)
(2.6768793 0.03291644 0)
(2.5557509 0.022374097 0)
(2.4541951 0.016489786 0)
(2.3670408 0.013453611 0)
(2.289901 0.011922122 0)
(2.2213702 0.011262058 0)
(2.1539343 0.010773379 0)
(3.4241831 0.075868803 0)
(3.5460119 0.12628937 0)
(3.6586249 0.13605238 0)
(3.7191454 0.13375752 0)
(3.7272998 0.11894397 0)
(3.6954667 0.097176067 0)
(3.6386853 0.076360338 0)
(3.5702882 0.060243641 0)
(3.4989426 0.049055787 0)
(3.4286633 0.041683432 0)
(3.3607646 0.036877409 0)
(3.2951673 0.033561329 0)
(3.2324244 0.031421653 0)
(3.1690692 0.029217245 0)
(3.4105097 0.055147797 0)
(3.4712764 0.10217893 0)
(3.5458445 0.11372629 0)
(3.6138302 0.11449599 0)
(3.6698337 0.10588431 0)
(3.7083386 0.091289889 0)
(3.727548 0.076560875 0)
(3.7312048 0.064748137 0)
(3.724547 0.056248205 0)
(3.711364 0.050442964 0)
(3.6938366 0.046568258 0)
(3.6729463 0.043852482 0)
(3.6497708 0.042199903 0)
(3.6231608 0.040250297 0)
(3.4084466 0.044914899 0)
(3.4536019 0.092484211 0)
(3.5056585 0.10471686 0)
(3.5493627 0.1041167 0)
(3.5872771 0.095942275 0)
(3.6199444 0.083191267 0)
(3.645365 0.070509808 0)
(3.6639271 0.060492757 0)
(3.6776264 0.053459994 0)
(3.6880376 0.04884348 0)
(3.695971 0.04597137 0)
(3.7016334 0.044155604 0)
(3.7053607 0.043287642 0)
(3.7066522 0.042256989 0)
(3.4063658 0.037261433 0)
(3.4437369 0.082039506 0)
(3.4893231 0.095158725 0)
(3.5262772 0.09528104 0)
(3.5550687 0.088649567 0)
(3.5782581 0.077601879 0)
(3.5960947 0.066105267 0)
(3.6097271 0.056800577 0)
(3.6211401 0.050197066 0)
(3.6317062 0.045847945 0)
(3.6419844 0.04317097 0)
(3.6520062 0.041566957 0)
(3.6617925 0.040881287 0)
(3.6710929 0.040347009 0)
(3.4048263 0.031128742 0)
(3.435542 0.072201777 0)
(3.4762179 0.086283348 0)
(3.510971 0.08760181 0)
(3.5378679 0.082573394 0)
(3.5588083 0.073235954 0)
(3.5742724 0.06296021 0)
(3.5854265 0.054333327 0)
(3.5942657 0.048030469 0)
(3.6023075 0.043750235 0)
(3.6102809 0.041023276 0)
(3.6183974 0.039356148 0)
(3.6267658 0.038574748 0)
(3.6353253 0.038156378 0)
(3.4037473 0.026278287 0)
(3.4291577 0.063697234 0)
(3.4651326 0.07838898 0)
(3.497539 0.080604556 0)
(3.52322 0.076748624 0)
(3.5435373 0.068876334 0)
(3.5588834 0.059806086 0)
(3.5700616 0.05193734 0)
(3.5787274 0.04604054 0)
(3.5862914 0.041934392 0)
(3.5935038 0.039242973 0)
(3.6006542 0.037561105 0)
(3.6079143 0.036711851 0)
(3.6153212 0.036314635 0)
(3.4029705 0.022410059 0)
(3.4242084 0.056267261 0)
(3.4560146 0.07110157 0)
(3.4860385 0.074013375 0)
(3.5103889 0.071117843 0)
(3.5299992 0.064528571 0)
(3.545272 0.05658343 0)
(3.5567623 0.049457929 0)
(3.5657993 0.043989353 0)
(3.5736301 0.040102489 0)
(3.5809596 0.037498862 0)
(3.588086 0.035845939 0)
(3.5951851 0.034972844 0)
(3.6023417 0.034587671 0)
(3.402401 0.019272051 0)
(3.4203272 0.04974503 0)
(3.4485088 0.064384541 0)
(3.4763008 0.067877789 0)
(3.4993859 0.065801483 0)
(3.5182614 0.060309622 0)
(3.5333331 0.053367407 0)
(3.5450027 0.046927683 0)
(3.5543403 0.041868195 0)
(3.5624487 0.038205254 0)
(3.5699912 0.035705908 0)
(3.5772696 0.034098011 0)
(3.5844583 0.033220988 0)
(3.5916744 0.032844431 0)
(3.4019771 0.016685663 0)
(3.4172575 0.044018201 0)
(3.4423013 0.058215819 0)
(3.4680263 0.062160042 0)
(3.4899396 0.060763999 0)
(3.5081296 0.056197647 0)
(3.5229685 0.050148376 0)
(3.5347476 0.044349413 0)
(3.5443196 0.039687246 0)
(3.5526538 0.036253307 0)
(3.5603752 0.033870965 0)
(3.5677897 0.032318483 0)
(3.5750745 0.031448394 0)
(3.5823693 0.031075033 0)
(3.4016566 0.014522808 0)
(3.4148096 0.038976711 0)
(3.4371466 0.052545432 0)
(3.4609684 0.056803671 0)
(3.4817919 0.055969713 0)
(3.4993484 0.052188567 0)
(3.5139485 0.046937007 0)
(3.5258 0.041737878 0)
(3.5355722 0.037460815 0)
(3.544108 0.034257939 0)
(3.5519923 0.032001846 0)
(3.559531 0.030512797 0)
(3.5669053 0.029658106 0)
(3.5742678 0.029285171 0)
(3.4014104 0.012688884 0)
(3.4128417 0.034519665 0)
(3.4328504 0.04732684 0)
(3.4549332 0.051771826 0)
(3.4747422 0.051400329 0)
(3.491712 0.048285642 0)
(3.5060717 0.043742061 0)
(3.5179648 0.039099715 0)
(3.5279085 0.035192971 0)
(3.5366281 0.032220901 0)
(3.5446664 0.030098312 0)
(3.552326 0.028680337 0)
(3.5597901 0.02784931 0)
(3.5672184 0.027477691 0)
(3.4012184 0.011113272 0)
(3.4112479 0.030559198 0)
(3.4292584 0.042517213 0)
(3.4497643 0.047033815 0)
(3.4686314 0.047036102 0)
(3.4850574 0.044485165 0)
(3.4991793 0.040566742 0)
(3.5110881 0.036439244 0)
(3.5211763 0.032888044 0)
(3.5300618 0.030145475 0)
(3.5382442 0.028162058 0)
(3.54602 0.026821918 0)
(3.5535736 0.026022004 0)
(3.5610673 0.025654308 0)
(3.4010666 0.0097427099 0)
(3.4099483 0.027019599 0)
(3.4262475 0.038075061 0)
(3.4453338 0.042561212 0)
(3.4633299 0.04285738 0)
(3.4792534 0.040782201 0)
(3.4931437 0.037414591 0)
(3.5050477 0.033761931 0)
(3.5152558 0.030551286 0)
(3.5242891 0.028035603 0)
(3.5326046 0.026195292 0)
(3.5404903 0.024938598 0)
(3.5481309 0.024176257 0)
(3.5556885 0.02381597 0)
(3.4009452 0.0085365128 0)
(3.408883 0.023835971 0)
(3.4237194 0.033960754 0)
(3.4415368 0.038328166 0)
(3.4587325 0.038846238 0)
(3.4741926 0.037171381 0)
(3.4878612 0.034288338 0)
(3.4997446 0.031072386 0)
(3.5100507 0.028186964 0)
(3.5192148 0.025894691 0)
(3.5276517 0.024200216 0)
(3.5356399 0.023031772 0)
(3.5433631 0.022312672 0)
(3.5509819 0.021963664 0)
(3.4008472 0.0074630989 0)
(3.4080059 0.02095284 0)
(3.4215951 0.030136895 0)
(3.4382866 0.034310776 0)
(3.4547519 0.03498606 0)
(3.4697875 0.033646531 0)
(3.4832464 0.031189335 0)
(3.495098 0.028374384 0)
(3.505483 0.025799091 0)
(3.5147615 0.023726206 0)
(3.5233083 0.022179255 0)
(3.5313908 0.021103033 0)
(3.5391913 0.020432112 0)
(3.5468677 0.020098301 0)
(3.4007675 0.0064976699 0)
(3.407282 0.018322909 0)
(3.4198111 0.026568412 0)
(3.4355115 0.030486483 0)
(3.4513164 0.031261196 0)
(3.4659653 0.030200898 0)
(3.4792288 0.028118005 0)
(3.4910412 0.02567103 0)
(3.5014889 0.023391218 0)
(3.5108667 0.021533427 0)
(3.5195117 0.020134899 0)
(3.5276801 0.019154119 0)
(3.5355518 0.018535624 0)
(3.5432816 0.018220959 0)
(3.4007024 0.0056203841 0)
(3.4066843 0.015905625 0)
(3.4183166 0.023222616 0)
(3.4331522 0.026833891 0)
(3.448366 0.027656782 0)
(3.4626663 0.026827327 0)
(3.4757502 0.02507392 0)
(3.4875193 0.022964883 0)
(3.4980158 0.020966531 0)
(3.507479 0.019319386 0)
(3.516211 0.018069658 0)
(3.5244564 0.017186869 0)
(3.5323928 0.016624462 0)
(3.5401715 0.016332679 0)
(3.4006492 0.0048151181 0)
(3.4061921 0.013666105 0)
(3.4170705 0.02006915 0)
(3.4311596 0.023332468 0)
(3.4458512 0.024158688 0)
(3.4598408 0.023518455 0)
(3.4727622 0.02205586 0)
(3.4844867 0.020257868 0)
(3.4950207 0.018527906 0)
(3.5045564 0.017086953 0)
(3.5133645 0.015985959 0)
(3.5216781 0.01520325 0)
(3.5296722 0.014700148 0)
(3.537495 0.014434635 0)
(3.400606 0.0040686699 0)
(3.405789 0.011574299 0)
(3.4160399 0.017079957 0)
(3.4294933 0.019962572 0)
(3.4437307 0.020753438 0)
(3.4574476 0.020266829 0)
(3.4702248 0.019062046 0)
(3.4819058 0.017551294 0)
(3.492468 0.016077703 0)
(3.5020645 0.014838657 0)
(3.510938 0.01388605 0)
(3.5193111 0.01320508 0)
(3.5273559 0.012764053 0)
(3.5352176 0.012527869 0)
(3.4005711 0.0033698519 0)
(3.4054626 0.0096038131 0)
(3.4151987 0.014228914 0)
(3.4281201 0.016705148 0)
(3.4419705 0.017427878 0)
(3.4554531 0.017064974 0)
(3.4681052 0.016090321 0)
(3.4797457 0.014846399 0)
(3.4903287 0.013618441 0)
(3.4999753 0.012577334 0)
(3.5089041 0.011772564 0)
(3.5173278 0.011194507 0)
(3.5254161 0.010817711 0)
(3.5333114 0.010613461 0)
(3.4005434 0.0027091007 0)
(3.4052033 0.0077313312 0)
(3.414526 0.011491862 0)
(3.4270135 0.01354183 0)
(3.440543 0.014168915 0)
(3.45383 0.013904617 0)
(3.4663767 0.013137174 0)
(3.4779813 0.012142864 0)
(3.4885792 0.011151366 0)
(3.498266 0.010304794 0)
(3.5072403 0.0096474385 0)
(3.515706 0.0091734288 0)
(3.5238306 0.0088627873 0)
(3.5317541 0.0086926932 0)
(3.4005221 0.0020781065 0)
(3.4050036 0.0059355464 0)
(3.4140058 0.0088461913 0)
(3.4261521 0.010455985 0)
(3.439426 0.010965949 0)
(3.4525562 0.010780212 0)
(3.4650182 0.01020139 0)
(3.4765927 0.0094422067 0)
(3.487201 0.008678977 0)
(3.4969191 0.0080235534 0)
(3.5059293 0.0075127907 0)
(3.5144285 0.0071434379 0)
(3.5225821 0.0069003964 0)
(3.5305282 0.0067662429 0)
(3.4005066 0.0014701978 0)
(3.4048584 0.0041957275 0)
(3.4136262 0.0062658014 0)
(3.4255201 0.0074244712 0)
(3.4386029 0.0078012925 0)
(3.4516153 0.0076799004 0)
(3.4640133 0.0072769487 0)
(3.4755645 0.006743179 0)
(3.4861799 0.0062028507 0)
(3.4959209 0.0057365724 0)
(3.5049579 0.0053720735 0)
(3.5134823 0.0051078147 0)
(3.5216576 0.0049333279 0)
(3.5296208 0.0048363869 0)
(3.4004957 0.00088454701 0)
(3.4047623 0.0025091262 0)
(3.4133782 0.0037463067 0)
(3.4251066 0.0044432725 0)
(3.438063 0.0046714869 0)
(3.4509972 0.0046001588 0)
(3.4633528 0.0043606039 0)
(3.4748882 0.0040429076 0)
(3.4855076 0.0037205483 0)
(3.4952634 0.003441737 0)
(3.5043178 0.0032235891 0)
(3.5128586 0.0030653432 0)
(3.5210482 0.0029607749 0)
(3.5290225 0.0029025549 0)
(3.4004932 0.00029882381 0)
(3.4047216 0.00084036747 0)
(3.4132662 0.0012520462 0)
(3.4249136 0.0014838765 0)
(3.4378057 0.0015587688 0)
(3.450699 0.0015335204 0)
(3.4630313 0.0014526676 0)
(3.4745567 0.0013463359 0)
(3.4851761 0.0012387866 0)
(3.4949377 0.001145891 0)
(3.5039998 0.0010733471 0)
(3.5125481 0.0010208436 0)
(3.5207445 0.00098624423 0)
(3.5287242 0.00096704925 0)
(0.73565097 0.0015979881 2.0585928e-23)
(0.7300539 0.0026134003 1.1554594e-23)
(0.72049146 0.0030957478 0)
(0.70739191 0.0031975759 0)
(0.69364535 0.0031289254 0)
(0.68030936 0.0030336864 1.1636659e-18)
(0.66736426 0.0029642567 2.3394243e-18)
(0.65469452 0.0029256125 0)
(0.64215304 0.0029178999 0)
(0.62944143 0.0029467125 -1.1884909e-18)
(0.61615948 0.0030170881 -1.195771e-18)
(0.60162712 0.0031482131 0)
(0.58545559 0.0033271425 0)
(0.56532027 0.00368243 0)
(0.54409145 0.0038763567 0)
(0.5059068 0.0052529806 0)
(0.49034269 0.0036289903 0)
(0.35937925 0.010581007 -1.3454855e-18)
(2.1048287 0.011811951 -6.3530181e-19)
(2.0638119 0.012907022 -2.2676003e-23)
(2.0252841 0.0135733 -6.4824654e-19)
(1.9875631 0.013838019 0)
(1.95102 0.013772407 -6.6220707e-19)
(1.9159273 0.013526405 6.6931363e-19)
(1.8821867 0.013241751 -6.7634627e-19)
(1.8495822 0.013002646 6.8335307e-19)
(1.8178153 0.012864501 0)
(1.786424 0.01287898 -2.7094309e-24)
(1.7547866 0.013105903 7.0442096e-19)
(1.7219095 0.013615077 -7.1200866e-19)
(1.6869193 0.014519962 -7.2040497e-19)
(1.6468641 0.015942581 -7.3003708e-19)
(1.60356 0.01809494 7.4211979e-19)
(1.5393706 0.021614087 -7.56032e-19)
(1.4938506 0.025189791 7.8055567e-19)
(1.3154827 0.037703833 7.931595e-19)
(3.1159641 0.029618799 0)
(3.0679539 0.029923598 -4.8833782e-23)
(3.0221479 0.029680184 4.5980435e-19)
(2.9775035 0.029144012 0)
(2.9341478 0.028413085 4.6791837e-19)
(2.8921833 0.027591723 -4.7204213e-19)
(2.8515 0.02680834 0)
(2.8119099 0.026159897 4.7854525e-24)
(2.7731552 0.025723161 0)
(2.734841 0.025579902 9.7651638e-19)
(2.6964121 0.025837786 -9.8448166e-19)
(2.6570067 0.026626069 9.9256594e-19)
(2.6156799 0.028183151 5.0053467e-19)
(2.5700979 0.030676957 5.0506777e-19)
(2.5204099 0.034876264 -2.8615066e-22)
(2.4542955 0.040660822 5.1579035e-19)
(2.3963964 0.050594097 -6.7748508e-22)
(2.2344041 0.066096102 0)
(3.597592 0.04098171 0)
(3.572903 0.041379542 -7.9311095e-19)
(3.5479064 0.041091141 0)
(3.5220318 0.040518858 0)
(3.4954747 0.03976414 0)
(3.4684475 0.038896216 0)
(3.4410215 0.038045928 0)
(3.4132159 0.03733759 -8.0761293e-19)
(3.3849976 0.036880548 -4.0533385e-19)
(3.3562211 0.036794466 -8.137617e-19)
(3.3266024 0.037236601 4.0843639e-19)
(3.295611 0.038401189 -8.1978092e-19)
(3.2626037 0.04062984 0)
(3.2259614 0.04418617 -4.1259698e-19)
(3.1854967 0.05022853 -8.2793887e-19)
(3.1329131 0.058239899 -4.1492885e-19)
(3.083579 0.073912228 -9.9587154e-22)
(2.9613782 0.092034951 -4.1313695e-19)
(3.7059883 0.043432364 0)
(3.7049862 0.04428182 3.8299241e-19)
(3.7030307 0.044434701 0)
(3.699556 0.044294774 0)
(3.6945914 0.043963933 0)
(3.6882505 0.04349091 -3.7858793e-19)
(3.6805738 0.043002048 0)
(3.6715994 0.042634059 3.7745946e-19)
(3.6613651 0.042514692 7.5404579e-19)
(3.6498531 0.042787872 7.5323456e-19)
(3.636968 0.043645419 0)
(3.6224468 0.045329953 7.513979e-19)
(3.6059877 0.048254637 0)
(3.5865762 0.05277408 7.4841289e-19)
(3.5643122 0.060259362 3.7312054e-19)
(3.5337457 0.070158003 7.423719e-19)
(3.5049647 0.089600885 -3.6835292e-19)
(3.4318706 0.11063905 7.2459168e-19)
(3.679394 0.041488324 0)
(3.6880533 0.042526225 0)
(3.6965899 0.04298084 0)
(3.7043588 0.043164746 1.8991061e-19)
(3.7112106 0.043188561 -1.8886824e-19)
(3.7171242 0.043089923 3.7579093e-19)
(3.7220325 0.042977994 0)
(3.7258858 0.042984924 0)
(3.7286687 0.043241907 -3.7059596e-19)
(3.7303583 0.04390163 -5.5338508e-19)
(3.7309099 0.045172328 0)
(3.7301869 0.047321473 -3.6542032e-19)
(3.7280947 0.050800549 0)
(3.7240517 0.056021565 -5.413519e-19)
(3.7184392 0.064429699 0)
(3.7080189 0.075639409 -3.5435611e-19)
(3.6992498 0.096741866 0)
(3.6693453 0.12063428 -3.4050143e-19)
(3.6438655 0.038991837 0)
(3.653239 0.039939736 0)
(3.6631185 0.040439244 0)
(3.6729241 0.040696909 -1.9157614e-19)
(3.6824666 0.040837162 1.903779e-19)
(3.6917002 0.040895079 1.8922242e-19)
(3.7005366 0.040961669 0)
(3.7088937 0.041160941 0)
(3.7167277 0.041623436 0)
(3.724004 0.042503398 1.8478502e-19)
(3.7306912 0.044013478 0)
(3.7367115 0.046429005 0)
(3.7420653 0.050211872 -1.8081581e-19)
(3.7464544 0.055804773 1.7929812e-19)
(3.7503474 0.064615264 0)
(3.7521615 0.076529457 0)
(3.7556819 0.097676742 0)
(3.7534733 0.12358944 -1.6535344e-19)
(3.6229121 0.036872288 0)
(3.6312784 0.037662252 1.9544023e-19)
(3.6402387 0.038116492 0)
(3.6493316 0.038350933 0)
(3.6583868 0.038496062 0)
(3.6673829 0.038589256 -1.9059831e-19)
(3.6762652 0.038707997 0)
(3.6849736 0.038969791 1.8829427e-19)
(3.6934797 0.039504927 1.8712278e-19)
(3.701768 0.040467715 1.8590461e-19)
(3.7098311 0.042070268 1.8460464e-19)
(3.7176376 0.044588472 1.8317752e-19)
(3.7252338 0.048478348 3.632193e-19)
(3.7325037 0.054201544 1.79644e-19)
(3.7398796 0.063059715 1.7725383e-19)
(3.7468533 0.075233438 1.7431385e-19)
(3.7554889 0.095571095 1.7008724e-19)
(3.7662939 0.12228566 7.3253332e-22)
(3.6096369 0.034958112 1.9755462e-19)
(3.617527 0.035609012 -1.9637538e-19)
(3.6259176 0.036018321 0)
(3.6344423 0.03622991 0)
(3.6429414 0.036367996 0)
(3.6514033 0.036473762 0)
(3.659799 0.036614989 1.904584e-19)
(3.668091 0.036903092 -3.7861731e-19)
(3.6762694 0.037467627 -1.7462284e-23)
(3.6843403 0.038462198 -1.8691358e-19)
(3.6923205 0.040096224 -1.8559898e-19)
(3.7002161 0.042643647 -7.855906e-23)
(3.7081012 0.046547363 -1.8248998e-19)
(3.7159775 0.052282728 -1.7540459e-22)
(3.7242219 0.061023243 -1.7810449e-19)
(3.732931 0.073199351 -1.7507437e-19)
(3.743274 0.092477967 -3.4122808e-19)
(3.7588212 0.11896027 3.291281e-19)
(3.598996 0.033087752 -1.0896086e-23)
(3.6067831 0.033622499 0)
(3.6149876 0.033995109 1.9592146e-19)
(3.6233153 0.034195475 0)
(3.6316107 0.034333247 1.9356072e-19)
(3.6398574 0.034453584 0)
(3.6480368 0.034617378 -1.9125849e-19)
(3.6561225 0.034929508 1.9010221e-19)
(3.6641134 0.035517412 -1.8891652e-19)
(3.6720279 0.036532633 0)
(3.6798992 0.038180259 0)
(3.687762 0.040730748 -1.8484392e-19)
(3.6957116 0.044610962 -1.8301488e-19)
(3.7038329 0.050304333 -1.8110721e-19)
(3.712473 0.058860892 0)
(3.7220611 0.070885881 0)
(3.7333741 0.089119562 1.7113595e-19)
(3.7508184 0.11471713 -1.6501271e-19)
(3.5897575 0.031224444 -1.9900851e-19)
(3.5975257 0.031658967 0)
(3.6056526 0.031995993 -1.9664162e-19)
(3.6139045 0.032188179 0)
(3.6221338 0.032327066 -1.7976933e-24)
(3.6303179 0.032461075 0)
(3.638444 0.03264644 0)
(3.6464924 0.032981113 0)
(3.6544671 0.033588703 0)
(3.6623947 0.034617399 0)
(3.6703212 0.036266738 0)
(3.6783053 0.03880217 0)
(3.6864641 0.042633121 1.8365845e-19)
(3.6949488 0.048243869 0)
(3.7041049 0.056573634 0)
(3.7145658 0.068329392 0)
(3.7269468 0.085567331 0)
(3.7457794 0.10992443 0)
(3.5817131 0.02936299 1.9964412e-19)
(3.5894731 0.029711667 -1.9849035e-19)
(3.5975425 0.030012742 1.9729547e-19)
(3.6057389 0.030196105 0)
(3.6139279 0.030334782 -2.0059448e-24)
(3.622083 0.030479072 -1.9376402e-19)
(3.6301959 0.03068196 1.9259232e-19)
(3.6382548 0.031034246 -1.9140249e-19)
(3.6462685 0.031654303 1.9017176e-19)
(3.6542719 0.032685942 1.8886875e-19)
(3.6623234 0.034322422 -1.8745075e-19)
(3.6705046 0.036822737 0)
(3.6789557 0.040577595 -1.840145e-19)
(3.6878851 0.046064391 1.8180596e-19)
(3.6976537 0.054123617 -1.7905658e-19)
(3.7090339 0.065506146 1.7558314e-19)
(3.7225729 0.081766697 -1.7103361e-19)
(3.7427421 0.10469692 1.6469543e-19)
(3.574716 0.02750127 -2.002476e-19)
(3.5824751 0.027777604 1.9910385e-19)
(3.5904992 0.028043279 -1.9791247e-19)
(3.5986486 0.02821665 0)
(3.6068043 0.028353739 -1.9554429e-19)
(3.6149382 0.028504898 1.9437062e-19)
(3.6230466 0.028720451 -1.9319166e-19)
(3.6311247 0.029083992 1.9199373e-19)
(3.6391878 0.029707794 -1.9075466e-19)
(3.647279 0.030730625 -3.1718111e-23)
(3.6554694 0.032338816 1.8801759e-19)
(3.6638627 0.034783454 0)
(3.6726228 0.038435064 1.8457045e-19)
(3.6820075 0.043756786 -1.8236089e-19)
(3.6924007 0.051500368 1.7962591e-19)
(3.7046707 0.062419187 -1.7617514e-19)
(3.7193365 0.077696809 1.7171518e-19)
(3.7407399 0.099104198 -1.6551612e-19)
(3.5686155 0.025637128 0)
(3.576381 0.025853043 0)
(3.5843722 0.026084867 0)
(3.592484 0.026247392 0)
(3.6006136 0.026381845 0)
(3.6087331 0.026536789 -1.9493011e-19)
(3.6168423 0.026760069 0)
(3.6249437 0.027128213 0)
(3.6330589 0.027747023 0)
(3.6412396 0.028749752 -1.8995199e-19)
(3.6495696 0.03031516 0)
(3.658173 0.032684546 1.8680563e-19)
(3.6672372 0.036206708 0)
(3.6770618 0.041324196 1.8258668e-19)
(3.6880562 0.04870851 0)
(3.7011528 0.05908757 0)
(3.7168616 0.073367785 -1.7156508e-19)
(3.7393523 0.093208071 1.6529652e-19)
(3.5632851 0.023768628 0)
(3.5710622 0.023934613 -2.0019461e-19)
(3.5790309 0.024134942 0)
(3.5871137 0.024286172 1.9782754e-19)
(3.5952238 0.024416981 0)
(3.603335 0.02457279 1.954616e-19)
(3.6114499 0.02479885 0)
(3.6195778 0.025165156 -1.9303448e-19)
(3.6277469 0.025770859 0)
(3.6360173 0.026743182 0)
(3.644485 0.028252422 -1.8891862e-19)
(3.653293 0.030528003 -3.7456383e-19)
(3.6626509 0.033895517 0)
(3.6728936 0.038772096 -1.4704112e-22)
(3.6844565 0.045756392 -1.8009803e-19)
(3.6983118 0.055532968 0)
(3.7149693 0.068799976 3.7883034e-22)
(3.738407 0.087060599 -4.7314469e-22)
(3.5586243 0.021894785 0)
(3.5664164 0.022020025 4.0139893e-19)
(3.5743704 0.022191678 0)
(3.5824314 0.022331287 -1.9833528e-19)
(3.5905274 0.022457298 0)
(3.5986347 0.022611021 0)
(3.606759 0.022835065 0)
(3.6149154 0.023193572 1.9352724e-19)
(3.6231391 0.023778933 -1.9223083e-19)
(3.631498 0.024711506 1.9086127e-19)
(3.6400998 0.026151958 3.7877025e-19)
(3.6491048 0.028315933 6.6365663e-23)
(3.658743 0.031504634 1.8571174e-19)
(3.6693795 0.036106369 -3.6686363e-19)
(3.6814737 0.042653381 3.6113961e-19)
(3.6960216 0.051776478 -1.7685675e-19)
(3.7135349 0.064016001 3.4493905e-19)
(3.7377982 0.080703787 -1.6660872e-19)
(3.5545531 0.020015126 0)
(3.562362 0.020107618 -1.0059043e-19)
(3.5703074 0.020253585 0)
(3.5783521 0.020381229 0)
(3.5864381 0.020501064 -9.8811353e-20)
(3.594545 0.020649897 9.8213796e-20)
(3.602681 0.020867669 -9.7608257e-20)
(3.6108668 0.021213085 0)
(3.6191443 0.021771568 2.8903785e-19)
(3.6275891 0.022655677 -9.5677899e-20)
(3.6363196 0.024015176 -9.4938011e-20)
(3.6455115 0.026050444 1.8815519e-19)
(3.6554138 0.029037493 -9.3150288e-20)
(3.6664172 0.033333595 2.7576957e-19)
(3.6790028 0.039410173 -9.0614056e-20)
(3.694179 0.047838831 1.7750527e-19)
(3.7124582 0.059039053 -8.6688135e-20)
(3.7374416 0.074171606 8.3357718e-20)
(3.5510068 0.018129666 1.0138722e-19)
(3.5588333 0.018196206 -1.1872952e-24)
(3.5667744 0.018319306 1.0022655e-19)
(3.5748074 0.018434638 -9.9633108e-20)
(3.5828866 0.01854691 1.1556221e-24)
(3.5909953 0.018688415 -9.8439987e-20)
(3.5991443 0.018896276 9.783311e-20)
(3.6073596 0.019223934 -9.7206356e-20)
(3.615689 0.019749494 -9.6563863e-20)
(3.6242156 0.020576817 -9.5875417e-20)
(3.6330675 0.021843655 -1.9022913e-19)
(3.6424344 0.023733994 9.4252176e-20)
(3.6525824 0.026498336 -1.8656884e-19)
(3.6639236 0.030461486 -1.8422803e-19)
(3.6769587 0.036038776 -8.2704589e-23)
(3.6927004 0.043740196 -8.8852101e-20)
(3.7116596 0.053891724 -1.7337961e-19)
(3.7372687 0.06749162 -8.3836222e-20)
(3.547933 0.016238485 -1.0160514e-19)
(3.5557771 0.016284779 -1.0103249e-19)
(3.5637171 0.016387661 -2.0088831e-19)
(3.5717418 0.016490525 9.955337e-25)
(3.5798166 0.016594052 9.9254529e-20)
(3.5879287 0.016726147 0)
(3.5960913 0.016920888 9.804239e-20)
(3.6043352 0.017226472 4.5863245e-24)
(3.6127137 0.017713367 0)
(3.6213168 0.018475946 -9.6068072e-20)
(3.6302813 0.019639219 1.7945564e-23)
(3.6398096 0.021369814 -9.4482465e-20)
(3.6501829 0.023892579 3.836514e-23)
(3.6618315 0.027499002 5.4232721e-23)
(3.6752726 0.032551939 -9.0938568e-20)
(3.6915185 0.039499664 1.0043552e-22)
(3.7110761 0.048595105 1.2937757e-22)
(3.7372251 0.060686338 -8.3992512e-20)
(3.5452892 0.014341979 1.0181496e-19)
(3.5531501 0.01437282 0)
(3.5610911 0.014457867 1.0065201e-19)
(3.5691103 0.014548192 1.0005795e-19)
(3.5771825 0.014641903 0)
(3.5852988 0.014762771 0)
(3.5934751 0.014941541 -2.5412974e-24)
(3.6017459 0.015221069 4.2022154e-24)
(3.61017 0.015663904 0)
(3.6188432 0.016354362 1.0684129e-23)
(3.6279104 0.017404164 1.6201575e-23)
(3.637585 0.018961884 -9.4658551e-20)
(3.6481618 0.021226511 9.371119e-20)
(3.6600862 0.024455527 9.256054e-20)
(3.673889 0.028962421 0)
(3.690579 0.035134983 8.929311e-23)
(3.7106572 0.043168566 8.7306825e-20)
(3.7372676 0.053774604 1.3862101e-22)
(3.5430407 0.012440492 5.8149936e-25)
(3.5509172 0.012459871 -1.0143835e-19)
(3.5588606 0.012529176 0)
(3.5668762 0.012607012 0)
(3.5749471 0.012690014 0)
(3.5830683 0.012798102 0)
(3.5912576 0.012958362 -9.8443726e-20)
(3.5995531 0.013208215 3.7619838e-24)
(3.6080183 0.013602108 9.7158064e-20)
(3.6167544 0.014213859 1.9293502e-19)
(3.6259136 0.015141433 1.4323852e-23)
(3.6357184 0.016514781 1.8974249e-19)
(3.6464756 0.018506782 0)
(3.6586429 0.021340502 9.2736674e-20)
(3.6727627 0.025282674 -9.1343625e-20)
(3.6898378 0.030662602 1.793418e-19)
(3.710363 0.037630003 -8.7518347e-20)
(3.737363 0.046772877 1.6962079e-19)
(3.5411596 0.010534469 -1.5331273e-19)
(3.54905 0.010545647 1.5244448e-19)
(3.5569964 0.010601106 0)
(3.5650101 0.01066662 -5.0222823e-20)
(3.5730806 0.010738208 0)
(3.5812066 0.01083212 0)
(3.5894078 0.010971583 -4.9314853e-20)
(3.5977254 0.011188503 1.4700442e-19)
(3.6062268 0.011529128 -4.8678565e-20)
(3.615018 0.012056528 -4.8334834e-20)
(3.6242573 0.012854309 9.5913429e-20)
(3.6341755 0.014033363 -4.7549519e-20)
(3.645089 0.015740165 0)
(3.6574657 0.018163318 -1.3948992e-19)
(3.6718572 0.021524873 1.3745427e-19)
(3.6892598 0.02609803 -8.9996415e-20)
(3.7101617 0.031996376 1.3188816e-19)
(3.7374852 0.039696123 -4.2688484e-20)
(3.5396234 0.0086246883 5.1196879e-20)
(3.5475258 0.0086303317 -5.0906564e-20)
(3.5554754 0.0086735449 0)
(3.5634881 0.0087268602 5.0314397e-20)
(3.5715589 0.0087863475 0)
(3.5796893 0.0088648266 -4.9712359e-20)
(3.587901 0.0089815532 4.9406425e-20)
(3.5962376 0.0091628005 -4.909267e-20)
(3.6047698 0.0094465234 -2.1876329e-24)
(3.6136077 0.0098847153 -4.8423349e-20)
(3.6229148 0.010546311 0)
(3.6329285 0.011522581 -7.5092864e-24)
(3.6439733 0.012933556 0)
(3.6565255 0.014933305 4.6619454e-20)
(3.6711434 0.017701081 -9.1895303e-20)
(3.688817 0.021456234 0)
(3.7100283 0.026283713 -4.4156893e-20)
(3.7376141 0.032557882 -4.1486358e-23)
(3.5384145 0.0067112872 0)
(3.5463267 0.006713604 -5.0994528e-20)
(3.5542795 0.0067459362 0)
(3.5622918 0.0067872643 5.0401776e-20)
(3.5703631 0.0068341061 0)
(3.5784973 0.0068962262 4.9800174e-20)
(3.5867178 0.006988693 0)
(3.59507 0.0071320271 -4.91793e-20)
(3.6036273 0.0073558841 -4.8855874e-20)
(3.6125032 0.007700898 -4.8511369e-20)
(3.6218651 0.0082210355 -4.8142047e-20)
(3.6319559 0.0089876356 -9.547354e-20)
(3.6431066 0.010094187 0)
(3.6557996 0.011660222 0)
(3.6705984 0.01382386 1.6155129e-23)
(3.6884876 0.016752591 0)
(3.7099432 0.020508622 -4.4321925e-20)
(3.7377341 0.02537195 -4.3086864e-20)
(3.5375199 0.0047958875 0)
(3.5454397 0.0047963248 2.5539595e-20)
(3.5533949 0.0048186249 0)
(3.5614072 0.0048480216 -5.0486099e-20)
(3.569479 0.0048817493 0)
(3.5776164 0.0049266648 0)
(3.5858436 0.0049935726 0)
(3.5942076 0.0050971945 2.463302e-20)
(3.6027839 0.0052587661 0)
(3.6116886 0.005507399 4.8602897e-20)
(3.621092 0.0058817978 2.4121038e-20)
(3.6312411 0.0064330958 4.7839439e-20)
(3.6424716 0.0072281104 2.3690878e-20)
(3.6552704 0.0083519649 2.3427485e-20)
(3.670205 0.0099027799 2.3125257e-20)
(3.6882553 0.011997889 2.2733348e-20)
(3.709892 0.014681382 4.455249e-20)
(3.7378363 0.018142657 0)
(3.5369299 0.0028780758 0)
(3.5448547 0.0028780738 2.5580092e-20)
(3.5528116 0.0028912531 -1.2716107e-20)
(3.5608239 0.0029089122 1.2641673e-20)
(3.5688961 0.0029293386 -1.2566734e-20)
(3.5770355 0.0029565816 1.2491185e-20)
(3.5852672 0.0029971637 0)
(3.5936393 0.0030600117 2.467367e-20)
(3.6022284 0.0031578804 0)
(3.6111524 0.0033083589 0)
(3.6205837 0.0035347787 2.4165592e-20)
(3.6307719 0.003867863 0)
(3.6420559 0.0043478684 -2.3749377e-20)
(3.6549257 0.0050256475 -2.3495194e-20)
(3.6699508 0.005960427 2.3193886e-20)
(3.6881089 0.0072200537 -2.283012e-20)
(3.7098654 0.0088352614 0)
(3.7379137 0.010904092 0)
(3.5366359 0.00095906532 0)
(3.5445633 0.00095918986 0)
(3.5525212 0.000963663 1.1764366e-20)
(3.5605337 0.00096962448 -1.1696426e-20)
(3.5686063 0.00097652657 1.1628035e-20)
(3.5767469 0.00098572041 -1.155913e-20)
(3.5849812 0.00099938447 0)
(3.5933576 0.0010205292 0)
(3.6019537 0.0010534505 0)
(3.610888 0.0011040674 0)
(3.6203343 0.0011801674 0)
(3.6305436 0.0012920489 0)
(3.6418563 0.0014532091 0)
(3.6547643 0.001680531 0)
(3.669838 0.001994085 0)
(3.6880549 0.0024154237 0)
(3.7098753 0.0029572322 0)
(3.7379816 0.0036453814 0)
(0.40424208 0.0081989668 0)
(0.48745249 0.023427742 1.863885e-21)
(0.56705456 0.042149892 0)
(0.63219221 0.056130683 1.7282033e-18)
(0.69074748 0.066383839 0)
(0.74733906 0.075154754 -1.5317757e-18)
(0.79976113 0.083254172 0)
(0.85427484 0.090194123 1.4235607e-18)
(1.3382043 0.039793568 0)
(1.41374 0.05189827 2.8775142e-21)
(1.4917828 0.07107177 0)
(1.5615606 0.089274392 0)
(1.6283183 0.10516866 0)
(1.6945349 0.11996739 8.0679516e-19)
(1.7575422 0.13397568 -7.7750462e-19)
(1.8220723 0.14708374 7.644854e-19)
(2.241441 0.08123045 -6.2114662e-19)
(2.2999358 0.093859686 3.0482799e-21)
(2.3595855 0.11047114 0)
(2.4116361 0.12710734 -5.7723089e-19)
(2.4619513 0.14263699 0)
(2.5127949 0.15743045 -5.579838e-19)
(2.5617602 0.17143329 5.5069635e-19)
(2.6119222 0.18499666 -1.0900355e-18)
(2.9585812 0.11586575 4.8258309e-19)
(2.997817 0.1285079 4.7029091e-19)
(3.0379852 0.14226479 -4.6199569e-19)
(3.0721677 0.15674415 4.6213681e-19)
(3.1053651 0.17132095 0)
(3.1396318 0.18559071 4.5415213e-19)
(3.1732076 0.1991556 -4.4596866e-19)
(3.2077121 0.21260897 4.4807689e-19)
(3.4265434 0.13804425 -4.1540958e-19)
(3.4492485 0.15052957 0)
(3.47319 0.16255127 8.146013e-19)
(3.4933358 0.17530818 -4.046054e-19)
(3.5130758 0.18863056 0)
(3.5341161 0.20180002 0)
(3.5554659 0.21430088 4.0141734e-19)
(3.5776909 0.22669878 0)
(3.667194 0.14770645 3.9099909e-19)
(3.6791242 0.15954711 0)
(3.6925973 0.17047488 -3.8417667e-19)
(3.7043037 0.18179754 3.8382191e-19)
(3.7160773 0.19365994 0)
(3.7291661 0.20543667 0)
(3.7431773 0.21666191 0)
(3.7580693 0.22771843 0)
(3.756365 0.14832747 3.7631902e-19)
(3.7631852 0.15915551 3.727804e-19)
(3.7716343 0.16931462 3.7229387e-19)
(3.7797183 0.1795518 3.7193349e-19)
(3.7881932 0.19011301 3.7144681e-19)
(3.7978505 0.20060579 3.7053906e-19)
(3.8086285 0.21067206 3.6920913e-19)
(3.8202531 0.22049332 3.7038391e-19)
(3.7734046 0.14431533 -2.7766376e-21)
(3.7787425 0.15398899 -7.420592e-19)
(3.7855416 0.16340846 -7.4138911e-19)
(3.7926892 0.17273879 -2.4585987e-21)
(3.8004158 0.18218037 -7.3970813e-19)
(3.8091591 0.19154621 -7.3794939e-19)
(3.8189761 0.2005909 -3.6889466e-19)
(3.8295786 0.20936302 -7.37864e-19)
(3.7687341 0.13867686 -3.7452089e-19)
(3.7741421 0.1472225 3.711106e-19)
(3.7807097 0.15581825 3.7080927e-19)
(3.7878627 0.16430435 -3.7039626e-19)
(3.7956891 0.17278392 3.6980058e-19)
(3.8044032 0.18118422 3.6887069e-19)
(3.8140644 0.1893443 0)
(3.8244385 0.19725108 3.6882077e-19)
(3.7625775 0.13261173 0)
(3.7684394 0.14015794 0)
(3.7751595 0.14789715 3.6788174e-19)
(3.7824645 0.15557639 0)
(3.7904713 0.16321163 0)
(3.7992803 0.17076883 0)
(3.8089166 0.17814098 0)
(3.8191983 0.18529648 0)
(3.7588991 0.12632858 0)
(3.7651965 0.13303282 0)
(3.7721163 0.13996042 -3.6903372e-19)
(3.7795388 0.1468814 0)
(3.7876481 0.15376051 0)
(3.7964996 0.1605676 0)
(3.8060874 0.16722772 0)
(3.8162624 0.17370827 0)
(3.7569513 0.1197865 3.7092104e-19)
(3.7635966 0.12578396 3.6696083e-19)
(3.7707009 0.13198199 0)
(3.7782166 0.13820588 3.6593325e-19)
(3.786381 0.14440179 3.6514673e-19)
(3.7952382 0.15053517 3.6411792e-19)
(3.8047631 0.15654903 0)
(3.8148255 0.16241346 3.6420663e-19)
(3.7558416 0.11297071 -3.7198485e-19)
(3.7627592 0.11836055 -1.4837086e-21)
(3.7700267 0.12391282 -3.6590638e-19)
(3.7776294 0.12950404 -3.6678772e-19)
(3.7858352 0.13508041 -1.5008576e-21)
(3.7946883 0.14060454 -3.6487578e-19)
(3.804154 0.14602957 -3.6212872e-19)
(3.8141147 0.15132807 -1.4309743e-21)
(3.7551886 0.10590966 1.8511014e-19)
(3.7623198 0.11076194 -3.6737448e-19)
(3.7697274 0.11573989 3.6677258e-19)
(3.7774124 0.12075832 1.8236895e-19)
(3.7856559 0.12577064 -3.6521876e-19)
(3.7945042 0.13073972 1.8138766e-19)
(3.8039183 0.13562512 3.6282063e-19)
(3.8137907 0.14040153 -3.6414217e-19)
(3.7548518 0.098643946 -3.7057967e-19)
(3.7621508 0.10300964 -1.8286019e-19)
(3.7696751 0.10747045 0)
(3.7774341 0.11196781 -3.6491526e-19)
(3.7857115 0.1164635 -1.8169474e-19)
(3.7945547 0.12092279 -3.6288018e-19)
(3.803923 0.12531022 0)
(3.8137184 0.12960269 -1.8116741e-19)
(3.7547513 0.091210701 1.8545174e-19)
(3.7621823 0.095128393 3.6603539e-19)
(3.7698014 0.099117018 0)
(3.7776237 0.1031362 1.8253685e-19)
(3.7859299 0.10715512 3.6357375e-19)
(3.7947669 0.11114253 1.8148649e-19)
(3.8040936 0.11506741 0)
(3.8138208 0.11890913 3.6245945e-19)
(3.7548221 0.083640243 -1.8488023e-19)
(3.762357 0.087140024 -3.6584561e-19)
(3.7700519 0.09069187 0)
(3.7779265 0.094267933 -1.8187655e-19)
(3.7862557 0.097843463 -1.818741e-19)
(3.7950848 0.10139109 -1.8080459e-19)
(3.8043732 0.10488402 0)
(3.8140397 0.10830414 -1.8129033e-19)
(3.7550098 0.075956518 3.7020378e-19)
(3.7626265 0.079062423 3.6575127e-19)
(3.7703815 0.082205773 0)
(3.7782981 0.085367546 3.6406729e-19)
(3.7866446 0.088527939 1.8130979e-19)
(3.7954646 0.091663445 3.6186709e-19)
(3.8047178 0.094751212 0)
(3.8143299 0.097775444 1.8072874e-19)
(3.7552701 0.068178388 -1.8531693e-19)
(3.7629515 0.070910125 -1.8306512e-19)
(3.7707535 0.073668151 0)
(3.7787033 0.076439778 -1.8218858e-19)
(3.7870624 0.079209244 -1.8166722e-19)
(3.7958726 0.08195665 -3.7741587e-22)
(3.8050938 0.084662671 -1.8001592e-19)
(3.8146576 0.08731357 -1.8105311e-19)
(3.7555677 0.060321182 1.8503314e-19)
(3.7633 0.062695351 1.8275848e-19)
(3.7711389 0.065087509 1.82309e-19)
(3.7791148 0.067489503 1.8184605e-19)
(3.7874829 0.06988885 1.8131269e-19)
(3.7962831 0.072268893 -3.2793732e-22)
(3.8054756 0.074613404 1.803486e-19)
(3.8149967 0.076910477 1.806962e-19)
(3.755875 0.05239802 -2.7804256e-19)
(3.7636474 0.054428767 -1.8315873e-19)
(3.7715149 0.056471457 -1.8269505e-19)
(3.7795113 0.058521115 -2.7318549e-19)
(3.7878857 0.060567919 -2.7236621e-19)
(3.7966763 0.062598079 -2.7143273e-19)
(3.8058436 0.064598103 0)
(3.8153274 0.066557789 -2.7140275e-19)
(3.7561707 0.044420738 9.2797579e-20)
(3.7639745 0.046120165 -9.1519976e-20)
(3.7718643 0.047827276 9.1280539e-20)
(3.7798764 0.049539177 9.1154125e-20)
(3.7882551 0.051248189 1.1863847e-22)
(3.7970369 0.052943084 9.0558865e-20)
(3.8061823 0.054612811 9.0096197e-20)
(3.8156342 0.05624885 1.1386591e-22)
(3.7564391 0.03639927 0)
(3.7642671 0.037776952 9.1720856e-20)
(3.7721739 0.039159333 -9.1475029e-20)
(3.780198 0.040544916 0)
(3.7885794 0.041927887 9.0938671e-20)
(3.7973532 0.043299341 0)
(3.80648 0.044650406 -9.0267174e-20)
(3.8159053 0.045974172 9.0598034e-20)
(3.756667 0.028346139 -4.6465416e-20)
(3.7645132 0.029410568 -4.5876095e-20)
(3.7724326 0.03047713 0)
(3.7804656 0.031545424 -4.5620988e-20)
(3.7888488 0.032611458 -4.5476005e-20)
(3.7976162 0.03366852 -4.5313646e-20)
(3.806728 0.034709832 0)
(3.816132 0.035730109 -4.5302368e-20)
(3.7568492 0.020260995 4.6572252e-20)
(3.7647073 0.021018289 9.1929123e-20)
(3.7726344 0.021776031 -4.5822168e-20)
(3.7806732 0.022534846 4.5716824e-20)
(3.7890573 0.023292057 9.1111457e-20)
(3.7978194 0.024042717 4.5403814e-20)
(3.8069201 0.024781981 -4.5198656e-20)
(3.816308 0.025506357 9.0751841e-20)
(3.7569802 0.012172716 -2.3318516e-20)
(3.7648455 0.012623265 -4.6053884e-20)
(3.772778 0.013073108 4.5921835e-20)
(3.7808215 0.01352476 0)
(3.7892066 0.013976684 -4.5636426e-20)
(3.7979654 0.014425285 0)
(3.8070586 0.014867272 4.5287089e-20)
(3.8164357 0.015301634 -4.5450435e-20)
(3.757075 0.0040681125 2.294426e-20)
(3.764941 0.0042164354 0)
(3.7728775 0.0043640262 0)
(3.7809264 0.0045128115 0)
(3.7893149 0.0046623819 0)
(3.7980742 0.0048112752 0)
(3.8071662 0.0049581873 0)
(3.8165402 0.0051033866 0)
(0.93276052 0.097922744 -1.6371945e-17)
(1.0146023 0.10760033 1.525694e-17)
(1.0790722 0.1153708 -1.4178566e-17)
(1.1363122 0.12162291 0)
(1.1868075 0.12664433 0)
(1.2442483 0.13110994 1.7062165e-20)
(1.2856188 0.13337511 0)
(1.4357123 0.14290353 -9.1193823e-18)
(1.9267872 0.16835305 1.026426e-17)
(2.0599407 0.19560837 0)
(2.1759547 0.21787046 1.8009528e-17)
(2.2823947 0.23588499 0)
(2.3810421 0.2497836 0)
(2.483372 0.26143927 7.1971198e-18)
(2.5727827 0.26444805 6.4961208e-18)
(2.7415512 0.27694329 5.8500399e-18)
(2.695558 0.2079086 -7.5256534e-18)
(2.8070402 0.23682271 -7.2268745e-18)
(2.9090224 0.26051129 -1.3797019e-17)
(3.0065513 0.27948923 -6.516896e-18)
(3.1009147 0.29352637 0)
(3.1993914 0.30418051 0)
(3.2921628 0.30428575 -5.1997743e-18)
(3.4341277 0.31013108 0)
(3.2674208 0.23530974 9.4644081e-18)
(3.3500227 0.26384602 3.0883222e-18)
(3.4288072 0.28717685 5.9221498e-18)
(3.506928 0.30544158 5.6559569e-18)
(3.5849262 0.31810472 2.6692906e-18)
(3.6674707 0.32644976 0)
(3.747833 0.3232783 0)
(3.859788 0.32361754 -2.1243822e-18)
(3.6192814 0.24802013 -1.7873412e-20)
(3.6803619 0.27499765 2.8091075e-18)
(3.7420952 0.29696741 2.7111422e-18)
(3.8059602 0.31376417 2.6061621e-18)
(3.8716398 0.32467901 -2.4866784e-18)
(3.9417623 0.33065833 2.3406066e-18)
(4.0115128 0.32520497 0)
(4.0998743 0.32078899 2.0025886e-18)
(3.7891258 0.24740348 -2.739368e-18)
(3.8380613 0.27260778 0)
(3.8904703 0.29308253 -1.135312e-20)
(3.9466661 0.30850113 -2.5218856e-18)
(4.0057439 0.31808134 0)
(4.0688374 0.3223847 -2.2722816e-18)
(4.1325709 0.31598657 0)
(4.2057092 0.30810795 0)
(3.8466622 0.23859779 0)
(3.890429 0.26204887 0)
(3.9389793 0.28105143 -2.5802815e-18)
(3.9919705 0.29520979 0)
(4.0482263 0.30373714 0)
(4.1079454 0.30682773 0)
(4.1687209 0.30024522 0)
(4.2333864 0.28992844 0)
(3.8544296 0.22601714 0)
(3.8964354 0.24781277 2.6251056e-18)
(3.943601 0.26544109 0)
(3.9952849 0.27846944 0)
(4.0502374 0.28614328 0)
(4.1081347 0.28836807 0)
(4.1671245 0.2819569 0)
(4.2271736 0.27027835 0)
(3.8487434 0.2125628 0)
(3.8899556 0.23277251 -2.633662e-18)
(3.9363114 0.24909684 2.5574901e-18)
(3.9870528 0.26106818 -2.4731543e-18)
(4.0409292 0.26798006 0)
(4.0973304 0.26954291 2.2562047e-18)
(4.1546838 0.26339536 -2.1263759e-18)
(4.2117663 0.25121346 0)
(3.843108 0.199334 2.6570518e-18)
(3.8835827 0.21799778 0)
(3.9290694 0.23306431 -2.5650069e-18)
(3.9787701 0.24402709 4.9537621e-18)
(4.0314446 0.25023122 0)
(4.086313 0.25127429 -2.2626107e-18)
(4.1419441 0.24541039 -4.8528473e-21)
(4.1966614 0.23332868 0)
(3.8397652 0.18653601 -1.1723264e-20)
(3.8794514 0.20370126 -2.618432e-18)
(3.9239889 0.2175571 0)
(3.9725726 0.22756112 -2.4800679e-18)
(4.0239712 0.23310893 -2.3787828e-18)
(4.0772963 0.23374642 2.2702769e-18)
(4.1312004 0.22818103 2.1464593e-18)
(4.1838491 0.21657093 0)
(3.8379384 0.17409864 -2.6646963e-18)
(3.8768585 0.18982176 2.6261292e-18)
(3.9204559 0.20251596 0)
(3.9679375 0.2116137 0)
(4.0180821 0.21655874 2.3845509e-18)
(4.0699324 0.21688685 -2.2764874e-18)
(4.1222026 0.21164117 0)
(4.1730343 0.20071321 0)
(3.8368786 0.16193826 -2.6535264e-18)
(3.8750952 0.17628137 -2.616298e-18)
(3.9178072 0.18786514 -2.5550711e-18)
(3.9642453 0.19611087 0)
(4.0132033 0.2005076 0)
(4.0636845 0.20060709 -2.2846401e-18)
(4.1144558 0.19570284 0)
(4.1637088 0.18556647 0)
(3.8362471 0.15000146 2.6630176e-18)
(3.8738275 0.16302863 7.6468705e-21)
(3.9157186 0.17355364 5.9242037e-21)
(3.9611826 0.18100051 0)
(4.0090342 0.18490084 -2.3910104e-18)
(4.058259 0.18483746 -8.9687053e-22)
(4.107673 0.18029125 0)
(4.1555602 0.17099358 -2.0785029e-18)
(3.8359031 0.13825315 0)
(3.872909 0.15002858 5.2422133e-18)
(3.9140439 0.15954632 2.5628671e-18)
(3.9586052 0.16624528 2.4826633e-18)
(4.0054335 0.16969721 1.416182e-21)
(4.0535129 0.16952351 4.5991932e-18)
(4.1017062 0.16534527 0)
(4.1484108 0.15689543 2.088245e-18)
(3.8357649 0.12666689 0)
(3.8722532 0.13725382 -2.6259466e-18)
(3.912696 0.14581482 1.2799507e-18)
(3.9564269 0.15181367 -2.489373e-18)
(4.0023162 0.15486028 1.201981e-18)
(4.0493579 0.15461717 -2.307265e-18)
(4.0964598 0.15081028 0)
(4.1421389 0.14319433 0)
(3.835771 0.11522174 0)
(3.8717952 0.12468107 1.3113033e-18)
(3.9116096 0.13233367 -2.5652516e-18)
(3.9545831 0.13767603 0)
(3.9996182 0.1403548 1.2042327e-18)
(4.045726 0.14007327 -1.1581783e-18)
(4.0918582 0.1366356 0)
(4.1366478 0.12982667 -1.0616712e-18)
(3.8358734 0.10390059 1.3330637e-18)
(3.8714844 0.11228935 -1.3157104e-18)
(3.9107332 0.11907847 1.2854364e-18)
(3.9530225 0.12380317 1.2476005e-18)
(3.9972876 0.12614588 0)
(4.0425616 0.12584883 1.1620448e-18)
(4.087838 0.12277441 1.1155893e-18)
(4.1318577 0.11673957 1.066724e-18)
(3.8360359 0.092688543 -2.5654073e-21)
(3.8712814 0.10005852 -1.3155195e-18)
(3.9100264 0.10602484 0)
(3.951704 0.11016586 -1.2513652e-18)
(3.9952823 0.11219909 -1.2101807e-18)
(4.0398188 0.11190327 1.1666927e-18)
(4.0843459 0.10918401 -2.2411049e-18)
(4.1277019 0.10388884 0)
(3.8362307 0.08157194 -1.3410557e-18)
(3.8711564 0.087969019 1.3201717e-18)
(3.9094577 0.093148675 1.288488e-18)
(3.9505953 0.096735465 0)
(3.9935686 0.098481536 1.2140409e-18)
(4.03746 0.098199403 -1.1707633e-18)
(4.0813377 0.095826324 2.2520903e-18)
(4.1241254 0.091237632 -1.0821683e-18)
(3.8364367 0.070537074 0)
(3.871086 0.076001258 1.3213507e-18)
(3.9090023 0.080425968 -1.2927571e-18)
(3.9496707 0.083484074 0)
(3.9921193 0.084961872 0)
(4.0354544 0.084702916 0)
(4.0787766 0.082667207 -1.1310634e-18)
(4.1210831 0.078754495 -1.28147e-21)
(3.8366376 0.059572292 -6.7312936e-19)
(3.8710524 0.064137744 -6.6380773e-19)
(3.9086414 0.067834842 0)
(3.9489101 0.070386063 0)
(3.9909124 0.07161135 0)
(4.033777 0.071382728 0)
(4.0766326 0.069676064 0)
(4.1185377 0.066412159 1.0937669e-18)
(3.8368211 0.048663832 6.7594436e-19)
(3.8710419 0.052359712 -1.3292423e-18)
(3.90836 0.055352802 0)
(3.9482976 0.057415624 0)
(3.9899308 0.058401335 0)
(4.0324078 0.058208358 0)
(4.0748809 0.056823186 0)
(4.1164594 0.054184724 -5.5043788e-19)
(3.8369781 0.037803106 0)
(3.871045 0.040652572 6.6686995e-19)
(3.9081476 0.042961099 0)
(3.9478216 0.044550696 0)
(3.9891612 0.045307128 6.1454346e-19)
(4.0313312 0.045153547 0)
(4.0735029 0.044083152 0)
(4.1148248 0.042050447 1.106381e-18)
(3.8371021 0.02697624 3.4009295e-19)
(3.8710547 0.02899623 0)
(3.9079971 0.030634626 0)
(3.9474744 0.031762626 3.1781637e-19)
(3.9885952 0.032297858 -6.1664696e-19)
(4.0305368 0.032186932 2.9829859e-19)
(4.0724851 0.031427021 0)
(4.1136178 0.029986057 -8.3402345e-19)
(3.8371949 0.01618161 -5.1229188e-19)
(3.8710727 0.017386609 0)
(3.9079102 0.018364844 -1.6384793e-19)
(3.947258 0.01903799 -4.7832812e-19)
(3.9882342 0.019355217 0)
(4.0300251 0.019285598 -4.4907935e-19)
(4.0718258 0.018828941 -1.4463923e-19)
(4.1128335 0.017965501 2.7936983e-19)
(3.8372823 0.0053975821 1.616994e-19)
(3.871123 0.0057981636 0)
(3.9079084 0.0061232825 1.5474428e-19)
(3.9471898 0.0063466443 1.5039718e-19)
(3.9880907 0.0064507245 0)
(4.0298022 0.0064255389 1.4096471e-19)
(4.0715238 0.0062715421 1.3611045e-19)
(4.1124626 0.0059820303 0)
(1.2878368 0.078372932 0)
(0.99106417 0.037278924 0)
(0.85203558 0.02246681 4.5077942e-18)
(0.83499674 0.019817504 -4.5418038e-18)
(0.83999437 0.021528477 -4.4560535e-18)
(0.84273817 0.023291197 4.3258792e-18)
(0.84659812 0.024253889 -4.1784697e-18)
(0.85124142 0.024794937 4.0210364e-18)
(0.85479128 0.025121837 -3.8479949e-18)
(0.85713405 0.025290823 3.6685252e-18)
(0.85889629 0.025367314 3.5051163e-18)
(0.8604557 0.025407246 -3.3238104e-18)
(0.86194878 0.025435592 -3.7513542e-21)
(0.86345424 0.025462392 -2.9566064e-18)
(0.86503748 0.025495461 0)
(0.86674322 0.025539348 -2.5842268e-18)
(0.86859638 0.025592643 2.3870852e-18)
(0.87061002 0.025648835 -2.193319e-18)
(0.87278366 0.025702546 -3.7146781e-21)
(0.87512495 0.025753617 -1.7933733e-18)
(0.87760239 0.025809485 -3.9270856e-22)
(0.8802976 0.025870272 -1.3976345e-18)
(0.88296675 0.025949717 1.1855238e-18)
(0.88626849 0.026001211 -9.7506628e-19)
(0.88838157 0.026142623 7.5950438e-19)
(0.89381099 0.026042211 -1.0885735e-18)
(0.89146119 0.026631581 -3.2058964e-19)
(0.9019624 0.025410279 -5.6199924e-22)
(2.7139839 0.19838237 2.222222e-18)
(2.5393437 0.13898698 2.4639157e-18)
(2.3909709 0.10357722 -2.6497507e-18)
(2.3078214 0.082175202 0)
(2.2605891 0.072008548 0)
(2.2311607 0.068078301 -5.4167076e-18)
(2.2141452 0.06662451 1.315361e-21)
(2.2054198 0.066199377 -2.5757836e-18)
(2.2012134 0.066222225 2.4855103e-18)
(2.1993968 0.066357406 -2.3854759e-18)
(2.1990626 0.066470624 2.2841169e-18)
(2.1997729 0.066546707 -4.2475963e-21)
(2.2012678 0.066598108 -2.0634363e-18)
(2.2034042 0.066638023 0)
(2.2061136 0.066681911 0)
(2.2093623 0.066743798 0)
(2.2131292 0.066828436 -1.5939835e-18)
(2.2173994 0.066928598 0)
(2.2221545 0.067032654 -1.3403915e-18)
(2.227389 0.067135553 0)
(2.233058 0.067244217 0)
(2.2392314 0.067367434 0)
(2.2456436 0.06751908 -1.045189e-21)
(2.2529671 0.067659631 0)
(2.2592862 0.067920277 -5.1761685e-19)
(2.2693515 0.067834825 3.7294866e-19)
(2.27137 0.069078791 0)
(2.2883955 0.066677249 -7.9111325e-20)
(3.4659536 0.23216968 -3.6274919e-18)
(3.40356 0.17540315 1.5042302e-20)
(3.3322646 0.14393842 -4.8459717e-22)
(3.2838455 0.12272428 -2.0349613e-18)
(3.2499327 0.11015478 -9.7479721e-22)
(3.2246468 0.1035766 6.9496489e-23)
(3.2072582 0.099949918 -9.3980903e-22)
(3.1963059 0.097827774 9.4786925e-22)
(3.1896919 0.096591697 1.7593805e-21)
(3.1859974 0.095843303 -1.7731426e-18)
(3.1844762 0.095348966 -1.697635e-18)
(3.1846665 0.09500263 1.6179849e-18)
(3.1862379 0.094752939 8.5360234e-23)
(3.1889638 0.094571608 2.8422438e-21)
(3.1926944 0.094448564 -1.3817513e-21)
(3.1973256 0.094384173 0)
(3.2027796 0.094375918 0)
(3.2089982 0.094410674 0)
(3.2159338 0.094469121 2.0053538e-18)
(3.2235573 0.094538294 1.8672433e-21)
(3.2318177 0.094619644 -8.0697971e-19)
(3.2407475 0.094722756 -7.0556259e-19)
(3.2501418 0.094863307 -6.0249351e-19)
(3.2604772 0.095003674 -8.6331301e-22)
(3.2703154 0.095297275 -3.8684129e-19)
(3.2833291 0.095172649 -4.3219857e-22)
(3.2898703 0.096763428 4.3186997e-22)
(3.3109255 0.093707618 -5.9953736e-20)
(3.9050663 0.24889474 8.0924643e-19)
(3.8883269 0.1931028 -2.5902835e-18)
(3.860244 0.16401022 0)
(3.8441039 0.14357109 2.6602417e-18)
(3.8343792 0.13017242 0)
(3.827576 0.12271225 2.5870986e-18)
(3.8243326 0.11854993 -8.4168687e-19)
(3.8244431 0.11608434 0)
(3.8268171 0.11461767 -7.8942894e-19)
(3.830678 0.11372413 2.272728e-18)
(3.8356776 0.11313365 1.3800954e-21)
(3.8416274 0.11271179 -6.9248605e-19)
(3.8483946 0.1123952 -6.5472464e-19)
(3.8558955 0.11215198 -1.2480379e-21)
(3.8640836 0.11197138 -5.8214127e-19)
(3.8729292 0.11185516 -1.1037931e-21)
(3.8824096 0.11180346 5.0489478e-19)
(3.8925078 0.11180513 -4.6532611e-19)
(3.9032101 0.11184006 -8.5398249e-19)
(3.9145143 0.11189156 -3.8400901e-19)
(3.9263985 0.11195671 6.8407653e-19)
(3.9389001 0.11204337 3.0168783e-19)
(3.9518689 0.11216912 2.5587648e-19)
(3.9656886 0.11229833 -7.3370462e-22)
(3.979209 0.11260076 4.9544263e-19)
(3.995533 0.11245464 -1.1853329e-19)
(4.0060626 0.11419985 0)
(4.0315325 0.11087904 2.5122074e-20)
(4.153994 0.25470796 8.0171993e-19)
(4.1627523 0.20119757 8.1849474e-19)
(4.1571352 0.17295374 8.3750351e-19)
(4.1582269 0.15284868 -8.2834789e-19)
(4.1630675 0.13899815 -8.1794404e-19)
(4.1689898 0.13111165 -7.9996389e-19)
(4.1768875 0.12678904 1.5590279e-18)
(4.186973 0.12428024 -1.4434704e-21)
(4.1985051 0.12282268 2.7400137e-21)
(4.2108924 0.12198699 -6.9828058e-19)
(4.2238826 0.12148689 0)
(4.2373504 0.12116808 -1.269829e-18)
(4.2512105 0.12095618 6.0286738e-19)
(4.2654186 0.1208136 -5.6805896e-19)
(4.2799624 0.12072593 5.3390934e-19)
(4.2948432 0.12069331 -4.9877039e-19)
(4.3100658 0.12071694 -4.6491533e-19)
(4.3256389 0.12078839 1.902562e-21)
(4.3415742 0.1208898 -1.4461436e-21)
(4.3578943 0.12100392 7.044724e-19)
(4.3746035 0.12112482 1.1439872e-21)
(4.3917552 0.12125706 -9.8339281e-22)
(4.4092367 0.12142046 -9.9776466e-22)
(4.4274023 0.12157914 1.9207554e-19)
(4.4452379 0.1219222 -1.492956e-19)
(4.4656694 0.12179787 1.9084301e-22)
(4.4802225 0.12360887 0)
(4.5111957 0.12036201 4.7591858e-20)
(4.2673855 0.2516107 -8.1478878e-19)
(4.2954574 0.20146218 0)
(4.3062133 0.17419628 -8.1161305e-19)
(4.3191014 0.15497492 -1.1722886e-21)
(4.3335802 0.14126304 1.5801804e-18)
(4.3478284 0.13319177 -7.4106188e-22)
(4.363018 0.12874224 1.3396972e-21)
(4.3797617 0.12616889 0)
(4.3976215 0.12468933 6.9712775e-19)
(4.4161453 0.12388443 0)
(4.4351391 0.12345937 6.3795214e-19)
(4.4545039 0.12324121 6.0690616e-19)
(4.4741618 0.12314259 5.7501917e-19)
(4.494066 0.12311834 5.4256002e-19)
(4.5141979 0.12314824 0)
(4.5345515 0.12322785 4.7557617e-19)
(4.5551245 0.12335664 0)
(4.5759192 0.12352777 4.0457876e-19)
(4.5969448 0.12372619 1.5168613e-21)
(4.6182236 0.1239352 -3.3287357e-19)
(4.6397644 0.12414584 -1.2329451e-21)
(4.6616222 0.12435748 2.5944299e-19)
(4.6836968 0.12459014 -2.2182408e-19)
(4.7063314 0.12480752 -1.8123647e-19)
(4.7285499 0.12521267 0)
(4.7533136 0.12515321 1.0202652e-19)
(4.7717141 0.12695898 0)
(4.8086654 0.12402781 -2.2734321e-20)
(4.2984724 0.24257233 8.1275493e-19)
(4.3391894 0.19660201 0)
(4.3616298 0.17061193 -8.1129786e-19)
(4.383144 0.15257876 0)
(4.404786 0.13935006 -1.5601941e-18)
(4.4252575 0.13127023 7.3004849e-22)
(4.4458216 0.12676547 -7.3775802e-19)
(4.467381 0.12416855 -7.0921165e-22)
(4.4897596 0.12268214 1.3078416e-21)
(4.512637 0.12189722 -1.309219e-21)
(4.5358878 0.12152007 -6.2652026e-19)
(4.5594558 0.12136795 1.1914058e-21)
(4.5832869 0.12134645 -5.6393399e-19)
(4.6073446 0.12140661 1.0679296e-21)
(4.631613 0.121524 9.3961363e-22)
(4.6560843 0.12168945 -9.3975322e-22)
(4.6807513 0.12189971 -1.61416e-21)
(4.7056101 0.12214916 1.6143629e-21)
(4.7306634 0.12242639 0)
(4.7559288 0.12271631 0)
(4.7814126 0.12300734 0)
(4.8071671 0.12329296 0)
(4.8330925 0.12359181 7.6482668e-22)
(4.8595312 0.12386854 -7.6489514e-22)
(4.8854899 0.12433061 0)
(4.9140718 0.12435822 0)
(4.9356793 0.12608289 0)
(4.9780754 0.12360937 0)
(4.2919054 0.23081642 0)
(4.3391495 0.18916934 0)
(4.3686227 0.16442609 8.1148416e-19)
(4.3954545 0.14751749 8.0004655e-19)
(4.4217317 0.1349012 7.7768066e-19)
(4.44644 0.1269393 7.5367912e-22)
(4.4707235 0.12245127 0)
(4.4956118 0.11987475 7.1027928e-19)
(4.5211067 0.1184004 -5.7430188e-23)
(4.5469778 0.11763137 -6.5248848e-19)
(4.5731456 0.11728429 -1.1823835e-21)
(4.599588 0.11717421 2.3035407e-21)
(4.6262732 0.11720336 -1.1210219e-21)
(4.653177 0.11732069 0)
(4.6802901 0.11749797 4.9224818e-19)
(4.707608 0.11772111 9.305706e-22)
(4.7351239 0.11798404 -4.2602831e-19)
(4.7628327 0.11828268 0)
(4.7907348 0.11861 -3.5686281e-19)
(4.8188454 0.11895356 1.1860506e-21)
(4.8471695 0.11930023 -2.2302201e-21)
(4.8757592 0.11963843 1.9449709e-21)
(4.9045134 0.11998489 -2.1210328e-19)
(4.9337833 0.12030738 -1.4866893e-22)
(4.962534 0.12080768 -1.3628805e-19)
(4.9940494 0.1209251 0)
(5.0180085 0.12250489 5.5531434e-20)
(5.0646882 0.1205376 0)
(4.2742889 0.21815864 0)
(4.3242465 0.18064913 0)
(4.357559 0.1571009 0)
(4.387208 0.14118804 -8.0242969e-19)
(4.4159924 0.12922441 7.8389717e-19)
(4.4431379 0.12144683 -7.2932694e-22)
(4.4695931 0.11699618 7.3194337e-22)
(4.4964133 0.11444136 -9.5765312e-22)
(4.5237223 0.11297198 1.3577045e-21)
(4.5513509 0.11220292 6.5078795e-19)
(4.5792448 0.11186473 1.1813173e-21)
(4.6074022 0.11177352 5.8794752e-19)
(4.6358064 0.11182925 0)
(4.6644403 0.11197873 0)
(4.6932982 0.11218995 -4.9207627e-19)
(4.7223776 0.11244412 0)
(4.7516724 0.11273282 4.2320575e-19)
(4.781177 0.11305372 1.5914723e-21)
(4.8108898 0.11340412 3.5560269e-19)
(4.8408243 0.11377466 1.1811099e-21)
(4.8709842 0.11415153 -1.1803196e-21)
(4.9014229 0.11451987 2.4699381e-19)
(4.9320375 0.11489445 2.1258867e-19)
(4.9631933 0.11524764 -7.501578e-22)
(4.9938073 0.11576649 1.3495185e-19)
(5.0273373 0.11596422 9.6623379e-20)
(5.0528325 0.1173603 -5.5208907e-20)
(5.1024916 0.11587569 0)
(4.2566223 0.20534791 -8.7158301e-19)
(4.3075679 0.17171387 0)
(4.3431401 0.14939416 -8.2935897e-19)
(4.37432 0.1343801 -8.1210465e-19)
(4.4043801 0.12306895 -1.5744119e-18)
(4.4328202 0.11551051 -7.6340031e-19)
(4.4604095 0.11110116 0)
(4.4881842 0.10855996 -1.4233513e-18)
(4.516365 0.10708572 -6.7948803e-19)
(4.5448362 0.10630187 -6.5341681e-19)
(4.5735618 0.10595354 -6.2134279e-19)
(4.6025552 0.10586036 -1.1787134e-18)
(4.6318116 0.10592076 -1.1205e-21)
(4.6613195 0.10607939 -5.2539186e-19)
(4.6910753 0.1063008 -9.2929176e-22)
(4.7210779 0.10656247 -4.5789934e-19)
(4.7513219 0.10685434 -4.2482154e-19)
(4.7818014 0.10717573 -3.8889539e-19)
(4.812513 0.1075274 -3.5687978e-19)
(4.8434676 0.10790285 -3.1883962e-19)
(4.8746674 0.10828866 -2.8424477e-19)
(4.9061671 0.1086686 -4.9553713e-19)
(4.9378623 0.10905556 -1.4501573e-22)
(4.970133 0.1094266 -1.7378566e-19)
(5.0018509 0.10994709 0)
(5.0366175 0.11020742 -1.9285286e-19)
(5.0629958 0.11140521 -5.46737e-20)
(5.1144896 0.11033405 -2.3177917e-20)
(4.2415378 0.19262208 8.7962057e-19)
(4.2928683 0.16257965 0)
(4.3300757 0.14155996 8.3412942e-19)
(4.3623303 0.12738756 8.1366885e-19)
(4.3931689 0.11672368 7.9069347e-19)
(4.4223879 0.10942303 7.6623046e-19)
(4.4506218 0.10507302 0)
(4.4788689 0.10254932 7.1425652e-19)
(4.5074327 0.10107034 6.810342e-19)
(4.5362517 0.1002664 6.5484901e-19)
(4.5653088 0.099897952 6.214676e-19)
(4.5946315 0.099790451 5.9230102e-19)
(4.6242268 0.099841327 0)
(4.6540895 0.099993227 5.2635974e-19)
(4.6842188 0.10020811 0)
(4.7146159 0.10046104 4.5958301e-19)
(4.7452772 0.10074121 4.2388183e-19)
(4.7761974 0.10104895 3.9250707e-19)
(4.8073723 0.10138735 3.5589606e-19)
(4.8388105 0.10175226 3.2159167e-19)
(4.8705125 0.10213191 2.8323808e-19)
(4.902535 0.10251037 2.4789936e-19)
(4.9347724 0.10289866 7.4996033e-22)
(4.9676184 0.10327716 1.7301924e-19)
(4.9999064 0.10378534 -1.4941028e-22)
(5.0353449 0.10408577 9.5964636e-20)
(5.0621543 0.10508889 5.4704487e-20)
(5.114634 0.10434257 2.3180299e-20)
(4.2288437 0.18002934 8.9930402e-19)
(4.2803534 0.15328238 0)
(4.3189286 0.13363151 8.4470539e-19)
(4.3521433 0.12027785 -8.2276859e-19)
(4.3836208 0.11026154 7.9761347e-19)
(4.4134456 0.10326287 7.7139646e-19)
(4.4421614 0.099001866 -7.4005611e-22)
(4.4707179 0.096509073 7.1393289e-19)
(4.4994884 0.095033992 1.3681396e-21)
(4.528466 0.09421414 0)
(4.5576537 0.093825363 -6.2523758e-19)
(4.5870924 0.093700366 5.9239526e-19)
(4.6168009 0.09373611 5.6119783e-19)
(4.6467808 0.093873572 -5.2730629e-19)
(4.677035 0.09407354 4.9405191e-19)
(4.7075675 0.094310109 -4.6031682e-19)
(4.7383777 0.094572011 4.2611051e-19)
(4.7694619 0.094859803 0)
(4.8008155 0.095177652 3.5632789e-19)
(4.8324459 0.09552357 3.2193356e-19)
(4.8643523 0.095888306 -2.858616e-19)
(4.8965934 0.096257622 2.4808945e-19)
(4.9290631 0.096640055 -2.1014197e-19)
(4.9621666 0.097017359 1.7245234e-19)
(4.9947078 0.097502015 -1.3456218e-19)
(5.0304692 0.097819627 -2.947657e-22)
(5.0574436 0.098643762 2.9431107e-22)
(5.1103743 0.09813614 -2.3473573e-20)
(4.2179621 0.16758504 -9.0694974e-19)
(4.2695391 0.14383445 0)
(4.309293 0.12559868 -8.4806217e-19)
(4.3434232 0.11306004 8.2373292e-19)
(4.3755044 0.10369097 -7.9906475e-19)
(4.4058787 0.097034067 -7.7174265e-19)
(4.4350346 0.092894812 0)
(4.4638676 0.090450816 -7.167691e-19)
(4.4928062 0.08899302 -1.3122001e-21)
(4.5218972 0.088167295 2.563995e-21)
(4.5511636 0.087763862 6.227698e-19)
(4.5806583 0.087623646 -5.9109812e-19)
(4.6104111 0.087644008 -5.6113999e-19)
(4.6404306 0.08776519 5.2717194e-19)
(4.6707234 0.087948072 -4.958406e-19)
(4.7012968 0.088166773 4.6203144e-19)
(4.7321533 0.088409487 -4.2842018e-19)
(4.763291 0.088676099 3.0617604e-21)
(4.7947054 0.088971002 -3.5835934e-19)
(4.8264031 0.089294355 -3.224368e-19)
(4.8583823 0.089639966 2.873408e-19)
(4.8907035 0.089995746 -2.4860315e-19)
(4.9232602 0.090367123 2.1105432e-19)
(4.9564669 0.090735546 -1.7419833e-19)
(4.9891051 0.091188125 1.3474987e-19)
(5.0250069 0.091503637 0)
(5.0520178 0.092171666 0)
(5.1051163 0.091832329 2.3500801e-20)
(4.2085036 0.15529552 -2.1897927e-22)
(4.2600606 0.13425447 -2.0072775e-22)
(4.3008144 0.11745429 4.2782903e-22)
(4.3358042 0.10573561 0)
(4.3684615 0.097010769 0)
(4.3993475 0.090727878 7.4317234e-22)
(4.4289232 0.086742664 7.4743672e-19)
(4.4580285 0.084367204 1.3741327e-21)
(4.4871333 0.082941769 -5.9614482e-23)
(4.5163345 0.08212209 -1.3146621e-21)
(4.5456751 0.081711753 0)
(4.5752189 0.081560665 -1.1297772e-21)
(4.6050055 0.081567829 1.1287417e-21)
(4.6350501 0.081673916 0)
(4.6653631 0.081840672 0)
(4.6959547 0.082042658 0)
(4.7268301 0.082267312 0)
(4.7579892 0.082513319 0)
(4.7894283 0.082784993 0)
(4.8211531 0.083084529 -1.1860672e-21)
(4.8531608 0.08340886 1.1847609e-21)
(4.885513 0.083747856 -8.9887746e-22)
(4.9181027 0.084103522 8.978748e-22)
(4.9513515 0.084456205 -6.023895e-22)
(4.9840242 0.084871216 1.5002207e-22)
(5.0199858 0.085171515 7.4593357e-22)
(5.0469856 0.085709636 5.4099639e-20)
(5.1001275 0.085487589 0)
(4.2002388 0.14316105 0)
(4.2517099 0.12456536 0)
(4.2932975 0.10919883 0)
(4.3290753 0.098308833 0)
(4.3622731 0.090224276 0)
(4.3936296 0.084341002 7.786556e-19)
(4.4236 0.080540407 -7.4819812e-19)
(4.4529703 0.078253592 6.5891814e-22)
(4.4822401 0.076875419 -1.3774943e-21)
(4.5115519 0.07607364 6.5903905e-19)
(4.540969 0.075664376 -1.1945661e-21)
(4.5705643 0.075507188 1.1935755e-21)
(4.6003864 0.075504214 5.6280729e-19)
(4.630457 0.07559728 0)
(4.6607899 0.075749561 0)
(4.6913978 0.075936123 0)
(4.7222886 0.076143618 4.2631172e-19)
(4.7534639 0.076369564 1.6025174e-21)
(4.7849205 0.07661818 0)
(4.8166638 0.076893456 3.2072406e-19)
(4.8486898 0.077194957 1.1859918e-21)
(4.8810604 0.07751411 0)
(4.9136679 0.077849676 0)
(4.9469393 0.07818111 1.7362191e-19)
(4.9796266 0.078556367 -4.5188652e-22)
(5.0156173 0.078834696 4.5141932e-22)
(5.0425959 0.079269106 -7.4882669e-23)
(5.0957371 0.079129593 0)
(4.193012 0.13117468 0)
(4.2443536 0.11478807 -4.5188346e-19)
(4.2866293 0.10083663 4.3583569e-19)
(4.3231178 0.090785765 -1.2240328e-21)
(4.3568158 0.083338615 4.0756281e-19)
(4.3885997 0.077875608 -3.9084861e-19)
(4.4189345 0.074288008 0)
(4.4485568 0.072109615 3.6111096e-19)
(4.4779857 0.070792832 0)
(4.5074051 0.070020087 -3.2995737e-19)
(4.5368976 0.069619394 3.1301733e-19)
(4.5665448 0.069460693 1.1953545e-21)
(4.5964035 0.069450468 -2.8072778e-19)
(4.6265011 0.069532389 -1.067819e-21)
(4.6568551 0.069671261 2.4752113e-19)
(4.6874804 0.06984277 2.3412933e-19)
(4.7183869 0.070033133 -2.1759848e-19)
(4.7495781 0.070239091 1.3561965e-22)
(4.7810517 0.070464827 1.8050951e-19)
(4.8128127 0.070715679 -3.2230116e-19)
(4.8448561 0.070993102 1.4190801e-19)
(4.8772432 0.071289654 1.2558318e-19)
(4.9098654 0.071601615 7.5317926e-22)
(4.9431537 0.071908263 -8.7700471e-20)
(4.975851 0.072244489 -4.5209719e-22)
(5.0118596 0.072498785 4.8982541e-20)
(5.0388199 0.072852856 -2.7549466e-20)
(5.0919481 0.072771506 1.1893364e-20)
(4.1867015 0.11932486 0)
(4.237889 0.10494065 9.1133948e-19)
(4.2807289 0.092374887 -8.7627646e-19)
(4.3178512 0.083173891 -4.2165442e-22)
(4.3520077 0.076363187 -4.0629765e-19)
(4.3841772 0.071337221 -3.9269805e-19)
(4.414844 0.067988437 0)
(4.444702 0.065937428 -3.6171404e-19)
(4.4742813 0.064695128 0)
(4.5038022 0.063961382 -3.3056182e-19)
(4.5333667 0.063576025 -6.3052254e-19)
(4.5630641 0.063419808 2.3316915e-21)
(4.5929581 0.063404574 -2.8328987e-19)
(4.6230823 0.063476463 -2.6556328e-19)
(4.653457 0.063602051 -2.4782778e-19)
(4.6840993 0.063758108 -4.6263991e-19)
(4.7150212 0.063930906 -2.1620726e-19)
(4.746228 0.064116804 -1.9694804e-19)
(4.7777182 0.064320014 -1.7924734e-19)
(4.8094966 0.064546627 -1.1895492e-21)
(4.8415571 0.064799242 -1.4296942e-19)
(4.8739603 0.065071276 -1.2272747e-19)
(4.9065964 0.06535744 -9.0003371e-22)
(4.9398996 0.0656376 -1.7388504e-19)
(4.9726058 0.065937159 0)
(5.0086277 0.066167523 -4.8284657e-20)
(5.035575 0.066459996 -2.7220467e-20)
(5.0886871 0.066418072 -2.3815255e-20)
(4.1812081 0.10759833 2.291278e-22)
(4.2322308 0.095038666 1.5907929e-21)
(4.2755308 0.083822983 4.4082826e-19)
(4.3132124 0.075481821 -4.2405752e-22)
(4.3477857 0.069308466 0)
(4.3803007 0.064733111 0)
(4.4112675 0.061646002 0)
(4.4413429 0.059739902 0)
(4.4710623 0.058583779 0)
(4.5006777 0.057897661 0)
(4.5303094 0.057533419 -1.2270331e-21)
(4.5600538 0.057382873 1.1986066e-21)
(4.589981 0.057364179 -2.8142328e-19)
(4.6201299 0.057426472 2.6480852e-19)
(4.650524 0.057538505 0)
(4.6811822 0.057678506 2.3197749e-19)
(4.7121183 0.057833324 1.6095459e-21)
(4.7433396 0.057999329 1.9555508e-19)
(4.7748453 0.058180674 0)
(4.8066403 0.058383647 -1.1905524e-21)
(4.838717 0.058611353 2.2363367e-21)
(4.8711355 0.058857922 -1.0459524e-21)
(4.9037846 0.059117268 0)
(4.937101 0.059370375 8.700901e-20)
(4.9698156 0.059635921 0)
(5.0058481 0.05984264 0)
(5.0327868 0.060087251 0)
(5.0858819 0.060069252 1.1921138e-20)
(4.1764504 0.09598187 0)
(4.2273076 0.085095715 -4.6298207e-19)
(4.2709808 0.075191761 4.4526563e-19)
(4.3091509 0.067718752 -4.2636436e-22)
(4.344099 0.062184897 7.8586375e-22)
(4.3769215 0.058070889 -7.8725416e-22)
(4.4081562 0.055264946 0)
(4.4384296 0.05351946 3.6334363e-19)
(4.4682779 0.052459641 0)
(4.4979799 0.051828396 0)
(4.5276732 0.051490067 3.1430539e-19)
(4.5574609 0.051347783 2.3375681e-21)
(4.5874187 0.051326753 2.8168405e-19)
(4.6175902 0.051379714 0)
(4.648002 0.051477971 -9.4092699e-22)
(4.6786746 0.051601568 9.3980679e-22)
(4.7096236 0.05173839 0)
(4.7408579 0.051885009 -1.4730173e-21)
(4.7723777 0.052045341 1.4712483e-21)
(4.8041879 0.05222545 -1.1914985e-21)
(4.8362797 0.052428541 1.1900647e-21)
(4.8687122 0.052649419 9.0231557e-22)
(4.9013732 0.052881677 1.0513702e-19)
(4.9347012 0.053107586 0)
(4.9674234 0.053341254 0)
(5.0034643 0.053524021 0)
(5.0303974 0.053730431 0)
(5.083475 0.053723565 -1.1931855e-20)
(4.1723617 0.084463025 2.3351615e-22)
(4.2230603 0.075123457 2.1139872e-22)
(4.267034 0.066492682 -4.4760983e-19)
(4.3056257 0.059894049 -4.2998257e-19)
(4.3409065 0.055002331 -4.1250909e-19)
(4.3739997 0.051357815 1.5470601e-21)
(4.4054709 0.048849188 -3.8069467e-19)
(4.4359221 0.047277926 -3.638957e-19)
(4.465887 0.046322979 3.4810509e-19)
(4.4956672 0.045752566 -3.3208079e-19)
(4.5254163 0.045444255 -1.2028051e-21)
(4.5552432 0.045312446 3.0081848e-19)
(4.5852285 0.045290085 0)
(4.6154205 0.045334154 -2.6643179e-19)
(4.6458481 0.045418798 2.4953238e-19)
(4.6765336 0.045526157 0)
(4.7074942 0.045645394 -2.1346097e-19)
(4.7387401 0.045773297 -1.6105818e-21)
(4.7702725 0.045913494 0)
(4.8020963 0.046071494 -1.6286101e-19)
(4.8342016 0.046250423 1.4226153e-22)
(4.8666468 0.046445599 1.0473949e-21)
(4.8993182 0.046650722 -2.1223202e-19)
(4.9326563 0.04684933 0)
(4.9653852 0.047052694 -6.8015623e-20)
(5.0014329 0.047210744 4.5232804e-22)
(5.0283622 0.047385968 2.7199505e-20)
(5.0814219 0.047380057 2.5898618e-24)
(4.1688875 0.073029771 2.3556891e-22)
(4.2194397 0.065130956 2.1297592e-22)
(4.2636535 0.057736212 -2.0260369e-23)
(4.3026035 0.052015973 -1.8025791e-21)
(4.3381748 0.047769197 4.1444868e-19)
(4.3715032 0.044600276 -7.5940494e-22)
(4.4031798 0.042402171 5.6473581e-22)
(4.4337878 0.041016793 0)
(4.4638564 0.040174066 -6.9719567e-19)
(4.4937061 0.039669566 3.3374876e-19)
(4.5235046 0.039394802 -2.4707019e-21)
(4.5533665 0.03927555 -2.9987619e-19)
(4.5833763 0.039253011 1.138648e-21)
(4.6135863 0.039288873 2.6568937e-19)
(4.6440279 0.039360469 -2.4876746e-19)
(4.6747248 0.039452103 -2.3262534e-19)
(4.7056955 0.039554306 2.1527317e-19)
(4.7369516 0.039664141 -1.9766595e-19)
(4.7684952 0.039784833 1.7984106e-19)
(4.800331 0.039921227 1.6180911e-19)
(4.8324483 0.04007628 -1.4350171e-19)
(4.8649045 0.040245665 0)
(4.897585 0.040423617 1.061883e-19)
(4.9309316 0.040594825 0)
(4.9636662 0.040769181 6.7162944e-20)
(4.9997193 0.040901727 -4.7872274e-20)
(5.0266459 0.041051456 -2.7220205e-20)
(5.0796876 0.041038506 2.3890447e-20)
(4.1659835 0.061670676 2.3753584e-22)
(4.2164053 0.055125207 -2.3773341e-22)
(4.2608084 0.048931963 0)
(4.3000577 0.044092145 2.1625584e-19)
(4.3358775 0.040492998 0)
(4.3694062 0.037804233 -7.6140937e-22)
(4.4012579 0.035927139 3.8145524e-19)
(4.432001 0.034737504 7.2904165e-22)
(4.4621599 0.034013235 1.7317537e-19)
(4.4920697 0.033578946 2.6007466e-21)
(4.5219111 0.033340938 -1.6080412e-19)
(4.5518034 0.033236392 2.3453069e-21)
(4.5818345 0.03321501 -1.1397725e-21)
(4.6120601 0.033243649 -1.3447944e-19)
(4.6425138 0.033302905 1.9524987e-21)
(4.6732205 0.033379432 1.1372791e-19)
(4.7041999 0.033465192 1.3459579e-22)
(4.7354649 0.033557514 1.979719e-19)
(4.7670181 0.033659187 -1.7851694e-19)
(4.7988642 0.033774349 8.0951263e-20)
(4.8309918 0.033905588 7.1819104e-20)
(4.8634574 0.03404906 0)
(4.8961455 0.034199807 0)
(4.929499 0.034343626 0)
(4.962238 0.034490304 -4.5319836e-22)
(4.9982954 0.034596835 2.4346401e-20)
(5.0252195 0.034726344 1.3896926e-20)
(5.0782431 0.034699894 -1.1951534e-20)
(4.163614 0.050373277 -2.5140461e-19)
(4.2139243 0.045110321 -2.3864009e-19)
(4.2584741 0.040087955 -8.8985852e-22)
(4.2979669 0.036129441 4.3630938e-19)
(4.3339933 0.033180746 -8.3164833e-22)
(4.3676882 0.030976077 -1.9885437e-19)
(4.3996849 0.029428724 1.9041486e-19)
(4.4305413 0.028443248 -1.398022e-21)
(4.4607763 0.027842704 1.7617791e-19)
(4.490737 0.027482166 1.2708616e-21)
(4.5206145 0.027283559 -2.4828558e-21)
(4.5505324 0.027195438 6.3068376e-23)
(4.5805814 0.027176298 1.1408399e-21)
(4.6108201 0.027198442 1.3257834e-19)
(4.6412839 0.027245883 1.2705296e-19)
(4.6719989 0.027307659 1.1732143e-19)
(4.7029856 0.027377266 1.0766857e-19)
(4.7342578 0.027452361 -1.614431e-21)
(4.7658188 0.027535247 0)
(4.7976734 0.027629214 -8.1203624e-24)
(4.8298093 0.027736473 7.1852036e-20)
(4.8622824 0.027853707 0)
(4.8949763 0.027977102 5.2382463e-20)
(4.9283352 0.028093463 1.3604643e-21)
(4.9610768 0.028213748 3.2766588e-20)
(4.9971375 0.028293763 2.4639879e-20)
(5.0240585 0.028408246 -2.721418e-20)
(5.0770629 0.028362415 0)
(4.1617516 0.039127068 2.5352554e-19)
(4.2119711 0.035090106 2.3987911e-19)
(4.2566314 0.031211416 0)
(4.2963151 0.02813287 -2.1748009e-19)
(4.3325066 0.025836411 -1.6335427e-21)
(4.3663339 0.024118749 2.0081236e-19)
(4.3984463 0.022908313 -1.9221674e-19)
(4.4293935 0.022134432 2.1316144e-21)
(4.4596901 0.021662625 -1.398493e-21)
(4.4896917 0.02137934 1.272286e-21)
(4.5195981 0.021222882 1.5738579e-19)
(4.5495366 0.021153153 1.1433436e-21)
(4.5795999 0.021137673 -2.2198528e-21)
(4.6098489 0.021154464 -1.3262136e-19)
(4.6403206 0.021190964 -1.2614745e-19)
(4.6710418 0.021238711 -1.1565235e-19)
(4.7020339 0.021292697 -1.0788784e-19)
(4.7333114 0.021351078 0)
(4.7648781 0.021415582 -9.0113851e-20)
(4.7967388 0.021488663 -8.1064894e-20)
(4.8288806 0.021572127 -7.0834644e-20)
(4.8613588 0.021663193 6.1546562e-20)
(4.8940563 0.021759391 -1.0634123e-19)
(4.9274182 0.021848608 0)
(4.9601602 0.021944 -3.3846565e-20)
(4.9962224 0.021997362 -2.4187376e-20)
(5.0231386 0.022102771 1.3611501e-20)
(5.0761217 0.022031678 0)
(4.1603769 0.02792093 -1.2739404e-19)
(4.2105276 0.025070212 1.2064575e-19)
(4.2552666 0.022316 0)
(4.2950915 0.020117054 1.0963131e-19)
(4.3314065 0.018474342 1.0480768e-19)
(4.3653329 0.017245138 -7.6684827e-22)
(4.3975313 0.016375773 9.6703931e-20)
(4.4285466 0.015817626 9.314744e-20)
(4.4588892 0.015476784 8.6221406e-20)
(4.4889211 0.015271866 1.2736343e-21)
(4.5188489 0.015158179 7.6925642e-20)
(4.5488022 0.01510701 7.5338228e-20)
(4.5788755 0.015094995 1.1428099e-21)
(4.6091313 0.015106205 1.9969538e-19)
(4.6396079 0.015131431 6.4604123e-20)
(4.6703327 0.01516476 1.1574043e-19)
(4.7013276 0.015202566 5.236093e-20)
(4.7326077 0.015243647 1.3691911e-22)
(4.7641772 0.015289122 9.1655301e-20)
(4.7960407 0.015340747 0)
(4.828185 0.015399766 1.0789832e-19)
(4.8606649 0.015463936 -6.2637785e-20)
(4.8933626 0.015532225 7.9040325e-20)
(4.9267244 0.01559368 -2.1065243e-20)
(4.959463 0.015664553 0)
(4.9955242 0.01568922 3.6004667e-20)
(5.0224324 0.015793144 7.0970033e-21)
(5.0753887 0.015686202 0)
(4.159482 0.016730547 6.4445974e-20)
(4.2095855 0.015031973 -1.8207264e-19)
(4.2543732 0.01338671 -9.0276652e-22)
(4.2942888 0.012069055 -1.1037311e-19)
(4.3306841 0.011085242 -1.042219e-19)
(4.3646744 0.010350326 -7.6845093e-22)
(4.396928 0.0098301764 -9.5316379e-20)
(4.4279868 0.0094957702 -9.1860987e-20)
(4.4583586 0.0092918787 -8.9056681e-20)
(4.4884094 0.0091698394 2.6123162e-21)
(4.5183499 0.0091025892 -8.0750965e-20)
(4.5483116 0.0090729507 -7.4192897e-20)
(4.5783898 0.0090668542 -2.223459e-21)
(4.6086483 0.0090747362 -6.5875026e-20)
(4.6391262 0.0090909294 -6.3639955e-20)
(4.6698511 0.0091120181 -8.1209994e-22)
(4.7008454 0.009135731 -5.3882624e-20)
(4.7321244 0.0091615896 1.6177361e-21)
(4.7636923 0.0091901378 0)
(4.7955538 0.0092224689 0)
(4.8276955 0.0092593422 -3.5986908e-20)
(4.8601721 0.0092988371 9.0586193e-22)
(4.8928649 0.0093419222 -2.7517672e-20)
(4.9262218 0.0093772318 2.2440328e-20)
(4.9589516 0.0094289118 7.4072229e-21)
(4.9950082 0.0094206659 -1.1651737e-20)
(5.0219019 0.0095393772 -6.8056828e-21)
(5.0748256 0.0093885191 0)
(4.1590484 0.0055674766 5.9439118e-20)
(4.2091203 0.0049996157 5.5728071e-20)
(4.2539246 0.0044492835 0)
(4.2938796 0.0040079251 -7.7259463e-22)
(4.3303109 0.0036785834 3.2573322e-23)
(4.3643298 0.0034328252 3.0895322e-23)
(4.3966087 0.0032585431 7.0300879e-22)
(4.4276878 0.0031457636 0)
(4.4580735 0.0030761743 0)
(4.4881332 0.0030335783 1.1664309e-21)
(4.5180794 0.0030089398 -5.7432503e-23)
(4.5480441 0.0029965738 -2.151739e-21)
(4.5781229 0.0029918062 1.0450497e-21)
(4.6083799 0.0029915343 -9.256663e-22)
(4.6388543 0.0029938512 1.7881292e-21)
(4.6695739 0.0029976976 -8.6257836e-22)
(4.7005611 0.0030022838 0)
(4.7318313 0.0030075334 0)
(4.7633896 0.0030135723 0)
(4.7952412 0.003020757 -1.0904636e-21)
(4.8273729 0.0030293589 1.0885524e-21)
(4.8598398 0.0030384669 0)
(4.8925215 0.0030492391 -6.889605e-22)
(4.9258674 0.0030553747 6.877527e-22)
(4.9585792 0.0030725425 -8.1088263e-21)
(4.9946253 0.0030530422 4.1179857e-22)
(5.0214956 0.0031160558 0)
(5.0743614 0.0030233917 0)
)
;

boundaryField
{
    inlet
    {
        type            fixedValue;
        value           uniform (3.4 0 0);
    }
    outlet
    {
        type            inletOutlet;
        inletValue      uniform (0 0 0);
        value           nonuniform List<vector> 
27
(
(0.9019624 0.025410279 -5.6199924e-22)
(2.2883955 0.066677249 -7.9111325e-20)
(3.3109255 0.093707618 -5.9953736e-20)
(4.0315325 0.11087904 2.5122074e-20)
(4.5111957 0.12036201 4.7591858e-20)
(4.8086654 0.12402781 -2.2734321e-20)
(4.9780754 0.12360937 0)
(5.0646882 0.1205376 0)
(5.1024916 0.11587569 0)
(5.1144896 0.11033405 -2.3177917e-20)
(5.114634 0.10434257 2.3180299e-20)
(5.1103743 0.09813614 -2.3473573e-20)
(5.1051163 0.091832329 2.3500801e-20)
(5.1001275 0.085487589 0)
(5.0957371 0.079129593 0)
(5.0919481 0.072771506 1.1893364e-20)
(5.0886871 0.066418072 -2.3815255e-20)
(5.0858819 0.060069252 1.1921138e-20)
(5.083475 0.053723565 -1.1931855e-20)
(5.0814219 0.047380057 2.5898618e-24)
(5.0796876 0.041038506 2.3890447e-20)
(5.0782431 0.034699894 -1.1951534e-20)
(5.0770629 0.028362415 0)
(5.0761217 0.022031678 0)
(5.0753887 0.015686202 0)
(5.0748256 0.0093885191 0)
(5.0743614 0.0030233917 0)
)
;
    }
    hydrofoilFlap
    {
        type            noSlip;
    }
    farfield
    {
        type            slip;
    }
    frontAndBack
    {
        type            empty;
    }
}


// ************************************************************************* //
