/*--------------------------------*- C++ -*----------------------------------*\
| =========                 |                                                 |
| \\      /  F ield         | OpenFOAM: The Open Source CFD Toolbox           |
|  \\    /   O peration     | Version:  2512                                  |
|   \\  /    A nd           | Website:  www.openfoam.com                      |
|    \\/     M anipulation  |                                                 |
\*---------------------------------------------------------------------------*/
FoamFile
{
    version     2.0;
    format      ascii;
    arch        "LSB;label=32;scalar=64";
    class       volScalarField;
    location    "75";
    object      p;
}
// * * * * * * * * * * * * * * * * * * * * * * * * * * * * * * * * * * * * * //

dimensions      [0 2 -2 0 0 0 0];

internalField   nonuniform List<scalar> 
2052
(
7.9875573
7.4096108
7.1183913
6.9747408
6.8592232
6.7816908
6.7468337
6.7349025
6.7277083
6.71765
6.7035451
6.6860212
6.6670337
6.6452821
7.7890086
7.3795121
7.1234802
6.9832127
6.8693459
6.790707
6.7534231
6.7393321
6.730599
6.7195298
6.7048068
6.6869251
6.6677157
6.6456921
7.6698203
7.3835354
7.1403316
6.9983695
6.8903274
6.8118125
6.769179
6.7491318
6.7359957
6.7222309
6.7060826
6.6875568
6.667992
6.6458753
7.5859165
7.3730102
7.1455736
7.005941
6.9052915
6.8291395
6.7832744
6.758758
6.742035
6.7258261
6.7081547
6.6887459
6.6685367
6.6463751
7.5147976
7.3502833
7.146003
7.0117974
6.9170097
6.8432313
6.7952447
6.7672966
6.7476521
6.7293207
6.710221
6.6899252
6.6690494
6.6467746
7.4545464
7.3262426
7.146214
7.0175135
6.926801
6.8552652
6.8058377
6.7749964
6.7527822
6.7325688
6.7121815
6.6910675
6.6695582
6.6470035
7.4035981
7.3022973
7.1444093
7.0217025
6.9345741
6.8654868
6.8152864
6.7820529
6.7575824
6.7356885
6.7141168
6.6922142
6.6700779
6.6471345
7.3601359
7.2788307
7.1406433
7.0247348
6.9410188
6.8743371
6.8238088
6.7886051
6.7621405
6.7387203
6.7160378
6.6933623
6.6706081
6.647242
7.3227447
7.2564479
7.1355836
7.0269142
6.946405
6.8819376
6.8314097
6.794629
6.7664224
6.7416262
6.7179162
6.6944997
6.6711509
6.6473594
7.2903643
7.235497
7.1296303
7.0282683
6.9508373
6.8884184
6.8381537
6.8001497
6.7704332
6.7443995
6.7197436
6.6956225
6.6717057
6.6474941
7.2621728
7.2161176
7.1230981
7.0288831
6.9544723
6.8939547
6.84413
6.8051965
6.7741764
6.7470302
6.7215062
6.6967202
6.672265
6.6476455
7.2375231
7.1983449
7.1162652
7.028876
6.9574381
6.8986816
6.8494048
6.8097867
6.777652
6.74951
6.7231929
6.6977851
6.6728233
6.6478133
7.2159024
7.1821545
7.1093566
7.0283586
6.959831
6.9027099
6.8540434
6.8139435
6.7808652
6.7518355
6.7247963
6.6988107
6.6733751
6.6479954
7.1969007
7.1674874
7.1025465
7.0274379
6.9617341
6.9061379
6.85811
6.8176913
6.7838215
6.7540035
6.7263093
6.6997905
6.6739147
6.6481884
7.1801875
7.1542674
7.0959678
7.0262152
6.9632213
6.9090493
6.8616635
6.8210535
6.7865264
6.7560122
6.7277265
6.7007189
6.6744368
6.6483885
7.1654943
7.142412
7.08972
7.0247834
6.9643579
6.9115151
6.8647572
6.8240536
6.7889864
6.7578611
6.7290437
6.7015912
6.6749368
6.6485917
7.1526016
7.1318392
7.0838757
7.0232254
6.9652029
6.9135961
6.8674395
6.8267146
6.7912082
6.7595501
6.7302577
6.702403
6.6754101
6.6487938
7.1413293
7.1224712
7.0784868
7.021614
6.9658089
6.9153444
6.8697532
6.8290586
6.793199
6.7610797
6.7313658
6.7031507
6.6758527
6.6489908
7.1315288
7.1142366
7.0735896
7.0200119
6.9662234
6.9168043
6.8717363
6.8311063
6.7949658
6.762451
6.7323662
6.7038311
6.676261
6.6491788
7.1230779
7.1070716
7.0692086
7.0184722
6.9664886
6.9180141
6.8734218
6.8328766
6.7965156
6.7636651
6.7332576
6.7044417
6.6766316
6.6493546
7.1158759
7.1009202
7.0653595
7.0170395
6.9666416
6.9190062
6.8748381
6.834387
6.7978551
6.7647234
6.734039
6.7049802
6.6769619
6.649515
7.1098403
7.0957341
7.0620524
7.0157502
6.9667144
6.9198081
6.8760094
6.8356529
6.7989906
6.7656274
6.7347095
6.7054448
6.6772492
6.6496574
7.1049046
7.0914729
7.0592929
7.0146341
6.9667342
6.9204425
6.8769557
6.8366871
6.7999275
6.7663782
6.7352689
6.705834
6.6774917
6.6497795
7.1010158
7.0881033
7.0570835
7.0137149
6.9667243
6.9209289
6.877694
6.8375013
6.800671
6.7669772
6.7357165
6.7061466
6.6776876
6.6498794
7.0981335
7.0855999
7.0554235
7.0130081
6.9667007
6.921281
6.8782365
6.8381043
6.8012254
6.7674259
6.7360528
6.706382
6.6778358
6.6499558
7.0962275
7.0839511
7.0543197
7.0125304
6.9666785
6.9215096
6.8785918
6.8385009
6.8015919
6.7677237
6.7362763
6.7065389
6.6779349
6.6500072
7.0952571
7.0831285
7.0537663
7.01229
6.9666689
6.9216266
6.8787713
6.8387003
6.801776
6.7678732
6.7363884
6.7066173
6.6779843
6.6500328
6.6316849
6.6015142
6.5691804
6.5389238
6.5094744
6.4806084
6.4527613
6.4260985
6.4006479
6.3765345
6.3540495
6.3335859
6.315928
6.3014588
6.2931633
6.28695
6.3033501
6.2916225
6.6319226
6.6016473
6.5693261
6.5391115
6.5097052
6.4808483
6.4529878
6.4263047
6.400828
6.3766818
6.3541574
6.3336466
6.3159332
6.3013898
6.2930304
6.2865887
6.3032642
6.2896266
6.630879
6.6010477
6.5691396
6.5391498
6.5098946
6.4810894
6.4532018
6.4264493
6.40087
6.3765833
6.353871
6.333112
6.3150549
6.3000683
6.2909961
6.2837417
6.2988456
6.2814191
6.6290799
6.6002335
6.5689086
6.5390927
6.5099791
6.481241
6.4533113
6.4264341
6.4006558
6.3760813
6.3529655
6.3316501
6.3128056
6.2967524
6.2859734
6.2767547
6.2869598
6.2652018
6.6272025
6.5994258
6.5687167
6.5390322
6.5100486
6.4813885
6.4534067
6.4263621
6.4003091
6.375329
6.3516343
6.329504
6.3094943
6.2918131
6.2784784
6.2660929
6.2687367
6.242683
6.6256991
6.5986803
6.568539
6.5389752
6.5100936
6.4814982
6.4534552
6.4262254
6.3998663
6.374429
6.350071
6.3269929
6.3056102
6.28598
6.2695912
6.2532877
6.247059
6.2163057
6.6246019
6.5979847
6.5683486
6.5389165
6.5101086
6.4815596
6.4534528
6.4260367
6.3993665
6.3734611
6.3484183
6.3243541
6.3015319
6.2798478
6.2602423
6.2397636
6.2245702
6.1884011
6.6238108
6.5973484
6.5681466
6.5388553
6.5100982
6.4815774
6.4534049
6.4258036
6.3988233
6.3724516
6.3467261
6.3216772
6.2974158
6.2736806
6.2508869
6.2262509
6.2027071
6.1605535
6.6232346
6.5967862
6.5679399
6.5387903
6.510068
6.4815591
6.4533171
6.4255312
6.3982424
6.3714087
6.3450079
6.3189855
6.2933044
6.2675527
6.2416703
6.2129903
6.1819383
6.1335772
6.6228126
6.5963032
6.5677347
6.5387208
6.5100235
6.4815119
6.4531958
6.4252261
6.3976317
6.3703417
6.3432747
6.3162928
6.2892173
6.2614931
6.2326435
6.200065
6.1623303
6.1078556
6.6225061
6.595896
6.5675359
6.5386469
6.5099681
6.4814414
6.4530465
6.4248953
6.3970001
6.3692616
6.3415403
6.3136167
6.2851789
6.2555357
6.223853
6.1875464
6.1438692
6.0835852
6.6222885
6.5955579
6.5673478
6.5385694
6.5099043
6.4813524
6.4528749
6.4245456
6.3963568
6.36818
6.3398196
6.3109772
6.2812176
6.2497209
6.2153512
6.1755114
6.1265458
6.0608707
6.6221395
6.5952803
6.5671735
6.5384893
6.5098336
6.481249
6.4526867
6.4241842
6.3957105
6.3671077
6.3381266
6.3083944
6.2773621
6.2440899
6.2071889
6.1640306
6.1103564
6.0397593
6.6220436
6.595055
6.5670145
6.5384076
6.5097579
6.4811358
6.4524876
6.4238175
6.3950689
6.3660544
6.3364751
6.305888
6.2736405
6.2386813
6.1994117
6.1531624
6.095296
6.0202597
6.6219886
6.5948741
6.5668714
6.5383257
6.509679
6.4810165
6.4522826
6.4234514
6.394439
6.3650299
6.3348786
6.3034774
6.2700794
6.2335305
6.1920591
6.1429533
6.0813577
6.0023562
6.6219649
6.5947303
6.5667441
6.5382452
6.5095988
6.4808949
6.4520765
6.423091
6.3938277
6.3640435
6.3333506
6.3011814
6.2667034
6.228669
6.1851647
6.1334397
6.0685339
5.9860194
6.6219645
6.5946171
6.5666321
6.5381676
6.5095192
6.4807738
6.4518732
6.4227411
6.3932412
6.3631045
6.3319041
6.2990174
6.2635349
6.2241243
6.1787574
6.1246504
6.0568165
5.9712136
6.6219809
6.5945291
6.5665347
6.5380942
6.5094418
6.4806558
6.4516761
6.4224064
6.3926863
6.362222
6.3305513
6.2970012
6.2605935
6.2199206
6.172862
6.1166086
6.0461982
5.9579008
6.6220086
6.5944615
6.566451
6.538026
6.5093679
6.4805429
6.4514885
6.4220915
6.3921691
6.3614043
6.329303
6.2951468
6.2578965
6.216079
6.1675002
6.1093333
6.0366716
5.9460431
6.6220431
6.5944105
6.5663798
6.5379639
6.5092987
6.4804373
6.4513138
6.4218006
6.3916952
6.3606589
6.3281689
6.2934665
6.2554597
6.2126185
6.1626912
6.1028395
6.0282293
5.9356036
6.6220808
6.5943726
6.5663203
6.5379085
6.5092356
6.4803407
6.4511546
6.4215378
6.3912696
6.3599923
6.3271574
6.2919714
6.2532969
6.2095558
6.1584514
6.0971389
6.0208637
5.9265479
6.6221186
6.594345
6.5662713
6.5378602
6.5091793
6.4802547
6.4510136
6.4213062
6.3908966
6.3594101
6.3262761
6.2906714
6.2514205
6.2069052
6.1547942
6.0922404
6.0145669
5.9188448
6.6221538
6.5943254
6.5662319
6.5378195
6.509131
6.480181
6.4508929
6.4211089
6.3905801
6.3589172
6.3255315
6.289575
6.249841
6.2046788
6.151731
6.0881504
6.0093314
5.9124672
6.6221843
6.5943118
6.5662012
6.5377865
6.5090914
6.4801205
6.4507941
6.420948
6.390323
6.3585178
6.3249291
6.2886894
6.2485671
6.2028864
6.1492704
6.0848738
6.0051511
5.9073931
6.6222086
6.5943029
6.5661788
6.5377616
6.5090612
6.4800743
6.4507188
6.4208257
6.3901278
6.3582152
6.3244733
6.2880199
6.2476054
6.2015352
6.1474186
6.0824132
6.0020193
5.9036024
6.6222255
6.5942976
6.5661643
6.537745
6.5090408
6.4800432
6.4506682
6.4207435
6.3899969
6.3580125
6.3241682
6.2875722
6.2469627
6.2006331
6.146184
6.0807754
5.9999377
5.9010922
6.6222338
6.5942949
6.5661569
6.5377365
6.5090303
6.4800273
6.4506423
6.4207015
6.3899302
6.3579093
6.324013
6.2873447
6.2466365
6.2001758
6.1455585
6.079948
5.9988844
5.8998382
6.3826504
6.3723313
6.3468573
6.320513
6.2877591
6.2452851
6.1941071
6.1382713
6.3935424
6.3605239
6.3271078
6.3034638
6.2720693
6.2285423
6.17643
6.1216425
6.3909601
6.3327482
6.2892428
6.2695322
6.2417642
6.1990824
6.1479676
6.0952594
6.3603876
6.2961093
6.2477181
6.2273101
6.200457
6.1584902
6.1085313
6.0570374
6.3056458
6.2512779
6.2041899
6.1793984
6.1510085
6.1102408
6.0623044
6.0121605
6.2419307
6.2020325
6.1603078
6.1313417
6.1007715
6.0613442
6.0156724
5.9669888
6.1826682
6.1530393
6.116995
6.085755
6.0534509
6.0151006
5.971492
5.9244817
6.1328588
6.1074486
6.0754285
6.0437531
6.0106134
5.97309
5.9311979
5.8858976
6.0917051
6.0666216
6.036757
6.0055459
5.9722313
5.9353164
5.8947453
5.8509864
6.0568308
6.0305921
6.0015512
5.9709262
5.9377578
5.9013312
5.8617769
5.8193279
6.0263344
5.9987642
5.9698319
5.9396052
5.9066811
5.8706837
5.8319336
5.7905688
5.9991101
5.9704544
5.9413414
5.9113079
5.8786197
5.8430107
5.8049198
5.7644544
5.9745727
5.9451148
5.9157508
5.8857786
5.8532852
5.8180264
5.780493
5.7407837
5.9523888
5.9223533
5.8927575
5.8627827
5.8304449
5.7954987
5.7584461
5.7193799
5.9323394
5.9018924
5.8721112
5.8421124
5.8099016
5.7752319
5.7385966
5.7000818
5.9142652
5.8835291
5.8536114
5.8235869
5.7914832
5.7570562
5.7207829
5.6827428
5.8980428
5.8671076
5.8370953
5.8070506
5.7750386
5.7408228
5.704863
5.6672328
5.883572
5.8525028
5.8224279
5.792369
5.760436
5.726403
5.6907144
5.6534396
5.8707676
5.8396102
5.8094954
5.7794271
5.7475623
5.7136875
5.6782341
5.641268
5.8595556
5.8283416
5.7982023
5.7681286
5.7363235
5.702586
5.6673364
5.6306378
5.8498725
5.818623
5.7884697
5.7583941
5.7266415
5.6930229
5.657949
5.6214802
5.8416649
5.8103941
5.7802344
5.7501604
5.7184542
5.6849373
5.6500126
5.6137378
5.8348875
5.8036039
5.7734426
5.7433725
5.7117066
5.6782749
5.6434738
5.607359
5.8295093
5.7982194
5.7680599
5.7379943
5.7063602
5.6729959
5.6382926
5.6023045
5.8254853
5.7941974
5.7640463
5.733987
5.7023779
5.6690646
5.6344347
5.5985412
5.8228092
5.7915306
5.7613855
5.7313263
5.6997324
5.6664537
5.6318733
5.5960435
5.8214674
5.7902222
5.7600803
5.730011
5.6984169
5.6651519
5.6305924
5.5947846
5.9974181
5.7904137
5.565652
5.3182455
5.0526048
4.7725164
4.4547689
4.1437974
5.9825346
5.7749115
5.5502546
5.3030789
5.0378276
4.7581114
4.4424421
4.1347881
5.9596381
5.755525
5.5336826
5.289273
5.0269541
4.7504608
4.4414315
4.1424034
5.9281792
5.7298385
5.512132
5.2721843
5.0147594
4.7436732
4.4445931
4.1557828
5.8918463
5.7005506
5.4881946
5.254247
5.0033874
4.7394367
4.4522299
4.173777
5.8545061
5.6703998
5.4639545
5.2366388
4.9930596
4.7370078
4.4621319
4.1938563
5.8184216
5.6411194
5.4407182
5.2201084
4.9839571
4.7360228
4.4731023
4.2152248
5.7847039
5.6135877
5.4190752
5.204933
4.9760132
4.7360565
4.4842903
4.2368271
5.7535531
5.5879791
5.3990773
5.1910763
4.9690646
4.7367893
4.4952536
4.257827
5.7249198
5.5642851
5.3806654
5.1784647
4.9629893
4.7380128
4.5057736
4.2776761
5.6986788
5.5424325
5.3637434
5.1670009
4.957669
4.7395579
4.5157194
4.2960869
5.6747008
5.5223489
5.3482303
5.1566011
4.9530085
4.7412971
4.5250188
4.3129586
5.6528587
5.5039617
5.3340518
5.1471853
4.948922
4.7431286
4.5336316
4.3282899
5.6330282
5.487195
5.321137
5.1386799
4.9453365
4.7449767
4.5415446
4.3421337
5.6150894
5.4719718
5.3094191
5.131019
4.942191
4.746787
4.5487623
4.3545674
5.5989301
5.4582172
5.2988368
5.1241451
4.9394357
4.7485214
4.5553007
4.3656767
5.584448
5.4458609
5.2893347
5.1180085
4.9370292
4.7501533
4.5611811
4.3755473
5.5715521
5.4348386
5.2808629
5.1125655
4.9349365
4.7516635
4.5664268
4.3842597
5.5601628
5.425092
5.2733756
5.1077766
4.933127
4.7530379
4.5710613
4.391888
5.5502104
5.4165679
5.2668308
5.1036064
4.9315746
4.7542667
4.5751082
4.3984994
5.5416336
5.4092176
5.2611896
5.1000231
4.9302567
4.7553435
4.5785905
4.4041539
5.5343796
5.4029982
5.256418
5.0969993
4.9291554
4.7562657
4.5815303
4.4089045
5.5284027
5.3978724
5.252486
5.0945122
4.9282563
4.7570321
4.5839477
4.412796
5.523666
5.3938089
5.2493692
5.0925439
4.9275497
4.7576443
4.585861
4.4158661
5.5201406
5.3907826
5.2470462
5.0910782
4.9270256
4.7581017
4.5872835
4.4181442
5.5178075
5.3887816
5.2455072
5.0901079
4.9266806
4.7584059
4.5882242
4.4196487
5.516635
5.3877842
5.2447383
5.0896246
4.9265134
4.7585648
4.5887014
4.4204097
3.5096039
3.5331626
3.5377464
3.4490444
3.3552934
3.2645217
3.1621355
3.0477302
2.9263207
2.8005368
2.6711822
2.5387381
2.4036061
2.266016
2.1260602
1.9837663
1.8391319
1.6921358
1.542739
1.3908962
1.236523
1.0796067
0.91990103
0.75784872
0.59197366
0.42611385
0.25051619
0.09004917
3.534613
3.5399296
3.5424997
3.4519235
3.3558426
3.264119
3.1614187
3.0467851
2.9252382
2.7994063
2.6700335
2.5375719
2.4024215
2.2648141
2.1248427
1.9825351
1.8378881
1.6908775
1.5414612
1.3895939
1.2351941
1.0782538
0.91852596
0.75645721
0.59054433
0.42469703
0.24889581
0.089170623
3.6003829
3.5648394
3.5550428
3.459588
3.3586574
3.2646498
3.161263
3.0462952
2.9245567
2.7986565
2.6692571
2.5367666
2.401585
2.2639498
2.1239564
1.9816344
1.836979
1.68996
1.5405269
1.3886308
1.2341954
1.0772217
0.91746749
0.75537926
0.58941943
0.42359311
0.24739233
0.089468426
3.6777467
3.5956487
3.5692782
3.4705236
3.3646013
3.2671348
3.1623068
3.0465957
2.9243852
2.7982409
2.6687243
2.5361608
2.4009245
2.2632483
2.1232264
1.9808887
1.8362289
1.6892082
1.5397632
1.3878372
1.2333583
1.0763397
0.91655017
0.7544327
0.58841929
0.42260194
0.24586766
0.090615629
3.7544572
3.6302464
3.5853018
3.4838535
3.3728655
3.2709774
3.1641111
3.0474264
2.9246037
2.7981157
2.6684266
2.5357595
2.4004472
2.2627138
2.1226512
1.9802899
1.8356222
1.6886
1.5391447
1.387188
1.2326596
1.0755853
0.91574777
0.75358999
0.58750928
0.42170665
0.24433236
0.092269776
3.8248667
3.6672594
3.6027358
3.4981033
3.3823117
3.2756655
3.1664486
3.0486774
2.9251601
2.7982452
2.6683261
2.5355219
2.4001128
2.262309
2.122198
1.9798088
1.835131
1.6881074
1.5386441
1.3866596
1.2320822
1.0749478
0.91505272
0.75284619
0.5866858
0.42091721
0.2428415
0.094153087
3.8861955
3.704262
3.6205175
3.5121283
3.392174
3.280888
3.1691505
3.0502073
2.9259426
2.7985425
2.6683511
2.5353871
2.3998695
2.2619892
2.1218272
1.9794086
1.8347187
1.6876921
1.5382216
1.3862136
1.231592
1.0743984
0.91444042
0.7521798
0.58593179
0.42022058
0.24144888
0.096024162
3.9379698
3.7396554
3.638189
3.5255259
3.4020249
3.2863952
3.1720558
3.0518898
2.9268641
2.7989512
2.66846
2.53532
2.3996854
2.2617249
2.1215111
1.9790621
1.8343573
1.687324
1.5378457
1.3858187
1.2311602
1.0739129
0.91389066
0.75157406
0.58523644
0.41960408
0.24020313
0.097717836
3.9813672
3.7727607
3.6555781
3.5381766
3.4115835
3.291992
3.1750582
3.0536488
2.9278697
2.7994328
2.6686216
2.5352927
2.3995356
2.261494
2.1212294
1.97875
1.834027
1.6869825
1.5374949
1.3854535
1.2307669
1.0734735
0.91338954
0.75101842
0.58459509
0.41905724
0.23913114
0.09914748
4.0179734
3.8032955
3.6725347
3.5500838
3.4207196
3.297576
3.1781113
3.0554468
2.9289248
2.7999606
2.6688155
2.5352885
2.3994067
2.2612853
2.1209718
1.9784615
1.8337169
1.6866565
1.5371582
1.3851066
1.2304005
1.0730699
0.9129296
0.75050838
0.5840077
0.41857213
0.23823612
0.10028858
4.049169
3.8311785
3.6889269
3.5613113
3.429391
3.3030839
3.1811836
3.0572567
2.930003
2.8005157
2.669029
2.5352989
2.3992927
2.2610939
2.1207331
1.9781913
1.8334216
1.6863417
1.5368317
1.3847737
1.2300555
1.0726967
0.91250768
0.75004282
0.58347516
0.41814112
0.2375016
0.10115529
4.0760086
3.8564564
3.7046381
3.571916
3.4375787
3.3084586
3.1842432
3.0590564
2.9310841
2.8010845
2.669255
2.5353203
2.399192
2.2609185
2.1205118
1.9779374
1.8331402
1.6860386
1.5365165
1.3844546
1.2297301
1.0723512
0.91212229
0.74962105
0.58299631
0.41775533
0.23689928
0.10178166
4.0992694
3.8792486
3.7195616
3.5819272
3.4452709
3.3136484
3.1872583
3.0608268
2.9321516
2.8016559
2.6694884
2.5353514
2.3991046
2.2607594
2.1203074
1.9776999
1.832874
1.6857497
1.5362151
1.3841502
1.2294232
1.0720314
0.91177147
0.74924064
0.58256666
0.41740474
0.23639782
0.10220983
4.1195319
3.8997107
3.733608
3.5913534
3.4524607
3.3186081
3.1901969
3.0625497
2.9331912
2.802221
2.6697261
2.535392
2.3990312
2.2606171
2.1201205
1.9774797
1.8326251
1.6854776
1.5359295
1.3838612
1.2291337
1.0717346
0.91145189
0.748897
0.58217925
0.41707998
0.2359702
0.1024835
4.1372378
3.9180091
3.7467081
3.6001884
3.4591434
3.3232992
3.1930286
3.0642091
2.9341918
2.8027732
2.669966
2.5354421
2.3989722
2.2604917
2.1199514
1.9772776
1.8323946
1.6852234
1.5356602
1.3835868
1.2288597
1.0714579
0.91115921
0.74858441
0.58182679
0.41677457
0.23559756
0.10264385
4.1527288
3.9343058
3.7588125
3.6084176
3.4653163
3.3276909
3.1957263
3.0657917
2.9351455
2.8033077
2.6702063
2.5355015
2.3989273
2.2603829
2.1197998
1.9770936
1.8321823
1.6849865
1.5354061
1.3833259
1.2285995
1.0711984
0.91088922
0.74829763
0.58150364
0.41648595
0.23526913
0.10272654
4.1662725
3.9487511
3.7698897
3.6160231
3.4709779
3.3317603
3.1982675
3.0672867
2.9360463
2.8038202
2.6704447
2.5355686
2.3988951
2.2602895
2.1196645
1.9769261
1.8319865
1.6847653
1.5351663
1.3830778
1.2283523
1.0709544
0.91063883
0.74803311
0.58120654
0.41621463
0.23497934
0.10275954
4.1780807
3.9614811
3.7799231
3.6229869
3.4761282
3.3354909
3.2006328
3.0686842
2.9368887
2.8043063
2.6706781
2.5356411
2.3988735
2.260209
2.1195431
1.9767728
1.8318048
1.6845581
1.5349399
1.3828428
1.2281186
1.0707256
0.91040658
0.74778908
0.58093411
0.41596239
0.23472455
0.10276256
4.1883236
3.9726171
3.7889089
3.629293
3.4807679
3.338871
3.202806
3.0699751
2.9376672
2.8047611
2.6709023
2.5357156
2.3988592
2.2601387
2.119433
1.9766314
1.8316358
1.6843643
1.5347274
1.382622
1.2278995
1.0705125
0.91019213
0.74756494
0.58068561
0.41573052
0.23450067
0.10274826
4.1971392
3.9822659
3.7968518
3.6349283
3.4848973
3.3418918
3.2047724
3.0711495
2.9383757
2.8051788
2.6711123
2.5357882
2.3988491
2.2600758
2.1193321
1.9765006
1.8314788
1.6841841
1.53453
1.3824171
1.2276968
1.070316
0.90999558
0.74736037
0.58046016
0.41551924
0.23430287
0.10272459
4.2046398
3.99052
3.8037622
3.6398816
3.488516
3.3445465
3.2065186
3.0721979
2.939008
2.8055538
2.6713032
2.5358553
2.3988405
2.2600185
2.1192394
1.97638
1.8313341
1.6840185
1.534349
1.3822296
1.2275114
1.0701367
0.90981678
0.74717486
0.58025646
0.41532794
0.23412589
0.10269699
4.2109173
3.9974578
3.809653
3.6441435
3.4916226
3.3468292
3.2080328
3.0731106
2.9395574
2.8058807
2.6714705
2.5359137
2.3988315
2.2599657
2.1191545
1.9762699
1.8312026
1.6838687
1.5341857
1.3820606
1.2273442
1.0699749
0.90965544
0.74700777
0.58007329
0.41515606
0.23396522
0.10267025
4.2160449
4.003144
3.8145371
3.647706
3.494215
3.3487353
3.2093054
3.0738799
2.9400191
2.8061551
2.6716108
2.5359612
2.3988209
2.259917
2.1190775
1.9761707
1.8310849
1.6837351
1.5340405
1.3819103
1.227195
1.06983
0.90951046
0.74685782
0.57990893
0.41500264
0.23381611
0.10264836
4.2200809
4.0076311
3.8184265
3.6505618
3.4962897
3.3502603
3.2103279
3.0744985
2.9403884
2.8063733
2.6717211
2.5359962
2.398808
2.2598725
2.1190092
1.9760837
1.8309822
1.6836193
1.5339149
1.3817801
1.2270651
1.0697029
0.90938254
0.74672576
0.57976389
0.4148692
0.2336766
0.10263799
4.2230697
4.0109606
3.8213345
3.6527088
3.4978469
3.3514034
3.2110959
3.0749621
2.9406622
2.8065325
2.6717984
2.5360158
2.3987905
2.25983
2.1189477
1.9760067
1.8308922
1.6835185
1.5338058
1.3816667
1.2269508
1.0695894
0.9092672
0.74660658
0.57963278
0.41475041
0.23353772
0.10263979
4.2250386
4.0131536
3.8232604
3.6541359
3.4988798
3.3521601
3.2116047
3.0752685
2.9408411
2.8066344
2.6718455
2.5360239
2.3987733
2.2597955
2.1188997
1.9759476
1.8308238
1.6834421
1.5337234
1.3815807
1.2268636
1.0695021
0.90917771
0.74651422
0.57953058
0.41466256
0.23340858
0.1026842
4.2260318
4.0142501
3.8242226
3.6548463
3.4993877
3.3525256
3.2118442
3.0754049
2.9409115
2.8066638
2.6718452
2.5360017
2.398736
2.2597467
2.1188413
1.9758806
1.8307488
1.6833598
1.5336348
1.3814871
1.2267659
1.0694011
0.90907096
0.74640446
0.57940498
0.41456659
0.23321065
0.10273542
)
;

boundaryField
{
    inlet
    {
        type            zeroGradient;
    }
    outlet
    {
        type            fixedValue;
        value           uniform 0;
    }
    hydrofoilFlap
    {
        type            zeroGradient;
    }
    farfield
    {
        type            zeroGradient;
    }
    frontAndBack
    {
        type            empty;
    }
}


// ************************************************************************* //
