/*--------------------------------*- C++ -*----------------------------------*\
| =========                 |                                                 |
| \\      /  F ield         | OpenFOAM: The Open Source CFD Toolbox           |
|  \\    /   O peration     | Version:  2512                                  |
|   \\  /    A nd           | Website:  www.openfoam.com                      |
|    \\/     M anipulation  |                                                 |
\*---------------------------------------------------------------------------*/
FoamFile
{
    version     2.0;
    format      ascii;
    arch        "LSB;label=32;scalar=64";
    class       surfaceScalarField;
    location    "75";
    object      phi;
}
// * * * * * * * * * * * * * * * * * * * * * * * * * * * * * * * * * * * * * //

dimensions      [0 3 -1 0 0 0 0];

oriented        oriented;

internalField   nonuniform List<scalar> 
4001
(
0.00084355225
0.00016385516
0.00067079532
0.00017275693
0.00052869346
0.00014210186
0.00042173102
0.00010696245
0.00034882726
7.2903754e-05
0.00030347327
4.5353993e-05
0.00027681005
2.6663216e-05
0.00026116968
1.5640377e-05
0.00025125627
9.9134062e-06
0.00024390904
7.3472233e-06
0.00023749531
6.4137382e-06
0.00023131337
6.1819334e-06
0.00022510969
6.2036794e-06
6.4971868e-06
0.0002186125
0.0010670694
0.0001041932
0.0010693752
0.00017045114
0.0010343255
0.00017715149
0.00097860861
0.00016267936
0.00091788203
0.00013363033
0.0008620565
0.00010117952
0.00081453955
7.4180173e-05
0.00077508093
5.5098989e-05
0.00074218995
4.2804393e-05
0.00071426389
3.5273275e-05
0.00068994926
3.0728374e-05
0.00066830781
2.7823382e-05
0.00064840693
2.6104559e-05
2.4426975e-05
0.00063047714
0.0010366133
7.4987268e-05
0.0010679848
0.00013907965
0.0010922541
0.00015288221
0.001103133
0.00015180045
0.0010997507
0.00013701267
0.0010863968
0.00011453337
0.0010678135
9.2763542e-05
0.0010472016
7.5710875e-05
0.0010262894
6.37166e-05
0.0010058406
5.5722044e-05
0.00098608119
5.0487792e-05
0.00096702987
4.6874693e-05
0.00094850321
4.4631218e-05
4.208292e-05
0.00093084727
0.0010220179
6.0376808e-05
0.0010407558
0.00012034169
0.0010601244
0.00013351363
0.001078896
0.00013302888
0.0010931302
0.00012277843
0.0011015134
0.00010615016
0.0011048454
8.9431618e-05
0.0011044712
7.6084984e-05
0.0011015931
6.6594748e-05
0.0010970633
6.0251802e-05
0.0010913864
5.616478e-05
0.001084833
5.342807e-05
0.0010775553
5.1908891e-05
5.0080162e-05
0.0010695581
0.0010182067
4.9577533e-05
0.001032303
0.00010624535
0.0010448236
0.00012099302
0.0010570651
0.00012078739
0.0010677935
0.00011205005
0.0010762764
9.7667273e-05
0.0010827206
8.2987381e-05
0.001087555
7.1250624e-05
0.0010911848
6.2964948e-05
0.0010939221
5.7514479e-05
0.0010959487
5.4138159e-05
0.0010973227
5.2054077e-05
0.001098126
5.1105594e-05
5.0166924e-05
0.0010980392
0.001015841
4.11439e-05
0.0010283605
9.3725924e-05
0.0010391856
0.00011016784
0.0010488659
0.00011110709
0.001056825
0.00010409095
0.0010628268
9.1665519e-05
0.0010674108
7.8403357e-05
0.0010711601
6.7501334e-05
0.0010744695
5.9655517e-05
0.0010775771
5.4406915e-05
0.0010805952
5.1120061e-05
0.0010835179
4.9131346e-05
0.0010863823
4.8241234e-05
4.7677837e-05
0.0010888714
0.0010139958
3.4555534e-05
0.0010250843
8.2637386e-05
0.0010351402
0.00010011193
0.0010440628
0.00010218453
0.0010513704
9.6783308e-05
0.001056731
8.6304959e-05
0.0010605979
7.4536393e-05
0.0010635833
6.4515936e-05
0.0010661316
5.7107237e-05
0.0010685237
5.2014869e-05
0.0010709165
4.8727224e-05
0.0010733505
4.6697293e-05
0.0010758815
4.571028e-05
4.522135e-05
0.001078338
0.0010126278
2.9335138e-05
0.0010223543
7.2910899e-05
0.001031624
9.0842228e-05
0.0010399293
9.387926e-05
0.001046917
8.9795628e-05
0.0010522014
8.1020484e-05
0.0010560607
7.0677124e-05
0.0010590106
6.1566003e-05
0.0010614561
5.4661767e-05
0.0010636644
4.9806555e-05
0.0010658001
4.6591487e-05
0.0010679296
4.4567858e-05
0.0010701171
4.3522792e-05
4.304919e-05
0.0010722892
0.0010116118
2.513075e-05
0.0010201261
6.4396555e-05
0.0010286451
8.2323278e-05
0.0010363598
8.6164515e-05
0.0010429953
8.3160199e-05
0.0010481867
7.5829067e-05
0.0010520906
6.6773228e-05
0.0010551312
5.8525364e-05
0.0010576647
5.2128255e-05
0.0010599295
4.7541812e-05
0.0010620781
4.44429e-05
0.001064182
4.2463879e-05
0.001066303
4.1401785e-05
4.0940562e-05
0.0010684117
0.0010108462
2.1691925e-05
0.0010183054
5.6937391e-05
0.0010261354
7.4493314e-05
0.0010333251
7.8974769e-05
0.0010396167
7.6868653e-05
0.0010446824
7.0763271e-05
0.001048594
6.2861724e-05
0.001051698
5.5421358e-05
0.0010543107
4.9515522e-05
0.0010566474
4.520515e-05
0.0010588494
4.2240876e-05
0.0010609906
4.0322695e-05
0.0010631301
3.926227e-05
3.880805e-05
0.0010652626
0.0010102625
1.8836875e-05
0.0010168133
5.0386521e-05
0.0010240118
6.7294873e-05
0.0010307361
7.2250414e-05
0.0010367116
7.0893152e-05
0.0010416469
6.5827975e-05
0.0010455511
5.8957523e-05
0.0010487008
5.2271644e-05
0.0010513756
4.6840775e-05
0.0010537711
4.2809607e-05
0.0010560194
3.9992619e-05
0.001058196
3.8146127e-05
0.0010603591
3.7099085e-05
3.6646849e-05
0.0010625203
0.0010098121
1.6432224e-05
0.0010155868
4.4611808e-05
0.001022208
6.0673625e-05
0.0010285158
6.594266e-05
0.0010342033
6.5205644e-05
0.0010390094
6.1021889e-05
0.0010428989
5.5067944e-05
0.0010460859
4.9084668e-05
0.0010488145
4.411216e-05
0.0010512627
4.0361434e-05
0.0010535532
3.77021e-05
0.0010557622
3.5937183e-05
0.0010579473
3.4913958e-05
3.4462644e-05
0.0010601315
0.0010094604
1.4379212e-05
0.0010145751
3.9497117e-05
0.0010206721
5.4576659e-05
0.0010266047
6.0010069e-05
0.0010320304
5.9779918e-05
0.0010367102
5.6342074e-05
0.0010405789
5.1199253e-05
0.001043796
4.5867522e-05
0.0010465723
4.1335891e-05
0.001049069
3.7864789e-05
0.0010514
3.5371086e-05
0.0010536406
3.3696519e-05
0.001055848
3.2706555e-05
3.2258158e-05
0.0010580525
0.0010091828
1.260386e-05
0.001013738
3.494186e-05
0.0010193621
4.895259e-05
0.0010249558
5.4416358e-05
0.0010301442
5.4591561e-05
0.0010347023
5.178393e-05
0.001038545
4.7356597e-05
0.0010417857
4.262678e-05
0.0010446037
3.8517906e-05
0.0010471445
3.5323945e-05
0.0010495139
3.3001687e-05
0.0010517855
3.1424986e-05
0.0010540154
3.0476632e-05
3.0034839e-05
0.0010562387
0.0010089612
1.1050023e-05
0.0010130434
3.0859735e-05
0.0010182439
4.3752041e-05
0.0010235314
4.9128906e-05
0.0010285051
4.961788e-05
0.0010329476
4.7341395e-05
0.0010367604
4.3543742e-05
0.0010400189
3.9368288e-05
0.0010428731
3.5663769e-05
0.0010454538
3.274326e-05
0.0010478589
3.05965e-05
0.0010501599
2.9124006e-05
0.001052412
2.8224602e-05
2.779395e-05
0.0010546528
0.0010087829
9.6744999e-06
0.0010124656
2.7177069e-05
0.0010172896
3.8928075e-05
0.0010223008
4.4117702e-05
0.0010270809
4.4837763e-05
0.001031415
4.3007312e-05
0.0010351956
3.9763099e-05
0.0010384668
3.6097098e-05
0.001041352
3.2778562e-05
0.0010439683
3.0126982e-05
0.0010464064
2.815838e-05
0.001048735
2.6795384e-05
0.0010510083
2.5951367e-05
2.5536725e-05
0.0010532655
0.0010086383
8.4435593e-06
0.0010119843
2.3831075e-05
0.0010164759
3.4436496e-05
0.001021239
3.935466e-05
0.0010258452
4.0231494e-05
0.0010300788
3.8773741e-05
0.0010338261
3.6015816e-05
0.0010371057
3.2817453e-05
0.0010400174
2.9866874e-05
0.0010426652
2.7479168e-05
0.0010451333
2.5690306e-05
0.0010474875
2.4441172e-05
0.0010497807
2.3658166e-05
2.3264404e-05
0.001052053
0.0010085205
7.3304641e-06
0.0010115834
2.0768172e-05
0.0010157839
3.0235995e-05
0.0010203254
3.4813182e-05
0.0010247764
3.5780532e-05
0.0010289179
3.4632206e-05
0.0010326318
3.2301906e-05
0.0010359164
2.9532812e-05
0.0010388505
2.6932818e-05
0.001041526
2.4803651e-05
0.001044021
2.319529e-05
0.0010463986
2.2063572e-05
0.0010487103
2.1346461e-05
2.0978237e-05
0.0010509965
0.0010084242
6.313686e-06
0.0010112499
1.7942467e-05
0.0010151977
2.6288166e-05
0.001019543
3.0467875e-05
0.0010238563
3.1467294e-05
0.0010279146
3.0573879e-05
0.0010315961
2.8620398e-05
0.001034883
2.624589e-05
0.0010378358
2.3980045e-05
0.0010405354
2.2104021e-05
0.0010430544
2.067633e-05
0.0010454531
1.9664885e-05
0.0010477817
1.9017872e-05
1.8679504e-05
0.0010500804
0.0010083455
5.3756073e-06
0.0010109735
1.5314408e-05
0.0010147043
2.2557385e-05
0.0010188778
2.6294366e-05
0.0010230701
2.7274976e-05
0.0010270543
2.6589713e-05
0.0010307052
2.4969478e-05
0.0010339924
2.2958713e-05
0.0010369607
2.1011782e-05
0.0010396811
1.9383633e-05
0.001042221
1.8136368e-05
0.0010446384
1.7247465e-05
0.0010469822
1.6674131e-05
1.6369514e-05
0.0010492922
0.0010082814
4.5015678e-06
0.0010107462
1.2849623e-05
0.001014293
1.9010612e-05
0.0010183182
2.2269174e-05
0.0010224058
2.3187386e-05
0.001026325
2.2670528e-05
0.0010299478
2.1346635e-05
0.0010332338
1.9672686e-05
0.0010362148
1.8030866e-05
0.0010389528
1.6645616e-05
0.0010415109
1.5578271e-05
0.0010439446
1.4813686e-05
0.0010463017
1.4317046e-05
1.4049606e-05
0.0010486216
0.0010082298
3.6791558e-06
0.0010105615
1.051792e-05
0.001013955
1.5617131e-05
0.0010178546
1.8369604e-05
0.0010218532
1.9188819e-05
0.0010257166
1.8807081e-05
0.0010293144
1.7748787e-05
0.0010325985
1.6388663e-05
0.0010355896
1.5039781e-05
0.0010383423
1.3892892e-05
0.0010409157
1.3004825e-05
0.0010433635
1.2365922e-05
0.0010457321
1.194847e-05
1.1721148e-05
0.0010480605
0.0010081889
2.8976671e-06
0.0010104144
8.2924394e-06
0.0010136833
1.2348249e-05
0.0010174792
1.4573644e-05
0.0010214041
1.526394e-05
0.0010252211
1.4990089e-05
0.0010287975
1.4172398e-05
0.0010320791
1.3107031e-05
0.0010350782
1.2040708e-05
0.0010378429
1.11282e-05
0.001040429
1.0418732e-05
0.0010428883
9.9065406e-06
0.0010452665
9.5702867e-06
9.3855237e-06
0.0010476022
0.0010081574
2.1476714e-06
0.0010103009
6.1489035e-06
0.0010134722
9.1770123e-06
0.0010171859
1.0859879e-05
0.0010210522
1.1397699e-05
0.001024832
1.1210246e-05
0.0010283909
1.0613553e-05
0.0010316701
9.8277661e-06
0.0010346753
9.0355505e-06
0.0010374494
8.354115e-06
0.0010400455
7.8226123e-06
0.0010425141
7.4378902e-06
0.0010449
7.184398e-06
7.0441427e-06
0.0010472414
0.0010081344
1.4207095e-06
0.0010102185
4.0648146e-06
0.0010133176
6.0778579e-06
0.0010169701
7.2073836e-06
0.0010207925
7.5752882e-06
0.0010245445
7.4582718e-06
0.00102809
7.0680809e-06
0.0010313672
6.5505299e-06
0.0010343768
6.0259915e-06
0.0010371578
5.5730659e-06
0.0010397614
5.2190067e-06
0.001042237
4.9622868e-06
0.0010446287
4.7927126e-06
4.698422e-06
0.0010469744
0.0010081186
7.0951236e-07
0.0010101647
2.0187193e-06
0.0010132166
3.0260156e-06
0.0010168286
3.5953031e-06
0.0010206221
3.781818e-06
0.0010243556
3.7247491e-06
0.0010278921
3.5315876e-06
0.0010311678
3.2748127e-06
0.0010341802
3.0136632e-06
0.0010369657
2.7875153e-06
0.0010395742
2.6105283e-06
0.0010420543
2.4821436e-06
0.0010444498
2.3972369e-06
2.3498645e-06
0.0010467984
0.0010081169
0.0010101356
0.0010131617
0.001016757
0.0010205388
0.0010242635
0.0010277951
0.0010310699
0.0010340836
0.0010368711
0.0010394816
0.0010419638
0.001044361
0.0010467109
0.00021752584
1.0866641e-06
0.00021479073
2.7351066e-06
0.00021111232
3.6784098e-06
0.00020705564
4.0566875e-06
0.00020295536
4.1002726e-06
0.00019894415
4.011212e-06
0.00019504051
3.9036363e-06
0.00019120975
3.830759e-06
0.0001873801
3.8296496e-06
0.00018344369
3.9364091e-06
0.00017925527
4.1884294e-06
0.00017461603
4.6392399e-06
0.00016927758
5.338442e-06
0.00016281686
6.4607203e-06
0.00015500453
7.8123294e-06
0.00014405315
1.0951372e-05
0.00013280417
1.1248977e-05
2.4477967e-05
0.0001083262
0.00061749082
1.4072987e-05
0.00060514979
1.5076129e-05
0.0005934008
1.5427407e-05
0.00058209005
1.5367432e-05
0.00057117454
1.5015789e-05
0.00056066502
1.4520723e-05
0.00055053702
1.4031639e-05
0.00054071715
1.3650633e-05
0.00053108921
1.3457591e-05
0.00052149021
1.3535408e-05
0.00051169046
1.3988173e-05
0.00050139059
1.4939111e-05
0.0004901193
1.6609739e-05
0.00047740485
1.9175166e-05
0.00046195393
2.3263247e-05
0.00044372931
2.917599e-05
0.00041744349
3.7534793e-05
5.6166716e-05
0.00038575473
0.0009157653
2.9154953e-05
0.00090121322
2.9628216e-05
0.00088722242
2.9418206e-05
0.00087369715
2.8892696e-05
0.00086058159
2.8131356e-05
0.0008478608
2.724151e-05
0.00083550591
2.6386527e-05
0.00082345358
2.5702959e-05
0.0008116045
2.5306672e-05
0.00079981613
2.5323778e-05
0.00078788512
2.5919181e-05
0.00077552962
2.7294614e-05
0.0007623269
2.9812456e-05
0.00074775705
3.3745017e-05
0.00073071315
4.0307142e-05
0.00071080935
4.9079789e-05
0.00068296408
6.5380063e-05
8.6792213e-05
0.00065233858
0.0010617699
3.6943078e-05
0.0010537203
3.7677869e-05
0.0010455058
3.7632709e-05
0.0010371353
3.7263132e-05
0.0010286076
3.6659094e-05
0.0010199491
3.5900023e-05
0.0010111853
3.5150365e-05
0.0010023177
3.4570479e-05
0.00099331834
3.4306063e-05
0.00098412199
3.4520129e-05
0.00097461316
3.5428009e-05
0.00096460759
3.7300184e-05
0.0009538162
4.0603845e-05
0.00094182979
4.573143e-05
0.00092788962
5.4247309e-05
0.00091144285
6.5526561e-05
0.00088924859
8.7574319e-05
0.00011190063
0.00086414017
0.0010973267
3.7655579e-05
0.0010962167
3.8787869e-05
0.001094705
3.914445e-05
0.0010928002
3.9167905e-05
0.001090483
3.8976354e-05
0.0010877574
3.862558e-05
0.0010846445
3.8263227e-05
0.0010811604
3.8054596e-05
0.0010773071
3.8159397e-05
0.0010730664
3.876082e-05
0.0010683896
4.010483e-05
0.0010631843
4.2505501e-05
0.0010572918
4.6496333e-05
0.0010504654
5.2557811e-05
0.0010422853
6.2427404e-05
0.0010322545
7.55574e-05
0.0010190831
0.00010074571
0.00012843848
0.0010025452
0.0010908502
3.5676715e-05
0.0010927554
3.6882736e-05
0.0010944681
3.7431724e-05
0.0010959662
3.7669768e-05
0.0010972016
3.7741036e-05
0.0010981397
3.7687418e-05
0.0010987697
3.7633215e-05
0.0010990873
3.7737022e-05
0.0010990863
3.8160444e-05
0.0010987549
3.9092156e-05
0.0010980699
4.0789803e-05
0.0010969893
4.3586149e-05
0.0010954422
4.8043404e-05
0.0010933083
5.4691726e-05
0.0010904462
6.5289475e-05
0.0010864631
7.9540573e-05
0.0010816147
0.00010559411
0.00013621903
0.0010738341
0.0010804169
3.3597771e-05
0.0010826458
3.4653907e-05
0.0010848735
3.5203961e-05
0.0010870726
3.5470696e-05
0.0010891998
3.5613866e-05
0.0010912135
3.5673694e-05
0.0010930917
3.5754955e-05
0.0010948212
3.6007562e-05
0.0010963899
3.6591715e-05
0.0010977862
3.7695934e-05
0.0010989963
3.9579662e-05
0.0011000019
4.258052e-05
0.0011007825
4.7262836e-05
0.0011012898
5.4184378e-05
0.0011015675
6.5011809e-05
0.0011013204
7.9787655e-05
0.0011016653
0.00010524923
0.00013756523
0.0011003191
0.0010740536
3.1833423e-05
0.001076004
3.2703508e-05
0.0010780036
3.3204294e-05
0.0010800277
3.3446623e-05
0.0010820504
3.359118e-05
0.0010840407
3.3683373e-05
0.0010859822
3.3813522e-05
0.0010878665
3.41232e-05
0.0010896872
3.4770988e-05
0.0010914388
3.5944384e-05
0.0010931173
3.7901188e-05
0.0010947189
4.0978906e-05
0.0010962516
4.5730148e-05
0.0010977047
5.2731252e-05
0.0010992151
6.3501366e-05
0.0011005876
7.8415183e-05
0.0011031633
0.0001026735
0.00013530246
0.0011054261
0.0010700475
3.0197639e-05
0.0010718434
3.0907556e-05
0.0010736853
3.1362391e-05
0.0010755454
3.158651e-05
0.001077408
3.1728567e-05
0.0010792508
3.184059e-05
0.0010810623
3.2002071e-05
0.0010828396
3.234582e-05
0.0010845827
3.3027951e-05
0.0010862927
3.4234366e-05
0.0010879744
3.6219515e-05
0.0010896347
3.9318616e-05
0.0010912984
4.4066432e-05
0.0010929782
5.1051473e-05
0.0010948441
6.1635419e-05
0.0010968061
7.6453199e-05
0.001100076
9.9403598e-05
0.00013131609
0.0011040624
0.0010668793
2.858097e-05
0.0010686305
2.9156346e-05
0.0010704239
2.9568985e-05
0.0010722273
2.9783091e-05
0.0010740285
2.9927349e-05
0.0010758098
3.0059327e-05
0.0010775613
3.0250548e-05
0.0010792825
3.0624639e-05
0.0010809765
3.1333914e-05
0.0010826493
3.25616e-05
0.0010843116
3.4557183e-05
0.0010859788
3.7651403e-05
0.0010876872
4.2358061e-05
0.001089469
4.9269695e-05
0.0010915023
5.9602077e-05
0.0010937964
7.4159144e-05
0.0010973459
9.5854085e-05
0.00012644043
0.0011022215
0.0010641401
2.6961163e-05
0.0010658745
2.7421951e-05
0.0010676514
2.7792117e-05
0.0010694367
2.7997826e-05
0.0010712194
2.8144641e-05
0.0010729852
2.829355e-05
0.0010747252
2.8510456e-05
0.00107644
2.8909883e-05
0.0010781349
2.9639061e-05
0.0010798191
3.0877357e-05
0.0010815086
3.2867682e-05
0.0010832262
3.5933784e-05
0.0010850179
4.0566342e-05
0.001086935
4.7352678e-05
0.0010891582
5.7378786e-05
0.00109178
7.1537379e-05
0.0010956131
9.2021013e-05
0.00012095868
0.0011010948
0.0010617568
2.5335833e-05
0.0010634791
2.5699714e-05
0.0010652438
2.6027389e-05
0.0010670178
2.6223834e-05
0.0010687908
2.6371619e-05
0.0010705516
2.6532737e-05
0.001072293
2.6769121e-05
0.0010740163
2.7186585e-05
0.0010757291
2.7926226e-05
0.0010774441
2.9162328e-05
0.0010791821
3.1129746e-05
0.0010809731
3.4142693e-05
0.0010828726
3.8666901e-05
0.0010849495
4.5275715e-05
0.0010873884
5.493998e-05
0.001090345
6.8580726e-05
0.0010945038
8.7862236e-05
0.00011498655
0.0011004759
0.001059685
2.3703323e-05
0.0010613984
2.3986384e-05
0.0010631528
2.4272983e-05
0.0010649176
2.4458974e-05
0.0010666833
2.460599e-05
0.0010684412
2.4774789e-05
0.0010701861
2.5024272e-05
0.0010719206
2.545206e-05
0.0010736546
2.619224e-05
0.0010754041
2.7412826e-05
0.0010771946
2.933922e-05
0.0010790636
3.2273713e-05
0.0010810749
3.6655553e-05
0.0010833141
4.3036583e-05
0.0010859693
5.228475e-05
0.0010892429
6.5307136e-05
0.001093729
8.3376144e-05
0.00010860707
0.0011001084
0.0010578799
2.2062117e-05
0.0010595877
2.227859e-05
0.0010613341
2.2526608e-05
0.001063092
2.2701056e-05
0.0010648523
2.2845657e-05
0.001066609
2.3018132e-05
0.0010683585
2.3274737e-05
0.0010701052
2.3705409e-05
0.0010718609
2.4436515e-05
0.0010736451
2.562864e-05
0.0010754878
2.7496448e-05
0.0010774334
3.0328114e-05
0.0010795539
3.4535144e-05
0.0010819487
4.0641767e-05
0.0010848102
4.9423227e-05
0.0010883728
6.1744527e-05
0.0010931647
7.8584228e-05
0.00010189017
0.0010998816
0.0010563036
2.0411378e-05
0.0010580086
2.0573599e-05
0.001059749
2.0786147e-05
0.0010615019
2.0948138e-05
0.0010632589
2.1088723e-05
0.0010650157
2.1261297e-05
0.001066771
2.1519487e-05
0.0010685304
2.1945972e-05
0.0010703081
2.2658834e-05
0.0010721266
2.3810162e-05
0.0010740204
2.5602655e-05
0.00107604
2.8308459e-05
0.0010782649
3.2310233e-05
0.0010808068
3.8099882e-05
0.0010838616
4.6368393e-05
0.0010876851
5.7921066e-05
0.0010927554
7.3513948e-05
9.4892026e-05
0.0010997535
0.001054926
1.8750848e-05
0.0010566302
1.8869394e-05
0.0010583665
1.9049875e-05
0.0010601159
1.9198715e-05
0.0010618709
1.9333706e-05
0.0010636291
1.9503152e-05
0.0010653907
1.9757814e-05
0.0010671633
2.0173435e-05
0.0010689627
2.0859381e-05
0.0010708146
2.1958241e-05
0.0010727577
2.3659651e-05
0.0010748481
2.6217998e-05
0.0010771721
2.9986224e-05
0.0010798516
3.542036e-05
0.0010830859
4.3134151e-05
0.0010871438
5.3863119e-05
0.0010924646
6.8193163e-05
8.7657277e-05
0.0010996994
0.0010537232
1.7080652e-05
0.0010554281
1.7164552e-05
0.0010571615
1.7316418e-05
0.0010589086
1.7451644e-05
0.0010606628
1.7579505e-05
0.001062423
1.7742915e-05
0.0010641915
1.7989356e-05
0.0010659771
1.8387855e-05
0.0010677977
1.9038766e-05
0.0010696817
2.0074232e-05
0.0010716715
2.1669814e-05
0.0010738289
2.4060659e-05
0.0010762458
2.7569298e-05
0.0010790529
3.2613297e-05
0.001082452
3.9735017e-05
0.0010867197
4.9595384e-05
0.0010922639
6.264899e-05
8.0222366e-05
0.0010996988
0.0010526759
1.540124e-05
0.0010543824
1.5458076e-05
0.0010561141
1.5584692e-05
0.0010578597
1.5706043e-05
0.0010596139
1.5825361e-05
0.0010613767
1.5980065e-05
0.0010631521
1.6214003e-05
0.0010649502
1.6589668e-05
0.0010667911
1.7197942e-05
0.0010687054
1.8159904e-05
0.0010707392
1.9636016e-05
0.0010729588
2.1841026e-05
0.0010754618
2.50663e-05
0.0010783858
2.9689305e-05
0.0010819349
3.6185938e-05
0.0010863891
4.514119e-05
0.0010921306
5.6907446e-05
7.2617892e-05
0.0010997351
0.0010517685
1.3713134e-05
0.0010534771
1.3749421e-05
0.001055208
1.3853861e-05
0.0010569528
1.3961261e-05
0.0010587074
1.407071e-05
0.0010604732
1.4214305e-05
0.0010622552
1.443196e-05
0.0010640654
1.4779456e-05
0.0010659251
1.5338246e-05
0.0010678676
1.6217385e-05
0.001069942
1.7561624e-05
0.001072219
1.9564095e-05
0.0010748006
2.2484618e-05
0.0010778305
2.6659469e-05
0.0010815143
3.2502107e-05
0.0010861329
4.0522591e-05
0.0010920471
5.0993222e-05
6.4870146e-05
0.0010997949
0.0010509882
1.2017115e-05
0.0010526994
1.20382e-05
0.0010544299
1.2123353e-05
0.0010561744
1.2216816e-05
0.0010579299
1.2315208e-05
0.0010596986
1.2445581e-05
0.0010614871
1.2643493e-05
0.0010633084
1.2958138e-05
0.0010651855
1.3461158e-05
0.0010671537
1.4249151e-05
0.001069265
1.5450317e-05
0.0010715938
1.7235325e-05
0.0010742462
1.9832168e-05
0.0010773706
2.3535109e-05
0.0010811739
2.8698804e-05
0.0010859359
3.5760557e-05
0.0010919996
4.492959e-05
5.7001865e-05
0.0010998678
0.0010503248
1.0313992e-05
0.0010520386
1.0324383e-05
0.0010537692
1.0392733e-05
0.0010555137
1.0472361e-05
0.0010572702
1.0558664e-05
0.0010590418
1.0673944e-05
0.0010608362
1.0849144e-05
0.0010626676
1.1126738e-05
0.0010645603
1.1568423e-05
0.0010665516
1.2257887e-05
0.0010686958
1.3306096e-05
0.0010710706
1.4860567e-05
0.0010737856
1.7117093e-05
0.001076993
2.032778e-05
0.0010809004
2.4791341e-05
0.0010857859
3.0875098e-05
0.001091977
3.8738507e-05
4.9032921e-05
0.0010999459
0.0010497698
8.6046683e-06
0.0010514862
8.6080428e-06
0.0010532172
8.6617412e-06
0.0010549618
8.72772e-06
0.0010567195
8.8010167e-06
0.0010584938
8.8995669e-06
0.0010602935
9.0495144e-06
0.0010621338
9.2864425e-06
0.0010640402
9.6619997e-06
0.0010660516
1.0246507e-05
0.0010682244
1.1133221e-05
0.0010706391
1.2445901e-05
0.0010734083
1.4347952e-05
0.0010766869
1.7049158e-05
0.0010806833
2.0794914e-05
0.001085673
2.5885381e-05
0.0010919709
3.2440653e-05
4.0981034e-05
0.0011000228
0.0010493167
6.8900996e-06
0.0010510354
6.8893921e-06
0.0010527669
6.9302458e-06
0.0010545118
6.9827609e-06
0.0010562706
7.0422871e-06
0.0010580473
7.1228054e-06
0.0010598515
7.2453296e-06
0.0010616994
7.4385558e-06
0.0010636175
7.7439208e-06
0.0010656459
8.2181002e-06
0.0010678429
8.9361659e-06
0.0010702912
9.9976332e-06
0.0010731057
1.1533452e-05
0.0010764438
1.3711088e-05
0.0010805141
1.6724602e-05
0.0010855896
2.0809851e-05
0.0010919746
2.6055655e-05
3.2861983e-05
0.0011000937
0.0010489602
5.1712662e-06
0.0010506808
5.1688256e-06
0.0010524128
5.1982047e-06
0.0010541582
5.2374535e-06
0.0010559178
5.282628e-06
0.0010576966
5.343992e-06
0.0010595046
5.437377e-06
0.0010613587
5.5844845e-06
0.0010632862
5.8164083e-06
0.0010653284
6.1759102e-06
0.001067545
6.7195498e-06
0.0010700203
7.5223393e-06
0.0010728712
8.6824861e-06
0.001076257
1.0325358e-05
0.0010803861
1.2595452e-05
0.0010855296
1.5666325e-05
0.001091983
1.9602259e-05
2.4690492e-05
0.0011001545
0.0010486964
3.4492401e-06
0.0010504186
3.4466944e-06
0.001052151
3.4657397e-06
0.0010538967
3.4918186e-06
0.0010556571
3.5222184e-06
0.0010574375
3.5636043e-06
0.0010592483
3.6265834e-06
0.0010611071
3.7256959e-06
0.0010630417
3.8817556e-06
0.0010650943
4.1232691e-06
0.0010673257
4.4881904e-06
0.0010698214
5.0266093e-06
0.0010726999
5.8040588e-06
0.0010761213
6.9039019e-06
0.0010802945
8.4222602e-06
0.0010854886
1.047222e-05
0.0010919924
1.3098437e-05
1.6478946e-05
0.001100204
0.0010485225
1.7251127e-06
0.0010502456
1.723588e-06
0.0010519784
1.732929e-06
0.0010537242
1.7459941e-06
0.0010554852
1.7613016e-06
0.0010572666
1.7821371e-06
0.0010590793
1.8138661e-06
0.0010609412
1.8637872e-06
0.0010628807
1.9422581e-06
0.0010649404
2.0636414e-06
0.0010671816
2.2469233e-06
0.0010696911
2.5171707e-06
0.0010725878
2.9072866e-06
0.0010760332
3.4585516e-06
0.0010802358
4.2196901e-06
0.0010854636
5.2444103e-06
0.0010920003
6.561695e-06
8.2388927e-06
0.0011002404
0.001048436
0.0010501596
0.0010518925
0.0010536385
0.0010553998
0.0010571819
0.0010589958
0.0010608596
0.0010628018
0.0010648655
0.0010671124
0.0010696296
0.0010725369
0.0010759954
0.0010802151
0.0010854595
0.0010920212
0.0011002601
0.00013230592
-2.3979723e-05
0.00015408447
-2.1778559e-05
0.0001731343
-1.9049839e-05
0.00019031537
-1.7181077e-05
0.00020618368
-1.5868311e-05
0.00022093497
-1.475129e-05
0.00023463882
-1.3703846e-05
-1.3071399e-05
0.00024771021
0.00040368106
-4.1906048e-05
0.00042234182
-4.0439325e-05
0.00044107436
-3.7782386e-05
0.00045913277
-3.5239486e-05
0.00047633487
-3.3070416e-05
0.00049267535
-3.109177e-05
0.00050820397
-2.9232463e-05
-2.7587697e-05
0.00052272027
0.00066479803
-5.4365494e-05
0.00067700318
-5.2644476e-05
0.00068939393
-5.017314e-05
0.00070151532
-4.7360881e-05
0.00071310159
-4.4656686e-05
0.00072412922
-4.2119397e-05
0.0007346368
-3.9740051e-05
-3.7458733e-05
0.00074450784
0.00087080331
-6.1028632e-05
0.00087693082
-5.8771983e-05
0.0008831009
-5.6343224e-05
0.00088923431
-5.3494298e-05
0.00089513887
-5.0561243e-05
0.00090077178
-4.7752305e-05
0.00090615521
-4.5123489e-05
-4.2541389e-05
0.00091123787
0.0010043333
-6.2816724e-05
0.0010057416
-6.0180236e-05
0.001007112
-5.7713662e-05
0.0010085768
-5.4959132e-05
0.0010100743
-5.2058687e-05
0.0010115651
-4.9243116e-05
0.0010130488
-4.6607213e-05
-4.4026212e-05
0.0010145336
0.0010724588
-6.1441384e-05
0.001070989
-5.8710467e-05
0.0010695101
-5.6234801e-05
0.0010681995
-5.3648488e-05
0.0010670891
-5.0948259e-05
0.0010661525
-4.8306546e-05
0.0010653688
-4.5823557e-05
-4.3419326e-05
0.0010647619
0.001097403
-5.8525322e-05
0.0010946368
-5.5944234e-05
0.001091952
-5.3550032e-05
0.0010894683
-5.1164738e-05
0.0010872471
-4.8727038e-05
0.0010852743
-4.6333759e-05
0.0010835191
-4.4068343e-05
-4.1894591e-05
0.0010819943
0.001102008
-5.510716e-05
0.0010988647
-5.2800957e-05
0.0010958881
-5.0573446e-05
0.0010931205
-4.8397116e-05
0.001090611
-4.6217597e-05
0.0010883544
-4.4077129e-05
0.0010863215
-4.2035438e-05
-4.00839e-05
0.0010845108
0.0011006107
-5.1655525e-05
0.0010974512
-4.9641433e-05
0.0010945037
-4.7625927e-05
0.0010917624
-4.56558e-05
0.0010892519
-4.3707142e-05
0.0010869704
-4.1795676e-05
0.0010848955
-3.9960455e-05
-3.8204701e-05
0.0010830163
0.0010988774
-4.8311432e-05
0.0010957886
-4.6552567e-05
0.0010929174
-4.4754788e-05
0.0010902437
-4.2982048e-05
0.0010877731
-4.1236523e-05
0.0010855037
-3.9526287e-05
0.0010834197
-3.7876444e-05
-3.6293361e-05
0.0010815083
0.001097873
-4.5089656e-05
0.0010948603
-4.3539818e-05
0.0010920484
-4.1942888e-05
0.0010894204
-4.0354076e-05
0.0010869731
-3.8789204e-05
0.0010847034
-3.7256582e-05
0.0010826003
-3.5773319e-05
-3.434558e-05
0.0010806525
0.0010973593
-4.1972994e-05
0.001094415
-4.0595588e-05
0.0010916481
-3.9176008e-05
0.0010890492
-3.7755107e-05
0.0010866127
-3.63527e-05
0.0010843348
-3.4978679e-05
0.0010822074
-3.364596e-05
-3.2359806e-05
0.0010802216
0.0010970768
-3.8941402e-05
0.0010941924
-3.7711172e-05
0.0010914635
-3.6447124e-05
0.0010888864
-3.5177923e-05
0.0010864562
-3.3922542e-05
0.0010841691
-3.2691567e-05
0.0010820188
-3.1495642e-05
-3.0339296e-05
0.0010799983
0.0010969181
-3.5977887e-05
0.0010940843
-3.4877398e-05
0.0010913883
-3.3751068e-05
0.0010888291
-3.2618771e-05
0.0010864036
-3.1496997e-05
0.001084108
-3.0396047e-05
0.0010819375
-2.9325087e-05
-2.828816e-05
0.0010798864
0.0010968445
-3.3068855e-05
0.0010940525
-3.2085403e-05
0.0010913841
-3.1082698e-05
0.0010888399
-3.0074536e-05
0.0010864176
-2.9074744e-05
0.0010841143
-2.8092747e-05
0.0010819258
-2.7136556e-05
-2.6209874e-05
0.0010798475
0.0010968341
-3.0203606e-05
0.0010940761
-2.9327389e-05
0.0010914305
-2.8437113e-05
0.0010888983
-2.7542341e-05
0.0010864781
-2.6654528e-05
0.0010841674
-2.5782021e-05
0.0010819626
-2.4931795e-05
-2.4107257e-05
0.00107986
0.0010968689
-2.7373722e-05
0.0010941384
-2.6596899e-05
0.0010915113
-2.5809993e-05
0.0010889886
-2.5019653e-05
0.0010865694
-2.4235287e-05
0.0010842515
-2.3464136e-05
0.001082032
-2.2712277e-05
-2.1982771e-05
0.0010799075
0.0010969339
-2.4572509e-05
0.0010942257
-2.3888662e-05
0.0010916134
-2.3197747e-05
0.0010890981
-2.250433e-05
0.0010866789
-2.1816141e-05
0.0010843543
-2.113946e-05
0.0010821213
-2.047935e-05
-1.9838691e-05
0.0010799773
0.001097017
-2.1794625e-05
0.0010943267
-2.11984e-05
0.0010917264
-2.0597375e-05
0.0010892166
-1.999461e-05
0.001086797
-1.9396528e-05
0.0010844659
-1.8808322e-05
0.0010822209
-1.8234393e-05
-1.7677212e-05
0.0010800595
0.0010971088
-1.9035638e-05
0.001094433
-1.8522566e-05
0.001091842
-1.8006407e-05
0.0010893365
-1.7489113e-05
0.0010869159
-1.6975935e-05
0.0010845789
-1.6471259e-05
0.0010823232
-1.5978731e-05
-1.5500436e-05
0.0010801464
0.0010972021
-1.6291794e-05
0.0010945378
-1.5858264e-05
0.0010919542
-1.5422807e-05
0.0010894517
-1.4986687e-05
0.0010870299
-1.455415e-05
0.0010846875
-1.4128797e-05
0.0010824224
-1.3713614e-05
-1.331042e-05
0.0010802324
0.001097291
-1.3560015e-05
0.0010946357
-1.3202995e-05
0.0010920578
-1.2844867e-05
0.0010895575
-1.2486413e-05
0.0010871344
-1.2131032e-05
0.0010847871
-1.1781555e-05
0.0010825139
-1.1440411e-05
-1.1109112e-05
0.0010803126
0.0010973713
-1.0837637e-05
0.001094723
-1.055468e-05
0.0010921493
-1.0271195e-05
0.0010896505
-9.9876337e-06
0.001087226
-9.7065659e-06
0.0010848747
-9.4301767e-06
0.0010825946
-9.16036e-06
-8.8983684e-06
0.0010803839
0.0010974392
-8.1223493e-06
0.0010947961
-7.9115137e-06
0.0010922255
-7.7006757e-06
0.0010897278
-7.4899201e-06
0.0010873022
-7.28092e-06
0.0010849475
-7.0754424e-06
0.0010826619
-6.8748426e-06
-6.6800574e-06
0.0010804436
0.0010974932
-5.4115629e-06
0.0010948534
-5.2716908e-06
0.0010922849
-5.1322432e-06
0.0010897878
-4.9927508e-06
0.0010873611
-4.8542888e-06
0.0010850038
-4.7181058e-06
0.0010827142
-4.5851973e-06
-4.455977e-06
0.0010804901
0.0010975316
-2.7028228e-06
0.0010948942
-2.6342615e-06
0.0010923274
-2.5653909e-06
0.0010898306
-2.4960469e-06
0.0010874034
-2.4270444e-06
0.0010850444
-2.3591432e-06
0.001082752
-2.2927715e-06
-2.2278673e-06
0.0010805239
0.0010975573
0.001094923
0.0010923576
0.0010898616
0.0010874345
0.0010850754
0.0010827826
0.0010805548
0.00027089998
-2.3189772e-05
0.00028805967
-1.7159688e-05
0.00030091296
-1.2853303e-05
0.00031115075
-1.0237806e-05
0.00032038277
-9.2320337e-06
0.00033027711
-9.8943379e-06
0.00034424066
-1.3963559e-05
-2.0261192e-05
0.00036450187
0.00055579671
-5.626622e-05
0.00058294589
-4.4308873e-05
0.00060537746
-3.5284877e-05
0.00062445093
-2.9311283e-05
0.00064184494
-2.6626059e-05
0.00065865546
-2.6704861e-05
0.0006788758
-3.4183896e-05
-4.1491811e-05
0.00070010643
0.00076738428
-7.9142664e-05
0.0007866819
-6.360649e-05
0.00080317785
-5.1780835e-05
0.00081775897
-4.3892409e-05
0.00083148977
-4.0356869e-05
0.00084528922
-4.0504309e-05
0.00086090635
-4.9801027e-05
-5.8762688e-05
0.00087817723
0.00092298606
-9.0890856e-05
0.00093297546
-7.3595895e-05
0.00094165531
-6.046069e-05
0.00094953821
-5.1775308e-05
0.00095723613
-4.8054801e-05
0.0009653897
-4.8657883e-05
0.00097455319
-5.8964513e-05
-6.9362359e-05
0.00098515286
0.0010182194
-9.4576597e-05
0.001021583
-7.6959471e-05
0.0010247733
-6.3651061e-05
0.0010279537
-5.4955648e-05
0.001031343
-5.1444119e-05
0.0010353094
-5.262436e-05
0.0010396046
-6.3259663e-05
-7.510936e-05
0.0010453516
0.0010639554
-9.3770081e-05
0.0010637287
-7.6732773e-05
0.001064015
-6.3937314e-05
0.0010647443
-5.5684961e-05
0.0010658612
-5.2561028e-05
0.001067529
-5.4292184e-05
0.0010690326
-6.4763257e-05
-7.7952599e-05
0.0010718758
0.0010793124
-9.1088185e-05
0.0010776271
-7.5047472e-05
0.0010767508
-6.3061003e-05
0.0010764967
-5.543089e-05
0.001076663
-5.2727245e-05
0.0010772699
-5.4899167e-05
0.0010774428
-6.4936084e-05
-7.9013544e-05
0.0010785037
0.0010812439
-8.7821335e-05
0.0010790988
-7.290234e-05
0.0010778295
-6.1791706e-05
0.0010772089
-5.4810263e-05
0.0010769763
-5.2494676e-05
0.0010770493
-5.497214e-05
0.0010765804
-6.4467186e-05
-7.8828276e-05
0.0010763951
0.0010795491
-8.4354208e-05
0.001077208
-7.0561211e-05
0.0010757238
-6.0307467e-05
0.0010748594
-5.3945911e-05
0.0010743373
-5.197255e-05
0.0010739977
-5.463252e-05
0.001073088
-6.3557511e-05
-7.7672078e-05
0.0010719318
0.0010778736
-8.0719477e-05
0.0010753352
-6.8022795e-05
0.0010736171
-5.858944e-05
0.0010724795
-5.2808263e-05
0.0010716415
-5.1134536e-05
0.0010708866
-5.3877668e-05
0.0010695584
-6.2229286e-05
-7.5734624e-05
0.0010676209
0.0010768303
-7.6897297e-05
0.0010740662
-6.5258655e-05
0.0010720863
-5.6609559e-05
0.0010706481
-5.1370033e-05
0.0010694712
-4.9957722e-05
0.0010683004
-5.2706833e-05
0.0010665568
-6.048567e-05
-7.3173089e-05
0.0010639953
0.0010762136
-7.2889221e-05
0.0010732206
-6.2265693e-05
0.0010709769
-5.4365896e-05
0.001069238
-4.9631117e-05
0.0010677255
-4.8445173e-05
0.0010661597
-5.1141044e-05
0.0010640227
-5.8348753e-05
-7.0115553e-05
0.0010609652
0.00107582
-6.8710926e-05
0.0010726104
-5.9056092e-05
0.0010701152
-5.1870721e-05
0.0010680897
-4.7605599e-05
0.0010662585
-4.6613965e-05
0.0010643292
-4.9211786e-05
0.0010618332
-5.5852733e-05
-6.6660515e-05
0.0010583781
0.0010755556
-6.4380151e-05
0.0010721454
-5.5645882e-05
0.0010694148
-4.9140112e-05
0.0010671208
-4.5311685e-05
0.0010649925
-4.4485604e-05
0.0010627329
-4.695217e-05
0.0010599144
-5.303432e-05
-6.2882069e-05
0.001056136
0.0010753803
-5.9912963e-05
0.0010717857
-5.2051243e-05
0.0010688364
-4.619083e-05
0.0010662933
-4.276859e-05
0.0010638905
-4.2082751e-05
0.0010613323
-4.4394059e-05
0.0010582267
-4.9928664e-05
-5.8836573e-05
0.0010541812
0.0010752707
-5.5323709e-05
0.0010715076
-4.8288066e-05
0.0010683567
-4.3039952e-05
0.0010655841
-3.9995983e-05
0.0010629298
-3.9428492e-05
0.0010601034
-4.1567684e-05
0.0010567432
-4.6568408e-05
-5.456803e-05
0.0010524746
0.0010752092
-5.0625381e-05
0.001071293
-4.4371924e-05
0.0010679579
-3.9704811e-05
0.0010649758
-3.7013872e-05
0.0010620932
-3.6545965e-05
0.0010590273
-3.8501728e-05
0.0010554426
-4.2983691e-05
-5.011163e-05
0.0010509862
0.0010751818
-4.5829925e-05
0.001071128
-4.0318081e-05
0.001067626
-3.620284e-05
0.0010644545
-3.3842354e-05
0.0010613667
-3.345824e-05
0.0010580883
-3.522326e-05
0.0010543068
-3.9202225e-05
-4.5496268e-05
0.0010496914
0.001075178
-4.0948442e-05
0.0010710013
-3.6141425e-05
0.0010673499
-3.2551474e-05
0.001064009
-3.0501459e-05
0.0010607387
-3.018794e-05
0.0010572734
-3.1757924e-05
0.0010533207
-3.5249565e-05
-4.0746266e-05
0.0010485708
0.0010751895
-3.5991446e-05
0.0010709046
-3.1856543e-05
0.0010671211
-2.8768028e-05
0.0010636307
-2.701103e-05
0.0010602
-2.6757212e-05
0.0010565721
-2.8130045e-05
0.0010524718
-3.1149254e-05
-3.5882487e-05
0.001047608
0.00107521
-3.096905e-05
0.0010708311
-2.7477714e-05
0.0010669327
-2.4869629e-05
0.0010633124
-2.339066e-05
0.0010597428
-2.3187653e-05
0.0010559754
-2.4362646e-05
0.0010517493
-2.6923191e-05
-3.0923295e-05
0.0010467901
0.0010752347
-2.5891088e-05
0.0010707759
-2.3018989e-05
0.0010667796
-2.0873265e-05
0.0010630485
-1.9659583e-05
0.0010593611
-1.9500295e-05
0.0010554762
-2.0477677e-05
0.0010511448
-2.2591877e-05
-2.5885083e-05
0.0010461066
0.0010752599
-2.0767146e-05
0.0010707351
-1.8494148e-05
0.0010666575
-1.6795661e-05
0.0010628347
-1.5836783e-05
0.00105905
-1.5715673e-05
0.0010550685
-1.6496165e-05
0.0010506512
-1.8174565e-05
-2.0782949e-05
0.0010455491
0.0010752831
-1.5606662e-05
0.0010707057
-1.391676e-05
0.0010665634
-1.2653341e-05
0.0010626676
-1.1940986e-05
0.0010588057
-1.18538e-05
0.001054748
-1.2438376e-05
0.001050263
-1.3689603e-05
-1.5630867e-05
0.0010451109
0.0010753025
-1.0419076e-05
0.0010706861
-9.300367e-06
0.0010664955
-8.462712e-06
0.0010625452
-7.9907143e-06
0.0010586258
-7.9344523e-06
0.0010545114
-8.3239394e-06
0.0010499764
-9.154595e-06
-1.0442151e-05
0.0010447877
0.0010753185
-5.213644e-06
0.0010706767
-4.6585757e-06
0.0010664541
-4.2401804e-06
0.0010624679
-4.0044463e-06
0.0010585106
-3.9771551e-06
0.0010543588
-4.1721463e-06
0.0010497907
-4.5865017e-06
-5.2292994e-06
0.0010445778
0.0010753411
0.0010706825
0.0010664424
0.0010624379
0.0010584608
0.0010542886
0.0010497021
0.0010444728
0.00027195349
9.2548394e-05
0.00022863333
4.3320173e-05
0.0002118168
1.6816542e-05
0.00020731776
4.499043e-06
0.00020659212
7.2563401e-07
0.00020659176
3.5811426e-10
0.00020659957
-7.8077866e-09
0.0002063766
2.2297989e-07
0.00020588021
4.9638291e-07
0.0002051968
6.8340599e-07
0.00020442047
7.7632404e-07
0.0002036062
8.1426473e-07
0.00020278271
8.2349352e-07
0.00020196758
8.1514311e-07
0.00020117188
7.9569737e-07
0.00020040183
7.700469e-07
0.00019966058
7.4126334e-07
0.00019894984
7.1075491e-07
0.00019827028
6.7956885e-07
0.00019762255
6.4774179e-07
0.0001970037
6.1886098e-07
0.00019641729
5.8640888e-07
0.00019584163
5.7567157e-07
0.00019532783
5.1381222e-07
0.00019469437
6.3345602e-07
0.00019442089
2.7347619e-07
0.0001930108
1.4100714e-06
-1.1578931e-06
0.00065210295
0.00014055189
0.00061511506
8.0308069e-05
0.00058542291
4.6508692e-05
0.00056505034
2.4871617e-05
0.00055214669
1.3629284e-05
0.00054362088
8.5261716e-06
0.00053755246
6.0606186e-06
0.00053294328
4.832162e-06
0.00052918917
4.2504927e-06
0.00052592902
3.9435444e-06
0.00052297538
3.7299629e-06
0.00052023553
3.554103e-06
0.00051766058
3.3984513e-06
0.00051522348
3.2522478e-06
0.00051290903
3.110149e-06
0.00051070786
2.9712152e-06
0.00050861323
2.8359129e-06
0.00050661951
2.7044847e-06
0.00050472189
2.5771985e-06
0.00050291526
2.4543728e-06
0.00050119548
2.3386483e-06
0.00049955471
2.2271907e-06
0.00049799081
2.1395795e-06
0.00049648893
2.0156897e-06
0.00049502762
2.0947695e-06
0.00049368216
1.6189387e-06
0.00049188122
3.2109986e-06
-7.0653425e-07
0.00085815185
0.00016057729
0.00084094305
9.7516876e-05
0.00082345298
6.3998756e-05
0.00080807423
4.0250377e-05
0.00079603716
2.566635e-05
0.00078656382
1.7999509e-05
0.0007788147
1.3809743e-05
0.00077230542
1.1341449e-05
0.00076669463
9.8612763e-06
0.00076172452
8.9136528e-06
0.00075722547
8.2290127e-06
0.00075309157
7.6880027e-06
0.00074925277
7.2372468e-06
0.00074566038
6.8446472e-06
0.00074227991
6.4906133e-06
0.0007390863
6.1648308e-06
0.00073606047
5.8617442e-06
0.00073318739
5.5775698e-06
0.00073045485
5.3097441e-06
0.00072785235
5.0568788e-06
0.00072537113
4.8198713e-06
0.00072300156
4.5967671e-06
0.00072073719
4.4039529e-06
0.00071856484
4.1880428e-06
0.00071646975
4.1898655e-06
0.00071447522
3.6134644e-06
0.00071233045
5.3557611e-06
8.2969047e-07
0.00097610167
0.00016962849
0.00096755413
0.00010606442
0.00095853363
7.3019264e-05
0.00094964541
4.9138589e-05
0.00094209366
3.3218107e-05
0.00093576539
2.4327771e-05
0.00093024964
1.9325503e-05
0.00092532518
1.6265909e-05
0.00092084582
1.4340634e-05
0.00091668779
1.3071682e-05
0.00091276815
1.2148647e-05
0.0009090401
1.1416041e-05
0.000905476
1.0801356e-05
0.00090205778
1.026287e-05
0.00089877328
9.7751177e-06
0.00089561389
9.3242177e-06
0.000892573
8.9026455e-06
0.00088964498
8.5055994e-06
0.00088682487
8.1298609e-06
0.00088410805
7.773705e-06
0.00088149016
7.4377597e-06
0.00087896675
7.1201847e-06
0.0008765327
6.8380058e-06
0.00087418375
6.5369961e-06
0.00087190438
6.4692372e-06
0.00086971676
5.8010893e-06
0.00086750773
7.5647799e-06
2.8389488e-06
0.0010431579
0.00017182217
0.001038998
0.00011022435
0.0010343223
7.7694924e-05
0.0010291601
5.4300819e-05
0.001024538
3.7840163e-05
0.0010206392
2.8226629e-05
0.0010172205
2.2744223e-05
0.0010141314
1.9354974e-05
0.0010112824
1.7189686e-05
0.00100859
1.5764077e-05
0.0010059942
1.4744424e-05
0.0010034628
1.3947436e-05
0.0010009798
1.3284323e-05
0.00099853738
1.2705306e-05
0.0009961324
1.2180104e-05
0.00099376471
1.169191e-05
0.00099143554
1.1231817e-05
0.00098914654
1.0794604e-05
0.00098689929
1.0377113e-05
0.0009846953
9.9776935e-06
0.00098253574
9.597328e-06
0.0009804219
9.2340292e-06
0.00097835293
8.9069708e-06
0.00097633123
8.5587004e-06
0.00097434879
8.4516826e-06
0.00097241764
7.7322395e-06
0.00097054967
9.4327427e-06
4.8094145e-06
0.0010749817
0.00016871633
0.0010742911
0.00011091493
0.0010727098
7.9276307e-05
0.0010701574
5.6853173e-05
0.0010675362
4.0461402e-05
0.0010652788
3.0484e-05
0.0010633094
2.4713628e-05
0.0010615415
2.1122898e-05
0.001059928
1.8803141e-05
0.0010584146
1.7277526e-05
0.0010569537
1.620532e-05
0.0010555169
1.5384228e-05
0.0010540888
1.471238e-05
0.0010526609
1.413322e-05
0.0010512289
1.3612091e-05
0.0010497917
1.3129136e-05
0.0010483498
1.267366e-05
0.0010469048
1.2239616e-05
0.0010454585
1.1823491e-05
0.0010440128
1.1423328e-05
0.0010425701
1.1040097e-05
0.001041133
1.0671155e-05
0.0010397025
1.0337414e-05
0.0010382826
9.9785898e-06
0.0010368751
9.8592253e-06
0.0010354699
9.1374435e-06
0.0010342041
1.069855e-05
6.4091232e-06
0.0010849904
0.00016222968
0.0010867881
0.00010911718
0.0010874378
7.862662e-05
0.0010868866
5.7404338e-05
0.0010858464
4.1501626e-05
0.001084879
3.145145e-05
0.0010840388
2.5553837e-05
0.0010832917
2.1869949e-05
0.0010826261
1.9468722e-05
0.001082016
1.7887705e-05
0.0010814297
1.679155e-05
0.0010808465
1.5967422e-05
0.0010802547
1.5304188e-05
0.0010796473
1.4740666e-05
0.0010790202
1.4239182e-05
0.0010783718
1.3777558e-05
0.0010777017
1.3343677e-05
0.0010770106
1.2930744e-05
0.0010762992
1.2534928e-05
0.0010755686
1.2153876e-05
0.0010748204
1.1788313e-05
0.0010740568
1.1434781e-05
0.0010732792
1.1115029e-05
0.0010724899
1.0767892e-05
0.0010717
1.0649106e-05
0.0010708745
9.9629543e-06
0.0010702508
1.1322222e-05
7.5102549e-06
0.0010845513
0.00015407351
0.0010877809
0.00010588756
0.0010897379
7.6669681e-05
0.0010904956
5.6646597e-05
0.001090561
4.1436183e-05
0.0010905174
3.1495131e-05
0.001090499
2.5572193e-05
0.0010905021
2.186685e-05
0.0010905338
1.9437063e-05
0.001090587
1.783442e-05
0.0010906429
1.6735705e-05
0.0010906868
1.5923527e-05
0.0010907108
1.5280191e-05
0.0010907102
1.4741265e-05
0.0010906822
1.4267193e-05
0.0010906256
1.3834135e-05
0.0010905403
1.3428944e-05
0.0010904267
1.3044356e-05
0.0010902853
1.2676396e-05
0.0010901168
1.2322391e-05
0.0010899223
1.1982813e-05
0.0010897035
1.1653578e-05
0.0010894622
1.1356276e-05
0.0010891987
1.1031428e-05
0.0010889317
1.0916156e-05
0.0010886066
1.0288053e-05
0.0010885191
1.1409692e-05
8.1300956e-06
0.0010807047
0.00014530061
0.0010846668
0.00010192543
0.0010872624
7.4074119e-05
0.0010887476
5.5161358e-05
0.0010894692
4.0714599e-05
0.0010899768
3.0987503e-05
0.001090454
2.5094998e-05
0.0010909159
2.1404968e-05
0.0010913776
1.8975417e-05
0.0010918434
1.7368588e-05
0.0010923026
1.6276513e-05
0.0010927446
1.5481521e-05
0.0010931636
1.4861142e-05
0.0010935563
1.4348599e-05
0.0010939205
1.3903013e-05
0.0010942553
1.3499361e-05
0.0010945605
1.3123673e-05
0.0010948365
1.276838e-05
0.0010950835
1.2429374e-05
0.0010953022
1.2103755e-05
0.0010954932
1.1791743e-05
0.001095658
1.1488826e-05
0.0010957987
1.121561e-05
0.0010959137
1.0916409e-05
0.0010960268
1.080307e-05
0.0010960731
1.0241764e-05
0.0010963632
1.1119523e-05
8.3581361e-06
0.0010765291
0.00013639241
0.0010809083
9.7546264e-05
0.0010838167
7.1165746e-05
0.0010856942
5.3283893e-05
0.0010867876
3.9621131e-05
0.001087594
3.0181098e-05
0.0010883303
2.4358716e-05
0.0010890291
2.0706231e-05
0.0010897102
1.8294271e-05
0.0010903861
1.6692731e-05
0.0010910525
1.5610094e-05
0.0010917021
1.4831865e-05
0.0010923308
1.4232462e-05
0.0010929361
1.3743353e-05
0.0010935162
1.3322896e-05
0.0010940703
1.2945251e-05
0.0010945982
1.2595808e-05
0.0010950998
1.2266722e-05
0.0010955754
1.1953788e-05
0.0010960252
1.165396e-05
0.0010964498
1.1367145e-05
0.00109685
1.1088619e-05
0.0010972283
1.0837354e-05
0.0010975819
1.0562809e-05
0.0010979365
1.0448439e-05
0.0010982257
9.9525478e-06
0.0010987415
1.0603803e-05
8.3034635e-06
0.0010728645
0.00012752318
0.0010775551
9.2855607e-05
0.0010806715
6.8049372e-05
0.0010827997
5.1155664e-05
0.0010841372
3.8283659e-05
0.0010851245
2.9193773e-05
0.0010860015
2.3481714e-05
0.0010868196
1.9888187e-05
0.0010876038
1.7510069e-05
0.0010883731
1.5923437e-05
0.0010891297
1.4853459e-05
0.0010898698
1.409177e-05
0.0010905909
1.3511348e-05
0.0010912917
1.3042581e-05
0.0010919711
1.2643538e-05
0.0010926283
1.2287972e-05
0.0010932633
1.1960805e-05
0.0010938761
1.1654002e-05
0.0010944666
1.1363286e-05
0.001095035
1.1085512e-05
0.0010955819
1.0820305e-05
0.0010961076
1.056292e-05
0.0010966146
1.0330271e-05
0.0010970999
1.0077545e-05
0.0010975886
9.9597302e-06
0.0010980191
9.5221041e-06
0.0010986444
9.9784149e-06
8.0636656e-06
0.0010697369
0.00011875152
0.001074699
8.7893536e-05
0.0010780046
6.4743678e-05
0.0010803347
4.8825645e-05
0.001081871
3.6747355e-05
0.0010830006
2.8064098e-05
0.001083977
2.2505373e-05
0.0010848705
1.8994684e-05
0.0010857123
1.6668249e-05
0.0010865273
1.5108488e-05
0.0010873237
1.4057023e-05
0.0010881014
1.3314038e-05
0.00108886
1.2752795e-05
0.0010895993
1.2303274e-05
0.0010903191
1.1923752e-05
0.0010910191
1.1587916e-05
0.0010916995
1.1280461e-05
0.0010923603
1.0993214e-05
0.0010930017
1.0721897e-05
0.0010936239
1.046331e-05
0.0010942273
1.0216857e-05
0.0010948124
9.9778962e-06
0.0010953815
9.761121e-06
0.0010959316
9.5274184e-06
0.001096486
9.4053299e-06
0.0010969911
9.0170165e-06
0.0010976542
9.3153713e-06
7.710869e-06
0.0010670281
0.00011010153
0.0010722274
8.2694245e-05
0.0010757195
6.1251607e-05
0.0010782303
4.6314845e-05
0.0010799468
3.5030854e-05
0.0010812086
2.6802281e-05
0.0010822741
2.14399e-05
0.0010832317
1.8037098e-05
0.0010841192
1.5780709e-05
0.0010849666
1.4261129e-05
0.0010857877
1.323586e-05
0.0010865862
1.2515583e-05
0.0010873635
1.197552e-05
0.0010881208
1.1545926e-05
0.0010888588
1.1185753e-05
0.0010895778
1.0868974e-05
0.001090278
1.0580232e-05
0.0010909599
1.0311347e-05
0.0010916237
1.0058002e-05
0.00109227
9.8170785e-06
0.001092899
9.587803e-06
0.0010935112
9.3656815e-06
0.0010941091
9.1632654e-06
0.0010946899
8.9466393e-06
0.0010952741
8.8210843e-06
0.0010958173
8.4738525e-06
0.0010964825
8.6501652e-06
7.2912581e-06
0.0010646529
0.00010158466
0.0010700517
7.7295445e-05
0.0010737227
5.7580605e-05
0.0010763978
4.3639717e-05
0.0010782795
3.3149203e-05
0.0010796676
2.5414161e-05
0.0010808189
2.0288611e-05
0.0010818376
1.7018402e-05
0.0010827686
1.4849651e-05
0.0010836463
1.3383508e-05
0.0010844894
1.239272e-05
0.0010853051
1.169991e-05
0.0010860968
1.1183818e-05
0.001086867
1.0775729e-05
0.0010876171
1.0435654e-05
0.0010883479
1.013819e-05
0.00108906
9.8681162e-06
0.001089754
9.6173133e-06
0.0010904305
9.3815125e-06
0.0010910899
9.157673e-06
0.0010917328
8.9449075e-06
0.0010923596
8.7389275e-06
0.0010929725
8.5502983e-06
0.0010935695
8.3496641e-06
0.0010941681
8.2224979e-06
0.0010947321
7.9098289e-06
0.0010953868
7.9955126e-06
6.8314161e-06
0.001062562
9.3203847e-05
0.0010681233
7.1734132e-05
0.0010719609
5.3743032e-05
0.0010747844
4.0816221e-05
0.0010768153
3.1118244e-05
0.0010783222
2.3907303e-05
0.0010795555
1.9055313e-05
0.0010806326
1.5941318e-05
0.0010816057
1.3876525e-05
0.0010825129
1.2476315e-05
0.0010833775
1.1528142e-05
0.0010842098
1.0867619e-05
0.0010850151
1.0378476e-05
0.0010857972
9.9936885e-06
0.0010865581
9.6747679e-06
0.001087299
9.3972065e-06
0.001088021
9.1461499e-06
0.0010887248
8.9135053e-06
0.0010894111
8.6952113e-06
0.0010900804
8.4883522e-06
0.0010907334
8.2918753e-06
0.0010913705
8.1018621e-06
0.0010919939
7.9269008e-06
0.0010926019
7.741722e-06
0.0010932091
7.6152358e-06
0.0010937866
7.3322996e-06
0.0010944289
7.3532628e-06
6.3458736e-06
0.0010607228
8.4955701e-05
0.0010664139
6.6043064e-05
0.0010704032
4.9753655e-05
0.0010733601
3.7859382e-05
0.0010755244
2.8953878e-05
0.0010771411
2.22907e-05
0.0010784513
1.7745041e-05
0.0010795831
1.4809515e-05
0.001080596
1.2863645e-05
0.0010815315
1.1540786e-05
0.0010824166
1.0643034e-05
0.0010832648
1.0019432e-05
0.0010840832
9.5600779e-06
0.0010848765
9.2004299e-06
0.0010856475
8.9037611e-06
0.001086398
8.6467261e-06
0.0010871291
8.4150413e-06
0.0010878418
8.2008333e-06
0.0010885368
8.0001516e-06
0.001089215
7.8102151e-06
0.0010898768
7.6300782e-06
0.0010905227
7.4559189e-06
0.0010911548
7.2947764e-06
0.0010917719
7.1246698e-06
0.0010923858
7.0012944e-06
0.0010929734
6.744676e-06
0.0010936053
6.7213946e-06
5.8426531e-06
0.0010591093
7.6832608e-05
0.0010649025
6.0249783e-05
0.0010690281
4.5628095e-05
0.0010721046
3.4782934e-05
0.0010743873
2.6671097e-05
0.001076104
2.0574052e-05
0.0010774856
1.6363448e-05
0.001078668
1.3627114e-05
0.0010797178
1.1813852e-05
0.0010806798
1.0578791e-05
0.0010815841
9.7386866e-06
0.0010824471
9.1564709e-06
0.0010832776
8.7296012e-06
0.0010840812
8.3967609e-06
0.0010848616
8.1233736e-06
0.0010856208
7.8875349e-06
0.0010863603
7.6755615e-06
0.0010870811
7.4800212e-06
0.0010877842
7.2970534e-06
0.0010884702
7.1241553e-06
0.00108914
6.9602878e-06
0.001089794
6.8019782e-06
0.0010904339
6.654804e-06
0.0010910589
6.4996924e-06
0.0010916787
6.3815523e-06
0.0010922745
6.1488843e-06
0.0010928984
6.0974697e-06
5.3265803e-06
0.0010576996
6.8824473e-05
0.0010635724
5.4376953e-05
0.0010678186
4.13819e-05
0.0010710019
3.1599686e-05
0.0010733892
2.4283795e-05
0.001075196
1.8767183e-05
0.001076643
1.4916469e-05
0.0010778717
1.2398423e-05
0.0010789553
1.0730233e-05
0.0010799417
9.5924042e-06
0.0010808637
8.8166673e-06
0.0010817403
8.2799394e-06
0.0010825818
7.8880727e-06
0.0010833949
7.5836812e-06
0.0010841837
7.3345441e-06
0.0010849508
7.1204745e-06
0.0010856977
6.9285987e-06
0.0010864259
6.751879e-06
0.0010871361
6.5867779e-06
0.0010878293
6.4309624e-06
0.0010885062
6.283406e-06
0.0010891674
6.1408205e-06
0.0010898143
6.0078778e-06
0.0010904464
5.8676273e-06
0.0010910712
5.7567678e-06
0.0010916737
5.5463125e-06
0.0010922917
5.4795368e-06
4.8007687e-06
0.0010564752
6.0920052e-05
0.0010624093
4.8442807e-05
0.001066761
3.7030255e-05
0.001070039
2.8321621e-05
0.0010725179
2.1804962e-05
0.0010744052
1.6879823e-05
0.0010759115
1.3410181e-05
0.0010771821
1.1127871e-05
0.0010782963
9.6160079e-06
0.0010793049
8.5837928e-06
0.001080243
7.8785355e-06
0.0010811318
7.3911852e-06
0.0010819832
7.0366315e-06
0.0010828048
6.7621544e-06
0.0010836011
6.5382027e-06
0.0010843752
6.3463986e-06
0.0010851289
6.1749273e-06
0.0010858635
6.0172666e-06
0.00108658
5.870178e-06
0.0010872796
5.7314345e-06
0.0010879628
5.6001806e-06
0.0010886302
5.4733855e-06
0.0010892833
5.3547725e-06
0.0010899216
5.2293472e-06
0.0010905508
5.1275984e-06
0.0010911589
4.9382217e-06
0.0010917723
4.8661081e-06
4.2674849e-06
0.0010554206
5.3107448e-05
0.0010614014
4.2461984e-05
0.001065844
3.258773e-05
0.0010692054
2.4960204e-05
0.0010717637
1.924659e-05
0.001073722
1.49216e-05
0.0010752812
1.1850933e-05
0.0010765892
9.8198408e-06
0.0010777309
8.4743892e-06
0.0010787594
7.5552449e-06
0.001079712
6.9259821e-06
0.0010806117
6.4914609e-06
0.0010814719
6.176385e-06
0.001082301
5.9331231e-06
0.001083104
5.7351948e-06
0.0010838842
5.5661993e-06
0.0010846437
5.4154386e-06
0.0010853839
5.2769823e-06
0.0010861061
5.1479883e-06
0.0010868112
5.0264098e-06
0.0010874999
4.9114738e-06
0.0010881728
4.8004038e-06
0.0010888313
4.6963379e-06
0.0010894749
4.5856845e-06
0.0010901079
4.4946528e-06
0.0010907206
4.3254857e-06
0.0010913304
4.2563593e-06
3.7283917e-06
0.001054523
4.5374634e-05
0.0010605389
3.6445995e-05
0.0010650586
2.8068101e-05
0.0010684922
2.1526554e-05
0.0010711189
1.661992e-05
0.0010731385
1.2901986e-05
0.0010747444
1.0245056e-05
0.0010760854
8.4788509e-06
0.001077251
7.3087494e-06
0.0010782972
6.5090711e-06
0.0010792625
5.9606373e-06
0.0010801719
5.5821404e-06
0.0010810399
5.3083818e-06
0.0010818755
5.0975518e-06
0.0010826842
4.9264447e-06
0.0010834698
4.7806359e-06
0.0010842343
4.6508448e-06
0.0010849795
4.5318174e-06
0.0010857065
4.420979e-06
0.0010864163
4.3165985e-06
0.0010871097
4.2180219e-06
0.0010877875
4.1226611e-06
0.0010884506
4.0332713e-06
0.0010890988
3.9374601e-06
0.0010897349
3.8585808e-06
0.0010903516
3.7087917e-06
0.0010909581
3.649845e-06
3.184624e-06
0.0010537716
3.7709636e-05
0.0010598137
3.0403936e-05
0.0010643975
2.3484275e-05
0.0010678926
1.8031451e-05
0.0010705769
1.3935681e-05
0.0010726487
1.0830155e-05
0.0010742947
8.599097e-06
0.0010756641
7.1094138e-06
0.0010768505
6.1223641e-06
0.0010779119
5.4476901e-06
0.0010788882
4.9842639e-06
0.0010798059
4.6644858e-06
0.0010806805
4.4337468e-06
0.0010815217
4.2563635e-06
0.0010823355
4.1126952e-06
0.0010831256
3.9905362e-06
0.0010838945
3.8819367e-06
0.0010846438
3.7824794e-06
0.0010853749
3.6898874e-06
0.0010860887
3.6027677e-06
0.0010867862
3.5205458e-06
0.001087468
3.4408333e-06
0.0010881349
3.3663477e-06
0.0010887871
3.285361e-06
0.0010894257
3.2199692e-06
0.0010900457
3.0887217e-06
0.0010906491
3.0465418e-06
2.6368932e-06
0.001053158
3.0100758e-05
0.0010592191
2.4342844e-05
0.001063855
1.8848317e-05
0.001067401
1.4485449e-05
0.0010701327
1.1204019e-05
0.0010722477
8.7151834e-06
0.0010739272
6.919577e-06
0.0010753205
5.7161295e-06
0.0010765242
4.9186485e-06
0.0010775984
4.3734813e-06
0.0010785841
3.9985693e-06
0.0010795087
3.7398731e-06
0.001080389
3.5535076e-06
0.0010812348
3.4105015e-06
0.0010820527
3.2948124e-06
0.0010828466
3.1966212e-06
0.0010836191
3.1094849e-06
0.0010843719
3.0296534e-06
0.0010851063
2.9554457e-06
0.0010858235
2.885567e-06
0.0010865243
2.8197424e-06
0.0010872094
2.7557257e-06
0.0010878795
2.696255e-06
0.0010885348
2.6300733e-06
0.0010891753
2.5794632e-06
0.0010897984
2.465622e-06
0.0010903981
2.4468416e-06
2.0855498e-06
0.0010526753
2.2536338e-05
0.0010587499
1.8268262e-05
0.0010634267
1.4171569e-05
0.0010670133
1.0898856e-05
0.0010697825
8.434747e-06
0.0010719319
6.5658517e-06
0.0010736383
5.2131023e-06
0.0010750508
4.3037189e-06
0.0010762684
3.7009314e-06
0.001077353
3.2890099e-06
0.0010783461
3.0053822e-06
0.0010792764
2.8096317e-06
0.0010801611
2.6688133e-06
0.0010810107
2.5608635e-06
0.0010818319
2.4736632e-06
0.0010826288
2.3997006e-06
0.0010834041
2.3341503e-06
0.0010841596
2.2741428e-06
0.0010848967
2.2183178e-06
0.0010856165
2.1658186e-06
0.0010863198
2.1163356e-06
0.0010870075
2.0681152e-06
0.00108768
2.0237264e-06
0.0010883377
1.9724432e-06
0.0010889794
1.9377187e-06
0.0010896052
1.8398376e-06
0.0010902005
1.8516288e-06
1.5304493e-06
0.001052319
1.5005e-05
0.0010584027
1.2184591e-05
0.0010631095
9.4647146e-06
0.0010667266
7.2818043e-06
0.0010695239
5.6374711e-06
0.0010716988
4.3908932e-06
0.0010734255
3.4864534e-06
0.0010748523
2.8768718e-06
0.0010760804
2.4728001e-06
0.0010771727
2.1968037e-06
0.0010781715
2.0065884e-06
0.0010791059
1.8752546e-06
0.0010799939
1.7808095e-06
0.0010808462
1.7085079e-06
0.0010816698
1.6501175e-06
0.0010824688
1.6006558e-06
0.0010832461
1.5568179e-06
0.0010840036
1.5167043e-06
0.0010847424
1.4793989e-06
0.001085464
1.4442648e-06
0.0010861691
1.4112502e-06
0.0010868584
1.3788065e-06
0.0010875324
1.3497193e-06
0.0010881916
1.3132482e-06
0.0010888338
1.2955353e-06
0.0010894619
1.2117085e-06
0.0010900513
1.26234e-06
9.7159109e-07
0.0010520872
7.4956636e-06
0.0010581759
6.0958805e-06
0.0010629021
4.7385225e-06
0.001066539
3.644924e-06
0.0010693544
2.821973e-06
0.001071546
2.1993291e-06
0.0010732858
1.74661e-06
0.0010747221
1.4406469e-06
0.001075957
1.2378565e-06
0.0010770542
1.0996251e-06
0.0010780566
1.0042226e-06
0.0010789936
9.3821987e-07
0.0010798837
8.9079053e-07
0.0010807377
8.5448201e-07
0.0010815626
8.252153e-07
0.0010823628
8.0039027e-07
0.0010831412
7.7843973e-07
0.0010838996
7.5829467e-07
0.0010846394
7.3958946e-07
0.0010853618
7.2188592e-07
0.0010860676
7.0542012e-07
0.0010867576
6.8877613e-07
0.0010874321
6.7523353e-07
0.0010880918
6.5363355e-07
0.0010887333
6.5402355e-07
0.0010893635
5.8150652e-07
0.0010899442
6.8163918e-07
4.0697091e-07
0.0010519685
0.0010580644
0.0010628029
0.0010664478
0.0010692698
0.0010714691
0.0010732157
0.0010746564
0.0010758942
0.0010769938
0.0010779981
0.0010789363
0.0010798271
0.0010806816
0.0010815068
0.0010823072
0.0010830856
0.0010838439
0.0010845835
0.0010853054
0.0010860108
0.0010866996
0.0010873748
0.0010880284
0.0010886825
0.001089264
0.0010899456
)
;

boundaryField
{
    inlet
    {
        type            calculated;
        value           nonuniform List<scalar> 
27
(
-0.0010074074
-0.0010074074
-0.0010074074
-0.0010074074
-0.0010074074
-0.0010074074
-0.0010074074
-0.0010074074
-0.0010074074
-0.0010074074
-0.0010074074
-0.0010074074
-0.0010074074
-0.0010074074
-0.0010074074
-0.0010074074
-0.0010074074
-0.0010074074
-0.0010074074
-0.0010074074
-0.0010074074
-0.0010074074
-0.0010074074
-0.0010074074
-0.0010074074
-0.0010074074
-0.0010074074
)
;
    }
    outlet
    {
        type            calculated;
        value           nonuniform List<scalar> 
27
(
0.00019416867
0.00049142984
0.00071079421
0.00086549846
0.00096857919
0.0010326044
0.0010691497
0.0010878992
0.0010961352
0.0010987961
0.0010988842
0.0010980069
0.0010969021
0.0010958466
0.0010949144
0.0010941085
0.0010934144
0.0010928174
0.0010923056
0.0010918694
0.0010915018
0.0010911968
0.0010909494
0.0010907555
0.0010906101
0.0010905088
0.0010903526
)
;
    }
    hydrofoilFlap
    {
        type            calculated;
        value           uniform 0;
    }
    farfield
    {
        type            calculated;
        value           uniform 0;
    }
    frontAndBack
    {
        type            empty;
    }
}


// ************************************************************************* //
