/*--------------------------------*- C++ -*----------------------------------*\
| =========                 |                                                 |
| \\      /  F ield         | OpenFOAM: The Open Source CFD Toolbox           |
|  \\    /   O peration     | Version:  2512                                  |
|   \\  /    A nd           | Website:  www.openfoam.com                      |
|    \\/     M anipulation  |                                                 |
\*---------------------------------------------------------------------------*/
FoamFile
{
    version     2.0;
    format      ascii;
    arch        "LSB;label=32;scalar=64";
    class       volVectorField;
    location    "75";
    object      U;
}
// * * * * * * * * * * * * * * * * * * * * * * * * * * * * * * * * * * * * * //

dimensions      [0 1 -1 0 0 0 0];

internalField   nonuniform List<vector> 
2052
(
(3.0861732 0.065570554 0)
(2.530326 0.092319482 0)
(2.0084103 0.069833182 0)
(1.5737349 0.040139191 0)
(1.270651 0.016165801 0)
(1.0822375 0.0016145187 0)
(0.96951032 -0.0045298511 0)
(0.90259773 -0.0056174387 0)
(0.86194638 -0.0045739173 0)
(0.83431457 -0.0030381734 0)
(0.81194219 -0.0017084099 0)
(0.79070652 -0.00073821474 0)
(0.77097105 -0.00017190385 0)
(0.74589417 0.00045200595 0)
(3.5192311 0.10943624 0)
(3.6396918 0.16954453 0)
(3.58124 0.16298331 0)
(3.4071995 0.13871055 0)
(3.1974801 0.10688004 0)
(2.9974031 0.075323079 0)
(2.8230266 0.050144969 0)
(2.6768793 0.032916446 0)
(2.5557509 0.022374091 0)
(2.4541951 0.01648977 0)
(2.3670408 0.013453607 0)
(2.2899009 0.01192211 0)
(2.2213702 0.011262044 0)
(2.1539342 0.010773404 0)
(3.4241831 0.075868796 0)
(3.5460119 0.12628937 0)
(3.6586249 0.13605236 0)
(3.7191454 0.13375751 0)
(3.7272998 0.11894396 0)
(3.6954668 0.097176067 0)
(3.6386853 0.07636034 0)
(3.5702882 0.060243645 0)
(3.4989426 0.049055777 0)
(3.4286633 0.041683421 0)
(3.3607646 0.036877417 0)
(3.2951673 0.033561327 0)
(3.2324244 0.031421639 0)
(3.1690691 0.029217268 0)
(3.4105097 0.055147789 0)
(3.4712764 0.10217892 0)
(3.5458445 0.11372629 0)
(3.6138302 0.11449598 0)
(3.6698337 0.10588431 0)
(3.7083386 0.091289898 0)
(3.727548 0.076560878 0)
(3.7312048 0.064748136 0)
(3.724547 0.056248202 0)
(3.711364 0.050442972 0)
(3.6938366 0.046568273 0)
(3.6729463 0.043852473 0)
(3.6497708 0.042199884 0)
(3.6231608 0.04025034 0)
(3.4084466 0.044914903 0)
(3.4536019 0.092484223 0)
(3.5056585 0.10471687 0)
(3.5493627 0.1041167 0)
(3.5872771 0.095942281 0)
(3.6199444 0.08319128 0)
(3.645365 0.070509817 0)
(3.6639271 0.060492771 0)
(3.6776264 0.053460012 0)
(3.6880376 0.048843508 0)
(3.695971 0.045971376 0)
(3.7016334 0.044155584 0)
(3.7053608 0.043287637 0)
(3.7066523 0.042257059 0)
(3.4063658 0.037261441 0)
(3.4437369 0.082039519 0)
(3.4893231 0.095158736 0)
(3.5262772 0.095281044 0)
(3.5550687 0.088649573 0)
(3.5782581 0.077601874 0)
(3.5960947 0.066105259 0)
(3.6097271 0.056800564 0)
(3.6211401 0.050197071 0)
(3.6317062 0.045847953 0)
(3.6419844 0.043170951 0)
(3.6520062 0.04156694 0)
(3.6617926 0.04088134 0)
(3.671093 0.040347123 0)
(3.4048263 0.031128737 0)
(3.435542 0.072201764 0)
(3.4762179 0.086283344 0)
(3.510971 0.087601818 0)
(3.5378679 0.082573403 0)
(3.5588083 0.073235952 0)
(3.5742724 0.062960197 0)
(3.5854265 0.054333312 0)
(3.5942658 0.048030475 0)
(3.6023076 0.043750221 0)
(3.6102809 0.041023232 0)
(3.6183974 0.039356152 0)
(3.6267659 0.038574855 0)
(3.6353254 0.038156488 0)
(3.4037473 0.026278296 0)
(3.4291577 0.063697234 0)
(3.4651326 0.078388985 0)
(3.497539 0.080604559 0)
(3.52322 0.076748626 0)
(3.5435373 0.068876327 0)
(3.5588834 0.059806073 0)
(3.5700616 0.051937343 0)
(3.5787274 0.046040543 0)
(3.5862914 0.041934372 0)
(3.5935038 0.039242934 0)
(3.6006543 0.037561137 0)
(3.6079144 0.036711957 0)
(3.6153213 0.036314632 0)
(3.4029705 0.022410074 0)
(3.4242084 0.05626728 0)
(3.4560146 0.071101589 0)
(3.4860385 0.074013377 0)
(3.5103889 0.071117825 0)
(3.5299992 0.064528554 0)
(3.545272 0.056583432 0)
(3.5567623 0.049457937 0)
(3.5657993 0.043989337 0)
(3.5736301 0.040102461 0)
(3.5809596 0.037498879 0)
(3.588086 0.035846041 0)
(3.5951851 0.034972916 0)
(3.6023417 0.034587533 0)
(3.402401 0.01927205 0)
(3.4203272 0.049745032 0)
(3.4485088 0.064384546 0)
(3.4763008 0.06787779 0)
(3.4993859 0.06580148 0)
(3.5182614 0.060309633 0)
(3.5333331 0.053367432 0)
(3.5450027 0.046927702 0)
(3.5543403 0.041868195 0)
(3.5624487 0.038205259 0)
(3.5699912 0.035705993 0)
(3.5772696 0.034098132 0)
(3.5844583 0.033220977 0)
(3.5916743 0.032844217 0)
(3.4019771 0.016685657 0)
(3.4172575 0.044018191 0)
(3.4423013 0.058215811 0)
(3.4680263 0.062160047 0)
(3.4899396 0.060764009 0)
(3.5081296 0.056197663 0)
(3.5229685 0.050148393 0)
(3.5347476 0.044349415 0)
(3.5443196 0.03968725 0)
(3.5526538 0.036253346 0)
(3.5603753 0.033871061 0)
(3.5677897 0.032318524 0)
(3.5750745 0.031448283 0)
(3.5823692 0.031074865 0)
(3.4016566 0.014522799 0)
(3.4148096 0.038976705 0)
(3.4371466 0.052545424 0)
(3.4609684 0.056803675 0)
(3.4817919 0.055969718 0)
(3.4993484 0.052188579 0)
(3.5139485 0.046937013 0)
(3.5258 0.041737861 0)
(3.5355722 0.037460806 0)
(3.544108 0.034257986 0)
(3.5519923 0.032001884 0)
(3.559531 0.030512745 0)
(3.5669052 0.029657969 0)
(3.5742677 0.029285157 0)
(3.4014104 0.012688878 0)
(3.4128417 0.034519661 0)
(3.4328504 0.047326843 0)
(3.4549332 0.051771833 0)
(3.4747422 0.051400333 0)
(3.491712 0.048285638 0)
(3.5060717 0.043742043 0)
(3.5179648 0.039099704 0)
(3.5279085 0.035192987 0)
(3.5366282 0.03222093 0)
(3.5446664 0.030098286 0)
(3.552326 0.028680235 0)
(3.5597901 0.027849241 0)
(3.5672184 0.027477818 0)
(3.4012184 0.011113272 0)
(3.4112479 0.030559196 0)
(3.4292584 0.042517205 0)
(3.4497643 0.047033809 0)
(3.4686314 0.047036097 0)
(3.4850574 0.044485155 0)
(3.4991793 0.040566725 0)
(3.5110881 0.036439242 0)
(3.5211763 0.032888069 0)
(3.5300618 0.030145475 0)
(3.5382442 0.028162009 0)
(3.54602 0.026821848 0)
(3.5535736 0.026022044 0)
(3.5610674 0.02565451 0)
(3.4010666 0.0097427156 0)
(3.4099483 0.027019601 0)
(3.4262475 0.038075058 0)
(3.4453338 0.042561205 0)
(3.46333 0.042857366 0)
(3.4792533 0.040782187 0)
(3.4931437 0.037414591 0)
(3.5050477 0.033761934 0)
(3.5152558 0.030551284 0)
(3.5242891 0.028035582 0)
(3.5326046 0.026195265 0)
(3.5404903 0.024938618 0)
(3.5481309 0.024176385 0)
(3.5556886 0.023816141 0)
(3.4009452 0.008536511 0)
(3.408883 0.023835972 0)
(3.4237194 0.033960765 0)
(3.4415368 0.038328171 0)
(3.4587325 0.03884624 0)
(3.4741926 0.03717138 0)
(3.4878612 0.03428834 0)
(3.4997446 0.031072401 0)
(3.5100507 0.028186972 0)
(3.5192148 0.025894679 0)
(3.5276517 0.024200205 0)
(3.5356399 0.023031825 0)
(3.5433632 0.022312783 0)
(3.5509819 0.021963719 0)
(3.4008472 0.0074631009 0)
(3.4080059 0.020952845 0)
(3.421595 0.030136896 0)
(3.4382866 0.034310771 0)
(3.4547519 0.034986067 0)
(3.4697875 0.033646538 0)
(3.4832464 0.03118934 0)
(3.495098 0.028374383 0)
(3.505483 0.025799083 0)
(3.5147616 0.023726206 0)
(3.5233083 0.022179269 0)
(3.5313909 0.021103084 0)
(3.5391914 0.020432156 0)
(3.5468677 0.020098286 0)
(3.4007675 0.0064976663 0)
(3.407282 0.018322898 0)
(3.4198111 0.026568396 0)
(3.4355115 0.030486471 0)
(3.4513164 0.031261178 0)
(3.4659653 0.030200886 0)
(3.4792288 0.028118001 0)
(3.4910412 0.025671022 0)
(3.5014889 0.023391196 0)
(3.5108667 0.021533422 0)
(3.5195118 0.020134925 0)
(3.5276801 0.019154143 0)
(3.5355519 0.018535616 0)
(3.5432817 0.018220919 0)
(3.4007024 0.0056203758 0)
(3.4066843 0.01590561 0)
(3.4183166 0.023222598 0)
(3.4331522 0.026833879 0)
(3.448366 0.027656769 0)
(3.4626663 0.026827314 0)
(3.4757502 0.025073909 0)
(3.4875193 0.022964876 0)
(3.4980158 0.020966522 0)
(3.507479 0.019319373 0)
(3.5162111 0.018069657 0)
(3.5244565 0.017186864 0)
(3.5323928 0.016624448 0)
(3.5401716 0.016332656 0)
(3.4006492 0.0048151321 0)
(3.4061921 0.013666126 0)
(3.4170705 0.020069158 0)
(3.4311596 0.023332478 0)
(3.4458512 0.024158702 0)
(3.4598408 0.02351846 0)
(3.4727622 0.022055865 0)
(3.4844867 0.020257863 0)
(3.4950207 0.018527902 0)
(3.5045564 0.017086947 0)
(3.5133645 0.015985952 0)
(3.5216781 0.015203231 0)
(3.5296722 0.014700132 0)
(3.537495 0.014434627 0)
(3.400606 0.0040686725 0)
(3.405789 0.011574316 0)
(3.4160399 0.017079978 0)
(3.4294933 0.019962593 0)
(3.4437307 0.020753463 0)
(3.4574476 0.020266851 0)
(3.4702248 0.019062055 0)
(3.4819058 0.017551312 0)
(3.492468 0.016077719 0)
(3.5020645 0.014838676 0)
(3.5109381 0.013886061 0)
(3.5193111 0.013205071 0)
(3.5273559 0.01276403 0)
(3.5352176 0.012527857 0)
(3.4005711 0.0033698478 0)
(3.4054626 0.0096038105 0)
(3.4151987 0.014228925 0)
(3.4281201 0.016705155 0)
(3.4419705 0.01742788 0)
(3.4554531 0.01706497 0)
(3.4681052 0.016090312 0)
(3.4797457 0.014846398 0)
(3.4903287 0.01361845 0)
(3.4999753 0.012577342 0)
(3.5089041 0.011772567 0)
(3.5173278 0.011194522 0)
(3.5254161 0.010817725 0)
(3.5333114 0.010613466 0)
(3.4005434 0.0027091086 0)
(3.4052033 0.0077313264 0)
(3.414526 0.011491851 0)
(3.4270135 0.013541821 0)
(3.440543 0.014168904 0)
(3.45383 0.013904612 0)
(3.4663767 0.013137162 0)
(3.4779813 0.012142852 0)
(3.4885793 0.011151361 0)
(3.4982661 0.010304789 0)
(3.5072403 0.0096474269 0)
(3.515706 0.0091734261 0)
(3.5238306 0.0088627965 0)
(3.5317541 0.0086926974 0)
(3.4005221 0.0020780971 0)
(3.4050037 0.0059355336 0)
(3.4140058 0.0088461775 0)
(3.4261521 0.010455977 0)
(3.439426 0.010965939 0)
(3.4525562 0.010780213 0)
(3.4650182 0.010201393 0)
(3.4765927 0.0094422193 0)
(3.4872011 0.0086789829 0)
(3.4969191 0.0080235575 0)
(3.5059293 0.0075127968 0)
(3.5144285 0.0071434285 0)
(3.5225821 0.0069003858 0)
(3.5305282 0.0067662505 0)
(3.4005065 0.0014701877 0)
(3.4048584 0.0041957275 0)
(3.4136262 0.0062658137 0)
(3.4255201 0.0074244789 0)
(3.4386029 0.0078013004 0)
(3.4516153 0.0076799035 0)
(3.4640133 0.0072769611 0)
(3.4755645 0.006743179 0)
(3.4861799 0.006202863 0)
(3.495921 0.0057365833 0)
(3.504958 0.0053720917 0)
(3.5134823 0.0051078302 0)
(3.5216577 0.0049333361 0)
(3.5296209 0.0048363886 0)
(3.4004957 0.00088456318 0)
(3.4047623 0.0025091326 0)
(3.4133782 0.0037463019 0)
(3.4251066 0.0044432604 0)
(3.438063 0.0046714899 0)
(3.4509972 0.0046001634 0)
(3.4633528 0.0043606081 0)
(3.4748882 0.0040428983 0)
(3.4855077 0.0037205451 0)
(3.4952634 0.0034417453 0)
(3.5043179 0.0032235876 0)
(3.5128586 0.0030653428 0)
(3.5210482 0.0029607699 0)
(3.5290225 0.0029025431 0)
(3.4004932 0.00029883588 0)
(3.4047216 0.0008403665 0)
(3.4132662 0.0012520333 0)
(3.4249136 0.0014838668 0)
(3.4378057 0.0015587644 0)
(3.450699 0.0015335188 0)
(3.4630313 0.0014526653 0)
(3.4745567 0.0013463352 0)
(3.4851761 0.0012387793 0)
(3.4949377 0.0011458889 0)
(3.5039998 0.0010733353 0)
(3.5125481 0.001020831 0)
(3.5207445 0.00098623496 0)
(3.5287243 0.00096704752 0)
(0.73565097 0.0015980583 2.0583165e-23)
(0.73005386 0.0026134434 1.1556724e-23)
(0.72049136 0.0030957362 0)
(0.70739181 0.0031975218 0)
(0.69364531 0.0031290034 0)
(0.68030939 0.0030338644 1.1636712e-18)
(0.66736415 0.0029643683 2.3394353e-18)
(0.6546941 0.002925477 0)
(0.64215246 0.0029176501 0)
(0.62944106 0.0029466696 -1.188497e-18)
(0.61615953 0.0030174271 -1.1957768e-18)
(0.60162729 0.0031487552 0)
(0.58545517 0.0033273715 0)
(0.56531885 0.0036821486 0)
(0.54408967 0.0038756555 0)
(0.50590497 0.0052524802 0)
(0.49034356 0.0036288575 0)
(0.35938245 0.010581336 -1.3454897e-18)
(2.1048286 0.011812047 -6.3530467e-19)
(2.0638117 0.012907115 -2.2672096e-23)
(2.0252839 0.013573281 -6.4824952e-19)
(1.9875629 0.013837929 0)
(1.9510198 0.013772496 -6.6221018e-19)
(1.9159272 0.013526753 6.6931674e-19)
(1.8821863 0.013242065 -6.7634942e-19)
(1.8495815 0.013002566 6.8335641e-19)
(1.8178144 0.012864051 0)
(1.7864232 0.012878709 -2.6698968e-24)
(1.7547859 0.01310631 7.0442459e-19)
(1.7219087 0.013616066 -7.1201217e-19)
(1.6869179 0.014520778 -7.204086e-19)
(1.6468617 0.015942535 -7.3004121e-19)
(1.6035569 0.018093838 7.4212478e-19)
(1.5393667 0.021612796 -7.5603739e-19)
(1.493849 0.025188768 7.8056185e-19)
(1.3154828 0.037704251 7.9316413e-19)
(3.1159641 0.029618899 0)
(3.0679538 0.02992368 -4.8826511e-23)
(3.0221477 0.029680107 4.5980645e-19)
(2.9775033 0.029143874 0)
(2.9341476 0.028413204 4.6792055e-19)
(2.892183 0.02759218 -4.7204431e-19)
(2.8514995 0.026808737 0)
(2.8119091 0.026159738 4.8330032e-24)
(2.7731542 0.025722488 0)
(2.73484 0.025579469 9.7652136e-19)
(2.6964112 0.025838332 -9.8448657e-19)
(2.6570055 0.026627524 9.9257073e-19)
(2.6156779 0.028184516 5.0053711e-19)
(2.5700948 0.030677086 5.0507047e-19)
(2.5204061 0.034874819 -2.8606829e-22)
(2.4542908 0.040658942 5.1579385e-19)
(2.396393 0.050592608 -6.7761641e-22)
(2.234401 0.066097181 0)
(3.597592 0.040981813 0)
(3.5729029 0.041379565 -7.9311455e-19)
(3.5479063 0.041090969 0)
(3.5220317 0.040518673 0)
(3.4954747 0.039764309 0)
(3.4684474 0.038896768 0)
(3.4410211 0.038046328 0)
(3.4132152 0.037337239 -8.0761679e-19)
(3.3849969 0.036879606 -4.0533579e-19)
(3.3562206 0.036793947 -8.1376551e-19)
(3.326602 0.037237475 4.0843828e-19)
(3.2956101 0.038403306 -8.197846e-19)
(3.262602 0.040631752 0)
(3.2259586 0.044186265 -4.1259928e-19)
(3.1854934 0.050226429 -8.279437e-19)
(3.1329091 0.058237266 -4.1493124e-19)
(3.0835758 0.073910604 -9.9609776e-22)
(2.9613751 0.092037368 -4.1313845e-19)
(3.7059883 0.043432449 0)
(3.7049861 0.044281752 3.8299412e-19)
(3.7030306 0.04443445 0)
(3.6995561 0.044294653 0)
(3.6945916 0.043964262 0)
(3.6882506 0.043491559 -3.785896e-19)
(3.6805735 0.043002315 0)
(3.6715989 0.042633391 3.7746126e-19)
(3.6613648 0.042513514 7.5404931e-19)
(3.6498533 0.042787491 7.5323768e-19)
(3.6369684 0.043646868 0)
(3.6224467 0.045332753 7.5140104e-19)
(3.6059866 0.048256802 0)
(3.5865742 0.052773661 7.4841692e-19)
(3.5643101 0.060256203 3.7312253e-19)
(3.5337437 0.070154555 7.4237538e-19)
(3.5049637 0.089599519 -3.6835487e-19)
(3.4318702 0.11064319 7.24593e-19)
(3.679394 0.041488364 0)
(3.6880532 0.042526072 0)
(3.6965899 0.04298062 0)
(3.7043591 0.04316483 1.8991143e-19)
(3.7112109 0.043189119 -1.8886903e-19)
(3.7171242 0.043090536 3.757926e-19)
(3.7220322 0.042977915 0)
(3.7258853 0.042983887 0)
(3.7286687 0.043240732 -3.7059763e-19)
(3.7303591 0.043901776 -5.5338716e-19)
(3.730911 0.045174543 0)
(3.7301873 0.047324711 -3.6542179e-19)
(3.7280939 0.05080239 0)
(3.72405 0.056020066 -5.4135498e-19)
(3.7184379 0.064425311 0)
(3.7080188 0.075635496 -3.5435748e-19)
(3.6992514 0.096741431 0)
(3.6693478 0.12064021 -3.4050168e-19)
(3.6438655 0.038991766 0)
(3.6532389 0.039939511 0)
(3.6631184 0.040439191 0)
(3.6729244 0.040697297 -1.9157696e-19)
(3.682467 0.040837825 1.903787e-19)
(3.6917002 0.040895376 1.892233e-19)
(3.7005361 0.040961089 0)
(3.7088932 0.041159755 0)
(3.716728 0.041622774 0)
(3.7240054 0.042504462 1.8478564e-19)
(3.7306928 0.044016331 0)
(3.736712 0.046431999 0)
(3.7420641 0.050212566 -1.8081696e-19)
(3.7464522 0.05580184 1.7929922e-19)
(3.7503463 0.064610041 0)
(3.7521629 0.076526051 0)
(3.7556857 0.097678219 0)
(3.7534771 0.12359686 -1.6535329e-19)
(3.6229121 0.036872074 0)
(3.6312783 0.037662063 1.9544113e-19)
(3.6402388 0.038116721 0)
(3.6493319 0.038351575 0)
(3.6583871 0.038496541 0)
(3.6673827 0.038588961 -1.9059919e-19)
(3.6762645 0.038706965 0)
(3.684973 0.038968901 1.8829518e-19)
(3.6934803 0.039505304 1.8712346e-19)
(3.7017697 0.040469774 1.8590512e-19)
(3.7098328 0.042073121 1.8460522e-19)
(3.7176377 0.044590199 1.8317846e-19)
(3.7252318 0.048477186 3.6322178e-19)
(3.7325009 0.05419741 1.7964531e-19)
(3.7398787 0.063054887 1.7725465e-19)
(3.7468558 0.075232036 1.743139e-19)
(3.7554947 0.095575342 1.7008709e-19)
(3.7662969 0.12229368 7.3259047e-22)
(3.6096368 0.034957839 1.9755552e-19)
(3.617527 0.035609013 -1.9637627e-19)
(3.6259178 0.036018838 0)
(3.6344426 0.03623055 0)
(3.6429415 0.036367968 0)
(3.6514029 0.03647281 0)
(3.6597983 0.036613861 1.9045938e-19)
(3.6680907 0.036903041 -3.7861909e-19)
(3.6762704 0.037469284 -1.751878e-23)
(3.6843423 0.038464827 -1.8691407e-19)
(3.692322 0.040098104 -1.8559956e-19)
(3.7002156 0.042643198 -7.8439924e-23)
(3.7080985 0.04654426 -1.8249131e-19)
(3.7159745 0.052278448 -1.7544702e-22)
(3.7242214 0.061020537 -1.7810532e-19)
(3.7329346 0.073201277 -1.750744e-19)
(3.7432817 0.092485076 -3.412276e-19)
(3.7588218 0.11896733 3.291288e-19)
(3.5989959 0.033087608 -1.0906709e-23)
(3.6067832 0.033622795 0)
(3.6149879 0.033995769 1.9592229e-19)
(3.6233156 0.03419581 0)
(3.6316106 0.034332595 1.9356162e-19)
(3.6398569 0.034452266 0)
(3.6480363 0.034616718 -1.9125948e-19)
(3.6561227 0.034930656 1.9010307e-19)
(3.6641146 0.035520048 -1.8891716e-19)
(3.6720297 0.03653494 0)
(3.6799001 0.038180258 0)
(3.6877608 0.040727897 -1.8484501e-19)
(3.6957085 0.044606758 -1.8301629e-19)
(3.7038301 0.050301517 -1.8110853e-19)
(3.7124734 0.058861803 0)
(3.7220655 0.070891511 0)
(3.7333831 0.089128376 1.7113557e-19)
(3.7508159 0.11472124 -1.6501338e-19)
(3.5897575 0.031224531 -1.9900941e-19)
(3.5975259 0.031659466 0)
(3.6056528 0.031996499 -1.9664246e-19)
(3.6139045 0.032188006 0)
(3.6221336 0.032326006 -1.7783779e-24)
(3.6303176 0.032459984 0)
(3.6384438 0.032646721 0)
(3.6464929 0.032983289 0)
(3.6544683 0.033591485 0)
(3.662396 0.034618423 0)
(3.6703214 0.036264536 0)
(3.6783037 0.038797687 0)
(3.6864613 0.042629387 1.8365987e-19)
(3.6949469 0.048244028 0)
(3.7041064 0.056578659 0)
(3.7145707 0.068337629 0)
(3.7269563 0.085575489 0)
(3.7457741 0.10992391 0)
(3.5817132 0.029363277 1.99645e-19)
(3.5894733 0.029712112 -1.9849121e-19)
(3.5975426 0.030012862 1.9729636e-19)
(3.6057388 0.030195492 0)
(3.6139276 0.030333765 -2.0137032e-24)
(3.6220828 0.030478698 -1.937649e-19)
(3.6301962 0.030683178 1.9259314e-19)
(3.6382555 0.031036731 -1.9140324e-19)
(3.6462695 0.031656218 1.901725e-19)
(3.6542725 0.03268519 1.8886958e-19)
(3.662323 0.034318608 -1.8745174e-19)
(3.670503 0.036818143 0)
(3.6789537 0.040575915 -1.8401559e-19)
(3.6878844 0.046068076 1.8180673e-19)
(3.6976561 0.054131718 -1.7905681e-19)
(3.7090386 0.065514659 1.7558293e-19)
(3.7225814 0.081771604 -1.7103356e-19)
(3.7427353 0.10469144 1.6469713e-19)
(3.5747161 0.027501594 -2.0024848e-19)
(3.5824752 0.027777791 1.9910471e-19)
(3.5904991 0.028043009 -1.9791336e-19)
(3.5986484 0.028215947 0)
(3.6068041 0.028353216 -1.9554521e-19)
(3.6149384 0.028505351 1.943715e-19)
(3.6230471 0.028722115 -1.9319248e-19)
(3.6311254 0.029085919 1.9199447e-19)
(3.6391883 0.029708245 -1.9075541e-19)
(3.6472789 0.030728403 -3.1619163e-23)
(3.6554687 0.032334706 1.8801858e-19)
(3.6638616 0.034780326 0)
(3.6726219 0.038436167 1.8457156e-19)
(3.682008 0.043763144 -1.8236166e-19)
(3.6924035 0.051509327 1.7962615e-19)
(3.7046743 0.06242544 -1.7617495e-19)
(3.7193431 0.077696886 1.7171501e-19)
(3.7407338 0.099095171 -1.6551755e-19)
(3.5686156 0.025637323 0)
(3.576381 0.025852944 0)
(3.5843721 0.026084414 0)
(3.5924838 0.026246951 0)
(3.6006136 0.026381963 0)
(3.6087334 0.026537766 -1.9493093e-19)
(3.6168429 0.026761497 0)
(3.6249441 0.027129047 0)
(3.6330589 0.027746173 0)
(3.6412391 0.028747078 -1.8995293e-19)
(3.6495689 0.030312131 0)
(3.6581726 0.032683715 1.8680646e-19)
(3.6672374 0.03621008 0)
(3.6770629 0.041331333 1.8258725e-19)
(3.6880589 0.048715913 0)
(3.701155 0.059089992 0)
(3.7168657 0.073363267 -1.7156551e-19)
(3.7393488 0.093198282 1.6529784e-19)
(3.5632851 0.023768649 0)
(3.5710622 0.02393437 -2.0019552e-19)
(3.5790307 0.024134587 0)
(3.5871136 0.024286134 1.9782843e-19)
(3.595224 0.024417539 0)
(3.6033354 0.024573745 1.9546241e-19)
(3.6114504 0.024799532 0)
(3.6195779 0.025164879 -1.9303538e-19)
(3.6277465 0.025769394 0)
(3.6360167 0.026741126 0)
(3.6444847 0.028251188 -1.8891948e-19)
(3.6532934 0.030529191 -3.7456539e-19)
(3.6626519 0.033899739 0)
(3.672895 0.038777999 -1.470025e-22)
(3.6844584 0.045760718 -1.8009866e-19)
(3.6983126 0.055531689 0)
(3.7149709 0.068792819 3.7864779e-22)
(3.738407 0.087053011 -4.7326924e-22)
(3.5586243 0.021894685 0)
(3.5664164 0.022019811 4.0140075e-19)
(3.5743704 0.022191571 0)
(3.5824314 0.022331547 -1.983362e-19)
(3.5905276 0.022457907 0)
(3.5986351 0.022611557 0)
(3.6067593 0.02283499 0)
(3.6149154 0.023192694 1.9352814e-19)
(3.6231386 0.023777644 -1.922318e-19)
(3.6314976 0.024710628 1.9086219e-19)
(3.6401 0.026152337 3.7877189e-19)
(3.6491058 0.028318073 6.6429235e-23)
(3.6587444 0.031508169 1.8571238e-19)
(3.6693806 0.036109839 -3.6686499e-19)
(3.6814746 0.042654617 3.6114105e-19)
(3.6960214 0.051773079 -1.7685768e-19)
(3.7135346 0.064008876 3.4494028e-19)
(3.7378015 0.08070021 -1.6660919e-19)
(3.5545531 0.020015019 0)
(3.562362 0.02010751 -1.0059089e-19)
(3.5703074 0.02025365 0)
(3.5783522 0.020381548 0)
(3.5864383 0.020501464 -9.881179e-20)
(3.5945453 0.020649987 9.8214228e-20)
(3.6026811 0.020867187 -9.7608695e-20)
(3.6108667 0.021212223 0)
(3.6191439 0.021770937 2.8903931e-19)
(3.6275889 0.022655898 -9.5678386e-20)
(3.63632 0.024016428 -9.4938429e-20)
(3.6455127 0.02605242 1.8815586e-19)
(3.6554152 0.0290395 -9.3150583e-20)
(3.6664179 0.033334678 2.7577069e-19)
(3.6790029 0.039409473 -9.0614412e-20)
(3.6941784 0.047835303 1.775062e-19)
(3.7124571 0.059033983 -8.6688499e-20)
(3.7374469 0.074172045 8.3357657e-20)
(3.5510068 0.018129598 1.0138768e-19)
(3.5588333 0.018196193 -1.1892517e-24)
(3.5667745 0.018319446 1.00227e-19)
(3.5748075 0.018434906 -9.9633554e-20)
(3.5828867 0.01854711 1.1509488e-24)
(3.5909954 0.018688284 -9.8440413e-20)
(3.5991443 0.018895771 9.7833551e-20)
(3.6073595 0.019223398 -9.7206816e-20)
(3.6156888 0.01974947 -9.6564337e-20)
(3.6242156 0.020577591 -9.5875863e-20)
(3.6330681 0.021844985 -1.902299e-19)
(3.6424355 0.023735234 9.4252514e-20)
(3.6525836 0.026498915 -1.8656953e-19)
(3.6639241 0.03046112 -1.8422886e-19)
(3.6769583 0.036037554 -8.2687013e-23)
(3.6926997 0.0437379 -8.8852599e-20)
(3.7116586 0.053889349 -1.7338026e-19)
(3.7372744 0.067494632 -8.3836189e-20)
(3.547933 0.016238485 -1.016056e-19)
(3.5557771 0.016284841 -1.0103294e-19)
(3.5637171 0.016387796 -2.008892e-19)
(3.5717419 0.016490678 9.9446669e-25)
(3.5798167 0.016594091 9.9254966e-20)
(3.5879287 0.016725958 0)
(3.5960914 0.016920535 9.8042839e-20)
(3.6043351 0.017226261 4.5942982e-24)
(3.6127136 0.017713649 0)
(3.6213169 0.018476767 -9.6068497e-20)
(3.6302819 0.01964018 1.7939136e-23)
(3.6398106 0.021370317 -9.4482808e-20)
(3.6501839 0.02389232 3.8347184e-23)
(3.6618318 0.027498152 5.4225193e-23)
(3.6752722 0.0325511 -9.0939053e-20)
(3.691518 0.039498929 1.0045214e-22)
(3.7110754 0.048594873 1.2941278e-22)
(3.73723 0.060690071 -8.3992409e-20)
(3.5452892 0.014341998 1.0181542e-19)
(3.5531501 0.014372871 0)
(3.5610912 0.014457927 1.0065246e-19)
(3.5691104 0.014548233 1.000584e-19)
(3.5771826 0.014641873 0)
(3.5852989 0.014762636 0)
(3.5934752 0.01494136 -2.5427172e-24)
(3.601746 0.015221042 4.2083728e-24)
(3.61017 0.015664234 0)
(3.6188433 0.01635501 1.068611e-23)
(3.6279109 0.017404751 1.619284e-23)
(3.6375859 0.018961964 -9.4658929e-20)
(3.6481627 0.021225974 9.3711569e-20)
(3.6600865 0.024454762 9.2560979e-20)
(3.6738886 0.028962157 0)
(3.6905786 0.035135336 8.9312381e-23)
(3.710657 0.043169442 8.7307159e-20)
(3.7372715 0.053777761 1.3863762e-22)
(3.5430408 0.012440503 5.8110829e-25)
(3.5509172 0.01245989 -1.014388e-19)
(3.5588606 0.012529202 0)
(3.5668763 0.012607029 0)
(3.5749472 0.012690014 0)
(3.5830684 0.012798052 0)
(3.5912577 0.012958291 -9.8444171e-20)
(3.5995532 0.013208229 3.7656232e-24)
(3.6080184 0.013602347 9.7158504e-20)
(3.6167546 0.014214317 1.9293588e-19)
(3.625914 0.015141807 1.4316601e-23)
(3.6357192 0.016514741 1.8974325e-19)
(3.6464764 0.018506284 0)
(3.6586433 0.021339968 9.2737104e-20)
(3.6727624 0.025282764 -9.1344082e-20)
(3.6898376 0.030663389 1.7934271e-19)
(3.7103632 0.037631174 -8.7518674e-20)
(3.7373659 0.046775052 1.6962089e-19)
(3.5411596 0.010534486 -1.5331341e-19)
(3.54905 0.010545667 1.5244515e-19)
(3.5569965 0.010601132 0)
(3.5650102 0.010666636 -5.0223051e-20)
(3.5730807 0.010738212 0)
(3.5812066 0.0108321 0)
(3.5894079 0.010971557 -4.9315075e-20)
(3.5977255 0.011188528 1.4700508e-19)
(3.6062269 0.01152931 -4.8678788e-20)
(3.6150182 0.012056859 -4.8335051e-20)
(3.6242577 0.012854597 9.5913844e-20)
(3.6341761 0.014033327 -4.7549708e-20)
(3.6450897 0.015739791 0)
(3.6574662 0.018162937 -1.3949057e-19)
(3.6718571 0.021525068 1.3745496e-19)
(3.6892598 0.026098856 -8.9996871e-20)
(3.7101622 0.031997464 1.3188868e-19)
(3.7374874 0.039697498 -4.2688534e-20)
(3.5396234 0.0086246946 5.1197106e-20)
(3.5475258 0.008630359 -5.0906792e-20)
(3.5554755 0.008673578 0)
(3.5634882 0.0087268904 5.0314626e-20)
(3.5715589 0.0087863625 0)
(3.5796893 0.0088648424 -4.9712583e-20)
(3.5879011 0.0089815654 4.9406648e-20)
(3.5962377 0.0091628318 -4.9092894e-20)
(3.6047699 0.0094466667 -2.1888195e-24)
(3.6136079 0.0098849748 -4.8423568e-20)
(3.6229152 0.01054655 0)
(3.6329291 0.011522584 -7.5059429e-24)
(3.6439741 0.012933289 0)
(3.6565261 0.014932999 4.6619666e-20)
(3.6711434 0.017701233 -9.1895754e-20)
(3.6888171 0.02145693 0)
(3.7100288 0.026284625 -4.4157072e-20)
(3.7376159 0.032558779 -4.1480246e-23)
(3.5384145 0.0067113086 0)
(3.5463268 0.0067136426 -5.0994755e-20)
(3.5542795 0.0067459763 0)
(3.5622919 0.0067873072 5.0402002e-20)
(3.5703631 0.0068341527 0)
(3.5784974 0.0068962652 4.98004e-20)
(3.5867179 0.0069887183 0)
(3.5950701 0.0071320665 -4.917952e-20)
(3.6036274 0.0073559939 -4.8856095e-20)
(3.6125034 0.0077011009 -4.8511589e-20)
(3.6218654 0.0082212339 -4.8142263e-20)
(3.6319565 0.0089876544 -9.5473956e-20)
(3.6431073 0.010093974 0)
(3.6558001 0.011659959 0)
(3.6705985 0.013823923 1.6159725e-23)
(3.6884877 0.016753109 0)
(3.7099438 0.020509348 -4.432211e-20)
(3.7377357 0.025372559 -4.3086965e-20)
(3.5375199 0.004795898 0)
(3.5454397 0.004796336 2.5539709e-20)
(3.553395 0.0048186338 0)
(3.5614073 0.004848018 -5.0486326e-20)
(3.5694791 0.0048817579 0)
(3.5776165 0.0049266727 0)
(3.5858437 0.0049935721 0)
(3.5942078 0.0050972039 2.4633131e-20)
(3.6027841 0.0052588129 0)
(3.6116888 0.0055075105 4.8603116e-20)
(3.6210923 0.0058819147 2.4121147e-20)
(3.6312416 0.0064330892 4.7839648e-20)
(3.6424722 0.0072279397 2.3690981e-20)
(3.655271 0.0083517661 2.342759e-20)
(3.6702052 0.0099028177 2.3125371e-20)
(3.6882555 0.011998263 2.273346e-20)
(3.7098927 0.014681937 4.4552682e-20)
(3.7378377 0.018143095 0)
(3.53693 0.0028780632 0)
(3.5448547 0.0028780531 2.5580207e-20)
(3.5528117 0.002891237 -1.2716164e-20)
(3.5608239 0.0029088846 1.2641731e-20)
(3.5688961 0.002929303 -1.2566791e-20)
(3.5770356 0.0029565381 1.2491241e-20)
(3.5852673 0.0029971187 0)
(3.5936394 0.003059975 2.4673782e-20)
(3.6022286 0.0031578879 0)
(3.6111526 0.0033084096 0)
(3.620584 0.0035348214 2.4165701e-20)
(3.6307724 0.0038678429 0)
(3.6420565 0.0043477616 -2.374948e-20)
(3.6549263 0.005025535 -2.3495301e-20)
(3.6699511 0.0059604742 2.3193998e-20)
(3.6881092 0.0072203004 -2.2830235e-20)
(3.7098661 0.0088356323 0)
(3.7379149 0.010904414 0)
(3.5366359 0.00095906163 0)
(3.5445633 0.00095917928 0)
(3.5525213 0.00096365882 1.1764419e-20)
(3.5605338 0.00096962017 -1.1696479e-20)
(3.5686063 0.00097651073 1.1628088e-20)
(3.576747 0.00098569191 -1.1559183e-20)
(3.5849813 0.00099936095 0)
(3.5933578 0.0010205231 0)
(3.6019539 0.0010534649 0)
(3.6108883 0.001104087 0)
(3.6203346 0.001180185 0)
(3.630544 0.001292043 0)
(3.641857 0.0014531779 0)
(3.654765 0.0016805036 0)
(3.6698385 0.0019941092 0)
(3.6880553 0.0024155092 0)
(3.7098761 0.0029573583 0)
(3.7379829 0.0036455079 0)
(0.40424446 0.008199935 0)
(0.48745372 0.023428909 1.8639864e-21)
(0.5670544 0.042151518 0)
(0.63219046 0.056132699 1.728213e-18)
(0.69074417 0.066385848 0)
(0.74733465 0.075156341 -1.5317862e-18)
(0.79975655 0.083254797 0)
(0.85426952 0.090194023 1.4235713e-18)
(1.3382021 0.039794998 0)
(1.4137362 0.051900025 2.8777323e-21)
(1.4917772 0.071074098 0)
(1.5615532 0.089277266 0)
(1.6283092 0.1051716 0)
(1.6945246 0.11996978 8.0680246e-19)
(1.7575316 0.13397675 -7.7751232e-19)
(1.8220611 0.14708386 7.6449328e-19)
(2.2414347 0.081233202 -6.2115188e-19)
(2.2999278 0.093862783 3.0485494e-21)
(2.3595757 0.11047451 0)
(2.4116245 0.12711082 -5.7723628e-19)
(2.4619379 0.14264016 0)
(2.5127799 0.15743276 -5.5799001e-19)
(2.5617445 0.17143417 5.507022e-19)
(2.6119058 0.18499654 -1.0900481e-18)
(2.9585752 0.11587108 4.8258681e-19)
(2.9978095 0.12851354 4.702946e-19)
(3.0379762 0.14227017 -4.619993e-19)
(3.0721571 0.15674879 4.6214067e-19)
(3.1053525 0.17132444 0)
(3.1396174 0.18559272 4.5415672e-19)
(3.1731921 0.19915591 -4.4597406e-19)
(3.2076961 0.21260798 4.4808175e-19)
(3.4265415 0.13805301 -4.1541187e-19)
(3.4492453 0.15053849 0)
(3.4731855 0.16255915 8.1460675e-19)
(3.4933297 0.17531409 -4.0460869e-19)
(3.513068 0.18863401 0)
(3.5341064 0.20180098 0)
(3.5554552 0.21429966 4.0142139e-19)
(3.5776806 0.22669577 0)
(3.6671968 0.14771873 3.9100073e-19)
(3.6791259 0.15955916 0)
(3.6925975 0.17048482 -3.8417881e-19)
(3.7043022 0.18180404 3.8382445e-19)
(3.7160742 0.19366249 0)
(3.7291618 0.20543566 0)
(3.7431724 0.21665844 0)
(3.7580654 0.2277128 0)
(3.7563708 0.1483423 3.7632075e-19)
(3.7631896 0.15916946 3.7278332e-19)
(3.7716365 0.16932523 3.7229786e-19)
(3.7797186 0.17955764 3.7193795e-19)
(3.7881925 0.19011383 3.7145089e-19)
(3.7978497 0.20060263 3.7054207e-19)
(3.8086283 0.2106669 3.6921074e-19)
(3.8202546 0.22048626 3.7038422e-19)
(3.7734103 0.14433049 -2.7757214e-21)
(3.7787461 0.15400246 -7.4206628e-19)
(3.7855425 0.16341769 -7.413985e-19)
(3.7926885 0.17274267 -2.4572072e-21)
(3.8004155 0.18217934 -7.3971628e-19)
(3.8091608 0.19154207 -7.379542e-19)
(3.8189802 0.20058637 -3.6889628e-19)
(3.829585 0.20935783 -7.3786232e-19)
(3.7687366 0.13868908 -3.7452356e-19)
(3.7741419 0.14723248 3.711149e-19)
(3.7807068 0.15582395 3.7081479e-19)
(3.7878595 0.16430555 -3.7040182e-19)
(3.7956887 0.17278195 3.698048e-19)
(3.804408 0.18118145 3.6887265e-19)
(3.814074 0.18934367 0)
(3.824451 0.19725184 3.6881902e-19)
(3.7625743 0.13261759 0)
(3.7684335 0.14016168 0)
(3.7751518 0.14789793 3.6788981e-19)
(3.7824588 0.15557509 0)
(3.790472 0.16321036 0)
(3.7992894 0.17076997 0)
(3.8089329 0.17814689 0)
(3.8192182 0.1853059 0)
(3.7588893 0.12632582 0)
(3.7651844 0.13302898 0)
(3.7721042 0.13995622 -3.6904179e-19)
(3.7795318 0.14687869 0)
(3.7876508 0.15376151 0)
(3.7965138 0.16057396 0)
(3.8061103 0.16724045 0)
(3.8162892 0.1737258 0)
(3.7569361 0.11977539 3.7092837e-19)
(3.7635798 0.12577348 3.6696867e-19)
(3.7706862 0.1319743 0)
(3.7782097 0.13820318 3.6593579e-19)
(3.7863862 0.14440568 3.651441e-19)
(3.7952565 0.15054592 3.6411054e-19)
(3.8047903 0.15656596 0)
(3.8148565 0.16243507 3.6419803e-19)
(3.7558244 0.11295422 -3.7199199e-19)
(3.7627412 0.11834644 -1.4853255e-21)
(3.7700124 0.12390408 -3.6591038e-19)
(3.7776242 0.12950244 -3.6679028e-19)
(3.7858425 0.13508633 -1.5026903e-21)
(3.7947082 0.14061678 -3.648684e-19)
(3.8041815 0.14604601 -3.6211947e-19)
(3.8141456 0.15134774 -1.429555e-21)
(3.7551736 0.10589238 1.8511239e-19)
(3.7623047 0.11074807 -3.6738041e-19)
(3.7697164 0.11573235 3.667765e-19)
(3.7774098 0.12075794 1.8236809e-19)
(3.785664 0.12577652 -3.6521435e-19)
(3.7945224 0.13074963 1.8138408e-19)
(3.8039419 0.13563631 3.6281133e-19)
(3.8138172 0.14041389 -3.6413477e-19)
(3.7548425 0.098630167 -3.7058282e-19)
(3.7621416 0.10299907 -1.828608e-19)
(3.7696691 0.10746523 0)
(3.7774342 0.11196782 -3.6491314e-19)
(3.785719 0.11646703 -1.8169261e-19)
(3.7945688 0.1209274 -3.6287405e-19)
(3.80394 0.12531347 0)
(3.8137377 0.1296054 -1.8116626e-19)
(3.754749 0.091202635 1.8545266e-19)
(3.7621799 0.095122238 3.6603562e-19)
(3.7698006 0.099113912 0)
(3.7776259 0.10313544 1.8253556e-19)
(3.7859358 0.10715493 3.6357027e-19)
(3.7947759 0.11114104 1.8148395e-19)
(3.8041035 0.11506313 0)
(3.8138324 0.11890357 3.6245822e-19)
(3.7548256 0.083637581 -1.8487977e-19)
(3.7623602 0.087137536 -3.658446e-19)
(3.7700551 0.090689868 0)
(3.7779299 0.094265666 -1.8187591e-19)
(3.7862596 0.097839728 -1.8187273e-19)
(3.7950894 0.10138497 -1.8080439e-19)
(3.8043776 0.10487503 0)
(3.8140451 0.10829411 -1.8129028e-19)
(3.7550167 0.075957275 3.7020274e-19)
(3.762633 0.079061941 3.6574995e-19)
(3.7703867 0.08220394 0)
(3.7783017 0.085363947 3.6406653e-19)
(3.7866468 0.08852213 1.8131007e-19)
(3.7954663 0.091655367 3.6186743e-19)
(3.8047188 0.094741027 0)
(3.8143318 0.097764935 1.8072984e-19)
(3.7552779 0.068180349 -1.8531641e-19)
(3.7629587 0.070910207 -1.8306453e-19)
(3.770759 0.073666158 0)
(3.7787066 0.076435697 -1.8218849e-19)
(3.7870637 0.0792032 -1.8166749e-19)
(3.7958728 0.081949039 -3.7695347e-22)
(3.8050934 0.084653859 -1.8001702e-19)
(3.8146578 0.087305045 -1.8105424e-19)
(3.7555748 0.060322945 1.8503299e-19)
(3.7633067 0.062695316 1.8275841e-19)
(3.7711439 0.065085541 1.8230923e-19)
(3.7791176 0.067485841 1.8184671e-19)
(3.7874836 0.069883857 1.8131373e-19)
(3.7962828 0.072263026 -3.2768488e-22)
(3.8054748 0.074606922 1.8034969e-19)
(3.8149964 0.076904515 1.8069762e-19)
(3.7558809 0.052399192 -2.7804255e-19)
(3.7636531 0.054428583 -1.8315873e-19)
(3.7715194 0.056469851 -1.8269532e-19)
(3.7795137 0.058518367 -2.7318661e-19)
(3.7878863 0.060564363 -2.7236787e-19)
(3.7966758 0.062594042 -2.7143469e-19)
(3.8058427 0.06459366 0)
(3.815327 0.066553797 -2.7140492e-19)
(3.7561757 0.044421481 9.2797657e-20)
(3.7639793 0.04612001 -9.1520143e-20)
(3.7718681 0.047826185 9.1280828e-20)
(3.7798785 0.049537347 9.1154566e-20)
(3.7882554 0.051245833 1.1858582e-22)
(3.7970361 0.052940381 9.0559581e-20)
(3.8061811 0.054609724 9.0097001e-20)
(3.8156334 0.056246035 1.1380266e-22)
(3.7564433 0.036399812 0)
(3.7642714 0.037776917 9.1721036e-20)
(3.7721773 0.039158665 -9.1475338e-20)
(3.7801998 0.040543729 0)
(3.7885794 0.041926305 9.0939353e-20)
(3.7973521 0.043297455 0)
(3.8064784 0.044648154 -9.0267982e-20)
(3.8159041 0.045972073 9.0598848e-20)
(3.7566707 0.028346573 -4.6465527e-20)
(3.764517 0.029410629 -4.5876228e-20)
(3.7724356 0.030476745 0)
(3.7804671 0.031544655 -4.5621273e-20)
(3.7888486 0.032610382 -4.5476388e-20)
(3.7976147 0.033667205 -4.5314096e-20)
(3.8067262 0.034708229 0)
(3.8161305 0.035728613 -4.530282e-20)
(3.7568526 0.020261355 4.6572369e-20)
(3.7647108 0.021018399 9.1929403e-20)
(3.7726372 0.021775831 -4.5822373e-20)
(3.7806745 0.022534371 4.5717117e-20)
(3.7890569 0.023291368 9.1112246e-20)
(3.7978179 0.024041878 4.5404268e-20)
(3.806918 0.024780965 -4.5199138e-20)
(3.8163063 0.025505434 9.0752756e-20)
(3.7569835 0.012173016 -2.3318582e-20)
(3.7648488 0.012623416 -4.6054032e-20)
(3.7727807 0.013073066 4.5922045e-20)
(3.7808228 0.013524542 0)
(3.7892063 0.013976335 -4.5636826e-20)
(3.7979639 0.014424859 0)
(3.8070567 0.014866766 4.5287571e-20)
(3.8164342 0.015301193 -4.5450892e-20)
(3.7570783 0.0040682362 2.2944324e-20)
(3.7649445 0.0042165118 0)
(3.7728804 0.0043640378 0)
(3.7809281 0.0045127629 0)
(3.7893151 0.0046622929 0)
(3.7980733 0.0048111737 0)
(3.807165 0.0049580798 0)
(3.8165396 0.0051033152 0)
(0.93275729 0.09792117 -1.637202e-17)
(1.0146032 0.1075967 1.5256992e-17)
(1.079076 0.11536648 -1.4178623e-17)
(1.1363151 0.12161874 0)
(1.186806 0.12664146 0)
(1.2442401 0.13110945 1.7069422e-20)
(1.2856039 0.13337737 0)
(1.4356904 0.1429078 -9.1195518e-18)
(1.9267785 0.16835051 1.0264319e-17)
(2.0599356 0.19560183 0)
(2.1759513 0.21786207 1.8009687e-17)
(2.2823896 0.23587639 0)
(2.3810316 0.24977699 0)
(2.4833533 0.26143692 7.1972505e-18)
(2.5727543 0.26445123 6.496249e-18)
(2.7415131 0.27695091 5.8501765e-18)
(2.6955442 0.20790606 -7.5257205e-18)
(2.8070277 0.23681678 -7.2269575e-18)
(2.9090092 0.26050354 -1.3797201e-17)
(3.0065348 0.27948093 -6.5169947e-18)
(3.1008927 0.29351954 0)
(3.1993619 0.30417765 0)
(3.2921243 0.30428879 -5.1998893e-18)
(3.4340813 0.31013901 0)
(3.2674075 0.23530751 9.4644927e-18)
(3.3500094 0.26384324 3.0883579e-18)
(3.4287922 0.28717379 5.9222331e-18)
(3.5069099 0.30543821 5.6560438e-18)
(3.5849041 0.31810165 2.669331e-18)
(3.6674438 0.32644834 0)
(3.7477999 0.32328045 0)
(3.8597507 0.32362291 -2.1244149e-18)
(3.6192741 0.2480182 -1.7875191e-20)
(3.6803545 0.27499959 2.8091395e-18)
(3.7420864 0.29697154 2.7111785e-18)
(3.8059497 0.31376829 2.6061986e-18)
(3.8716279 0.32468148 -2.4867078e-18)
(3.9417488 0.33065874 2.3406318e-18)
(4.0114967 0.32520474 0)
(4.0998576 0.32078908 2.0026086e-18)
(3.7891253 0.24740212 -2.7393851e-18)
(3.8380613 0.27261531 0)
(3.8904689 0.29309499 -1.1351303e-20)
(3.9466639 0.3085134 -2.5219143e-18)
(4.005742 0.31808902 0)
(4.0688365 0.32238555 -2.2722974e-18)
(4.1325705 0.31598175 0)
(4.2057109 0.30809992 0)
(3.8466663 0.23859824 0)
(3.8904337 0.2620626 0)
(3.938982 0.28107197 -2.5803101e-18)
(3.9919718 0.29522877 0)
(4.0482282 0.30374762 0)
(4.1079498 0.30682631 0)
(4.1687284 0.30023337 0)
(4.2333979 0.28991014 0)
(3.8544368 0.22602142 0)
(3.8964425 0.24783255 2.6251138e-18)
(3.9436042 0.26546757 0)
(3.9952851 0.27849162 0)
(4.0502376 0.28615272 0)
(4.1081382 0.28836138 0)
(4.1671332 0.28193657 0)
(4.2271882 0.27024995 0)
(3.8487532 0.21257256 0)
(3.8899634 0.23279647 -2.6336694e-18)
(3.9363128 0.24912492 2.5575374e-18)
(3.987049 0.26108841 -2.4732289e-18)
(4.0409246 0.26798422 0)
(4.0973298 0.26952889 2.2562628e-18)
(4.1546909 0.26336724 -2.126394e-18)
(4.2117816 0.2511784 0)
(3.8431206 0.19934913 2.6570153e-18)
(3.8835901 0.21802206 0)
(3.9290675 0.2330882 -2.5650533e-18)
(3.978761 0.24403999 4.9539307e-18)
(4.0314342 0.250227 0)
(4.0863078 0.25125311 -2.262668e-18)
(4.1419491 0.24537798 -4.8522627e-21)
(4.1966772 0.23329327 0)
(3.8397803 0.1865539 -1.1724063e-20)
(3.8794573 0.20372074 -2.6184467e-18)
(3.9239827 0.21757133 0)
(3.9725577 0.22756312 -2.4801617e-18)
(4.023955 0.23309597 -2.3788944e-18)
(4.0772868 0.2337212 2.2703508e-18)
(4.1312042 0.22815032 2.146476e-18)
(4.1838663 0.21654277 0)
(3.8379547 0.17411493 -2.6646563e-18)
(3.8768617 0.1898319 2.6261426e-18)
(3.920445 0.20251752 0)
(3.9679171 0.21160464 0)
(4.018061 0.2165401 2.3846617e-18)
(4.0699199 0.21686317 -2.2765607e-18)
(4.1222063 0.21161893 0)
(4.1730536 0.20069867 0)
(3.8368939 0.16194856 -2.6535067e-18)
(3.8750952 0.1762801 -2.6163361e-18)
(3.9177921 0.18785476 -2.5551678e-18)
(3.9642207 0.19609428 0)
(4.0131791 0.2004888 0)
(4.0636705 0.20059107 -2.2846999e-18)
(4.11446 0.19569419 0)
(4.1637305 0.18556819 0)
(3.8362594 0.15000332 2.6630008e-18)
(3.8738243 0.16301731 7.6377387e-21)
(3.9157007 0.17353558 5.9226211e-21)
(3.9611561 0.18098222 0)
(4.0090091 0.18488767 -2.3911112e-18)
(4.0582452 0.18483326 -8.8350532e-22)
(4.1076782 0.18029751 0)
(4.1555838 0.17100959 -2.078405e-18)
(3.8359112 0.13824716 0)
(3.8729035 0.15001142 5.2423161e-18)
(3.9140253 0.15952652 2.5629644e-18)
(3.9585792 0.1662309 2.4827695e-18)
(4.0054096 0.16969326 1.430833e-21)
(4.0535005 0.16953161 4.5992716e-18)
(4.1017125 0.16536363 0)
(4.1484353 0.15692022 2.0881483e-18)
(3.8357689 0.12665622 0)
(3.8722467 0.13723598 -2.6260016e-18)
(3.9126787 0.14579838 1.2799911e-18)
(3.9564035 0.15180635 -2.4894784e-18)
(4.0022951 0.15486566 1.2020306e-18)
(4.0493475 0.1546345 -2.3072972e-18)
(4.0964668 0.1508352 0)
(4.1421633 0.14322133 0)
(3.8357717 0.11521026 0)
(3.8717889 0.12466641 1.311328e-18)
(3.911595 0.13232301 -2.5653259e-18)
(3.9545635 0.13767565 0)
(3.9996006 0.14036665 1.2042674e-18)
(4.0457177 0.14009488 -1.1581868e-18)
(4.0918654 0.13666136 0)
(4.1366712 0.1298508 -1.0616297e-18)
(3.8358725 0.10389114 1.3330825e-18)
(3.8714792 0.11227928 -1.3157353e-18)
(3.9107218 0.11907311 1.2854702e-18)
(3.9530069 0.12380722 1.247631e-18)
(3.9972734 0.12616014 0)
(4.0425551 0.12587015 1.1620529e-18)
(4.0878449 0.12279715 1.1155743e-18)
(4.1318793 0.11675863 1.0666823e-18)
(3.8360346 0.092682067 -2.5658052e-21)
(3.8712777 0.10005233 -1.3155384e-18)
(3.910018 0.10602268 0)
(3.9516921 0.11017127 -1.2513954e-18)
(3.9952712 0.11221247 -1.2102012e-18)
(4.0398137 0.11192169 1.1666998e-18)
(4.0843523 0.10920249 -2.2410776e-18)
(4.1277217 0.10390329 0)
(3.8362296 0.081567934 -1.3410736e-18)
(3.8711541 0.087965142 1.3201902e-18)
(3.909452 0.093147618 1.2885072e-18)
(3.9505865 0.096740155 0)
(3.99356 0.098492478 1.214061e-18)
(4.0374561 0.098214347 -1.1707701e-18)
(4.0813436 0.095841231 2.2520684e-18)
(4.1241435 0.091249239 -1.0821412e-18)
(3.8364361 0.070534506 0)
(3.8710849 0.075998373 1.3213652e-18)
(3.9089988 0.080424871 -1.2927761e-18)
(3.9496645 0.083487368 0)
(3.9921129 0.084970318 0)
(4.0354517 0.084714977 0)
(4.0787822 0.082679723 -1.1310536e-18)
(4.1210998 0.078764794 -1.2852231e-21)
(3.8366374 0.059570391 -6.7313719e-19)
(3.8710523 0.064135245 -6.6381531e-19)
(3.9086396 0.067833502 0)
(3.9489061 0.070388203 0)
(3.990908 0.071617877 0)
(4.0337754 0.071392652 0)
(4.0766382 0.069686945 0)
(4.1185534 0.066421794 1.0937423e-18)
(3.836821 0.04866234 6.7595177e-19)
(3.8710427 0.052357589 -1.3292546e-18)
(3.9083598 0.055351488 0)
(3.9482955 0.057417095 0)
(3.9899281 0.058406487 0)
(4.0324073 0.058216538 0)
(4.0748868 0.056832557 0)
(4.1164745 0.054193548 -5.5042792e-19)
(3.8369782 0.037802035 0)
(3.8710464 0.040650978 6.6687567e-19)
(3.9081485 0.042960085 0)
(3.947821 0.044551845 0)
(3.98916 0.045311176 6.1454847e-19)
(4.0313317 0.045160029 0)
(4.0735089 0.044090741 0)
(4.1148395 0.042057913 1.1063612e-18)
(3.8371023 0.026975599 3.4009631e-19)
(3.8710566 0.028995216 0)
(3.907999 0.030634001 0)
(3.9474751 0.03176355 3.1781877e-19)
(3.9885952 0.032300838 -6.1665191e-19)
(4.0305383 0.032191631 2.9829964e-19)
(4.0724916 0.031432556 0)
(4.1136325 0.029991653 -8.3400895e-19)
(3.8371955 0.016181307 -5.1229659e-19)
(3.8710753 0.017386092 0)
(3.9079131 0.018364562 -1.6384894e-19)
(3.9472599 0.01903863 -4.7833155e-19)
(3.9882355 0.019357086 0)
(4.0300278 0.019288469 -4.4908073e-19)
(4.0718334 0.018832315 -1.4463849e-19)
(4.1128491 0.017968963 2.7936492e-19)
(3.8372841 0.0053975494 1.6170073e-19)
(3.871127 0.0057980619 0)
(3.9079131 0.0061232458 1.5474516e-19)
(3.9471939 0.0063468848 1.5039812e-19)
(3.9880943 0.00645135 0)
(4.0298071 0.0064264776 1.4096504e-19)
(4.0715334 0.0062726488 1.3610964e-19)
(4.1124799 0.0059831859 0)
(1.2878167 0.078379571 0)
(0.99104719 0.037283665 0)
(0.85201762 0.02246794 4.5078497e-18)
(0.834977 0.019813275 -4.5418481e-18)
(0.8399724 0.021520025 -4.456093e-18)
(0.8427118 0.0232819 4.3259386e-18)
(0.84656568 0.024246867 -4.1785439e-18)
(0.85120158 0.024791021 4.0211045e-18)
(0.85474237 0.025119425 -3.8480847e-18)
(0.85707487 0.025287791 3.6686395e-18)
(0.85882663 0.025363701 3.5052541e-18)
(0.86037624 0.025406059 -3.3239629e-18)
(0.86186101 0.025441067 -3.7561971e-21)
(0.86336043 0.025476255 -2.9567467e-18)
(0.86493909 0.025513636 0)
(0.86663843 0.025552441 -2.5842944e-18)
(0.86847916 0.025590916 2.3871321e-18)
(0.87047261 0.025629194 -2.1933419e-18)
(0.87262132 0.02567125 -3.7147317e-21)
(0.874939 0.025721768 -1.7934165e-18)
(0.87739926 0.025784972 -3.9278098e-22)
(0.88008408 0.025853854 -1.397625e-18)
(0.88274554 0.025938451 1.1854303e-18)
(0.88604007 0.025994552 -9.7488489e-19)
(0.88813204 0.026146702 7.5921349e-19)
(0.89354101 0.026062883 -1.0878648e-18)
(0.89112116 0.026663914 -3.2021389e-19)
(0.90139159 0.025462112 -5.6189103e-22)
(2.7139384 0.1983968 2.2222746e-18)
(2.5392895 0.13900108 2.4639702e-18)
(2.3909079 0.10358631 -2.6498108e-18)
(2.3077506 0.082174429 0)
(2.2605115 0.071997055 0)
(2.2310749 0.068060748 -5.4168548e-18)
(2.2140481 0.066607356 1.3154021e-21)
(2.2053077 0.066186717 -2.575869e-18)
(2.2010823 0.066213621 2.4856125e-18)
(2.1992436 0.066349652 -2.3855984e-18)
(2.198885 0.066462408 2.2842567e-18)
(2.1995697 0.066541978 -4.2479036e-21)
(2.2010381 0.066605102 -2.0636084e-18)
(2.2031474 0.066663497 0)
(2.2058285 0.066723459 0)
(2.2090463 0.066786413 0)
(2.2127777 0.066850203 -1.5941101e-18)
(2.2170064 0.066913936 0)
(2.2217147 0.066982983 -1.3405264e-18)
(2.2268996 0.067067955 0)
(2.2325189 0.067178813 0)
(2.2386444 0.067314963 0)
(2.2450097 0.067480304 -1.0634672e-21)
(2.2522894 0.067634087 0)
(2.2585521 0.067916567 -5.1748525e-19)
(2.2685668 0.067870193 3.7274961e-19)
(2.2704811 0.06914736 0)
(2.2872324 0.066806666 -7.8924861e-20)
(3.4658981 0.23218798 -3.6275651e-18)
(3.4034923 0.17542344 1.5046059e-20)
(3.3321844 0.14395425 -4.8460804e-22)
(3.2837533 0.12272919 -2.0350176e-18)
(3.2498296 0.11014645 -9.7481748e-22)
(3.2245318 0.10355969 6.6877689e-23)
(3.2071281 0.09993181 -9.398284e-22)
(3.196156 0.097813667 9.4789357e-22)
(3.189517 0.096581969 1.7594407e-21)
(3.1857936 0.095834815 -1.7732173e-18)
(3.1842407 0.095340046 -1.6977274e-18)
(3.1843974 0.094997488 1.6180784e-18)
(3.1859328 0.094761754 8.5373088e-23)
(3.1886194 0.094604597 2.8424567e-21)
(3.1923059 0.094506395 -1.3818674e-21)
(3.1968873 0.094451378 0)
(3.2022866 0.094424902 0)
(3.208447 0.094416633 0)
(3.2153217 0.094425798 2.0055786e-18)
(3.2228818 0.094461396 1.8674538e-21)
(3.2310758 0.094534897 -8.0703895e-19)
(3.239936 0.094649435 -7.0558437e-19)
(3.2492579 0.094808755 -6.0249958e-19)
(3.259522 0.094970342 -8.6312428e-22)
(3.2692803 0.095295036 -3.8669213e-19)
(3.2822126 0.095223184 -4.3182354e-22)
(3.2886444 0.09686113 4.3150486e-22)
(3.3094248 0.093891058 -5.9790563e-20)
(3.9050191 0.24891131 8.0926e-19)
(3.8882665 0.1931239 -2.5903226e-18)
(3.8601702 0.16402879 0)
(3.8440178 0.14358037 2.6602994e-18)
(3.8342828 0.13016965 0)
(3.8274694 0.12270149 2.5871309e-18)
(3.824213 0.11853777 -8.4169279e-19)
(3.8243056 0.11607519 0)
(3.8266562 0.11461176 -7.8943851e-19)
(3.8304893 0.11371879 2.2727796e-18)
(3.8354585 0.11312763 1.3801318e-21)
(3.8413763 0.11270973 -6.9251514e-19)
(3.8481087 0.11240838 -6.547396e-19)
(3.8555698 0.11219276 -1.2480835e-21)
(3.8637102 0.11204304 -5.821652e-19)
(3.8724997 0.11194349 -1.1038637e-21)
(3.881918 0.11187883 5.049555e-19)
(3.8919522 0.11183698 -4.6539494e-19)
(3.9025911 0.11181504 -8.5405938e-19)
(3.9138317 0.1118212 -3.8404374e-19)
(3.9256483 0.1118684 6.8409786e-19)
(3.9380764 0.11196312 3.01698e-19)
(3.950966 0.1121122 2.5583716e-19)
(3.9647058 0.11227248 -7.3344155e-22)
(3.9781402 0.1126175 4.9520571e-19)
(3.9943708 0.11253531 -1.1841625e-19)
(4.0047997 0.114337 0)
(4.0299868 0.11111142 2.5054121e-20)
(4.1539692 0.25471844 8.017225e-19)
(4.1627151 0.20121536 8.1850109e-19)
(4.1570856 0.17297221 8.3751554e-19)
(4.1581664 0.15286227 -8.2836064e-19)
(4.1629994 0.13900427 -8.1795581e-19)
(4.168916 0.13111264 -7.9996447e-19)
(4.1768062 0.12678874 1.5590157e-18)
(4.18688 0.12428059 -1.4434539e-21)
(4.1983954 0.12282303 2.7402644e-21)
(4.2107624 0.12198555 -6.9827946e-19)
(4.2237309 0.12148384 0)
(4.2371766 0.12116916 -1.2698201e-18)
(4.2510128 0.12097338 6.0286112e-19)
(4.2651913 0.12086024 -5.6804081e-19)
(4.2796957 0.12080689 5.3390985e-19)
(4.2945262 0.12079627 -4.9879009e-19)
(4.3096915 0.12081298 -4.6494922e-19)
(4.325207 0.12084479 1.878307e-21)
(4.3410891 0.12088803 -1.4462506e-21)
(4.357359 0.12095008 7.0450612e-19)
(4.3740158 0.12104481 1.1438658e-21)
(4.3911079 0.12118138 -9.684906e-22)
(4.4085224 0.12137258 -1.0197069e-21)
(4.4266186 0.1215738 1.919774e-19)
(4.44438 0.12197284 -1.4919848e-19)
(4.4647266 0.12192153 2.1500662e-22)
(4.4791999 0.12379408 0)
(4.5098962 0.12063844 4.7441424e-20)
(4.2673831 0.25161199 -8.1477986e-19)
(4.2954461 0.20147371 0)
(4.3061923 0.17421328 -8.1161808e-19)
(4.3190724 0.15499397 -1.1722991e-21)
(4.3335473 0.14128164 1.5801881e-18)
(4.3477945 0.13320911 -7.410519e-22)
(4.3629825 0.12875768 1.3420261e-21)
(4.3797213 0.12618069 0)
(4.3975726 0.12469563 6.9710918e-19)
(4.4160856 0.12388474 0)
(4.435069 0.12345627 6.3793413e-19)
(4.454425 0.12324229 6.0688263e-19)
(4.4740738 0.12316048 5.7497649e-19)
(4.4939634 0.1231662 5.4252367e-19)
(4.5140698 0.12323124 0)
(4.5343853 0.12333565 4.7557461e-19)
(4.5549125 0.12346324 0)
(4.575663 0.12360168 4.0461987e-19)
(4.5966526 0.12374623 1.5170533e-21)
(4.6179035 0.12390199 -3.3287474e-19)
(4.6394171 0.12408155 -1.232895e-21)
(4.6612416 0.12429466 2.5937648e-19)
(4.6832748 0.12455961 -2.2173513e-19)
(4.7058645 0.12483121 -1.8112845e-19)
(4.7280339 0.12530512 0)
(4.7527353 0.12532368 1.0188434e-19)
(4.7710853 0.1271892 0)
(4.8077899 0.12433214 -2.2659782e-20)
(4.2984841 0.24256309 8.1274314e-19)
(4.3391962 0.19660644 0)
(4.3616301 0.17062832 -8.112929e-19)
(4.3831392 0.15260568 0)
(4.4047802 0.13938407 -1.5601924e-18)
(4.4252542 0.13130605 7.3003562e-22)
(4.445821 0.12679701 -7.377376e-19)
(4.467381 0.12419015 -7.0919046e-22)
(4.4897582 0.12269095 1.3077991e-21)
(4.5126336 0.12189471 -1.3091732e-21)
(4.5358846 0.12151207 -6.2649178e-19)
(4.5594561 0.12136449 1.1913341e-21)
(4.5832921 0.12136054 -5.638791e-19)
(4.6073495 0.12145012 1.0678056e-21)
(4.631606 0.12160124 9.3954877e-22)
(4.6560515 0.12179199 -9.3968638e-22)
(4.6806845 0.12200622 -1.6143308e-21)
(4.7055123 0.1222323 1.6145294e-21)
(4.730547 0.12246466 0)
(4.7558068 0.12270534 0)
(4.7812904 0.12296407 0)
(4.8070411 0.12324967 0)
(4.8329552 0.12358457 7.6424181e-22)
(4.8593783 0.12392479 -7.6431126e-22)
(4.885317 0.12446393 0)
(4.9138634 0.12456707 0)
(4.9354499 0.1263404 0)
(4.9776473 0.12391219 0)
(4.291924 0.23079819 0)
(4.3391664 0.18916896 0)
(4.3686353 0.16444498 8.1147761e-19)
(4.3954633 0.14755503 8.0004032e-19)
(4.4217404 0.13495168 7.7767775e-19)
(4.4464518 0.12699235 7.5367194e-22)
(4.4707394 0.1224955 0)
(4.4956313 0.1199013 7.1026824e-19)
(4.5211294 0.11840632 -5.7430967e-23)
(4.5470051 0.11762078 -6.5246783e-19)
(4.5731814 0.11726681 -1.1822975e-21)
(4.599637 0.11716243 2.3033233e-21)
(4.6263375 0.11721007 -1.120891e-21)
(4.6532516 0.11735541 0)
(4.6803627 0.11756345 4.9217482e-19)
(4.7076638 0.11781105 9.3047632e-22)
(4.7351542 0.11808307 -4.2605793e-19)
(4.7628415 0.11836944 0)
(4.7907373 0.11866434 -3.5692816e-19)
(4.8188594 0.1189668 1.1859574e-21)
(4.8472053 0.11928316 -2.2297699e-21)
(4.8758171 0.11962078 1.9440396e-21)
(4.904587 0.12000478 -2.11921e-19)
(4.9338675 0.12039447 -1.4874043e-22)
(4.9626228 0.12097178 -1.3606905e-19)
(4.9941251 0.1211524 0)
(5.018085 0.12276067 5.5411631e-20)
(5.0646193 0.12080279 0)
(4.2743112 0.21813627 0)
(4.32427 0.18064918 0)
(4.3575792 0.15712664 0)
(4.3872242 0.14123804 -8.0242332e-19)
(4.4160068 0.12928979 7.8389385e-19)
(4.4431534 0.12151253 -7.2932494e-22)
(4.4696113 0.11704677 7.3193861e-22)
(4.4964353 0.11446636 -9.4347495e-22)
(4.5237499 0.11296957 1.3576878e-21)
(4.5513874 0.11218046 6.5076637e-19)
(4.5792954 0.11183555 1.1812206e-21)
(4.6074724 0.11175218 5.8787915e-19)
(4.6358983 0.11182742 0)
(4.6645488 0.11200293 0)
(4.6934104 0.11224128 -4.9199952e-19)
(4.722478 0.11251887 0)
(4.7517518 0.11282212 4.2323115e-19)
(4.7812395 0.1131428 1.5916553e-21)
(4.8109524 0.11347496 3.5566317e-19)
(4.8409082 0.11381486 1.181031e-21)
(4.8711047 0.11416542 -1.1802368e-21)
(4.9015843 0.11453237 2.4685228e-19)
(4.9322351 0.11494186 2.124008e-19)
(4.9634204 0.11535782 -7.493224e-22)
(4.9940546 0.11594326 1.3473088e-19)
(5.0275852 0.11618272 9.6431002e-20)
(5.0530921 0.11758195 -5.5087646e-20)
(5.1026548 0.11607187 0)
(4.256648 0.20532839 -8.7153805e-19)
(4.3075976 0.17172053 0)
(4.3431672 0.14943014 -8.2932324e-19)
(4.3743417 0.13444183 -8.1208677e-19)
(4.4043969 0.12314437 -1.5744088e-18)
(4.4328343 0.11558133 -7.6341315e-19)
(4.4604231 0.1111501 0)
(4.4882003 0.10857695 -1.4233749e-18)
(4.5163877 0.10707127 -6.7949789e-19)
(4.5448706 0.10626665 -6.5340574e-19)
(4.5736141 0.10591378 -6.2130106e-19)
(4.602631 0.10583134 -1.1785684e-18)
(4.6319124 0.10591211 -1.1203275e-21)
(4.6614395 0.10609453 -5.2527461e-19)
(4.6912014 0.10633968 -9.2916682e-22)
(4.7211945 0.10662423 -4.5785585e-19)
(4.7514192 0.10693624 -4.2484413e-19)
(4.7818827 0.10726897 -3.8896828e-19)
(4.8125956 0.10761615 -3.5696045e-19)
(4.8435752 0.10797169 -3.1887365e-19)
(4.8748195 0.10833553 -2.8419314e-19)
(4.906372 0.10871166 -4.9524676e-19)
(4.9381167 0.10912557 -1.4521081e-22)
(4.9704279 0.10954623 -1.7353147e-19)
(5.002173 0.11011383 0)
(5.0369451 0.11038958 -1.9247916e-19)
(5.0633366 0.11156673 -5.4595763e-20)
(5.1147742 0.11044536 -2.3191735e-20)
(4.2415674 0.19261224 8.7957556e-19)
(4.2929044 0.16259726 0)
(4.3301097 0.14160631 8.3409361e-19)
(4.3623573 0.12745651 8.1365117e-19)
(4.3931872 0.11680108 7.9069366e-19)
(4.4223989 0.10948978 7.6624414e-19)
(4.4506289 0.1051125 0)
(4.4788769 0.10255368 7.1427785e-19)
(4.5074479 0.10104309 6.8104551e-19)
(4.536281 0.10022092 6.5483948e-19)
(4.5653589 0.099851808 6.214275e-19)
(4.5947073 0.099758118 5.9222506e-19)
(4.6243289 0.099829817 0)
(4.6542114 0.10000327 5.2624339e-19)
(4.6843476 0.1002392 0)
(4.714736 0.100515 4.5954034e-19)
(4.7453784 0.10082003 4.2390536e-19)
(4.7762817 0.10114842 3.9258158e-19)
(4.807456 0.10149359 3.5597738e-19)
(4.8389187 0.10184782 3.2162624e-19)
(4.8706681 0.10220881 2.8318641e-19)
(4.9027499 0.10257881 2.4775248e-19)
(4.9350443 0.1029811 7.4902018e-22)
(4.9679359 0.1033894 1.7276582e-19)
(5.0002518 0.10392059 -1.492365e-22)
(5.0356953 0.10421187 9.5784906e-20)
(5.0625137 0.10517869 5.4626451e-20)
(5.114967 0.10437366 2.319445e-20)
(4.2288772 0.18003317 8.9923874e-19)
(4.2803954 0.15331119 0)
(4.3189687 0.13368404 8.4465449e-19)
(4.3521744 0.12034619 -8.227482e-19)
(4.3836397 0.11033144 7.9762704e-19)
(4.4134533 0.10331698 7.7143795e-19)
(4.4421621 0.099026432 -7.4009548e-22)
(4.4707184 0.096499548 7.139861e-19)
(4.499497 0.094996673 1.3682107e-21)
(4.5284911 0.094163772 0)
(4.557702 0.093778977 -6.2518578e-19)
(4.5871678 0.093670317 5.9229926e-19)
(4.6169026 0.093726683 5.6106947e-19)
(4.6469021 0.093883606 -5.2716969e-19)
(4.6771633 0.094102403 4.9393824e-19)
(4.7076877 0.094361411 -4.6025648e-19)
(4.7384792 0.094650739 4.2611993e-19)
(4.769545 0.094964891 0)
(4.8008951 0.0952972 3.5641921e-19)
(4.8325473 0.095639262 3.2199035e-19)
(4.8645008 0.095987272 -2.8583366e-19)
(4.896804 0.096341641 2.4795657e-19)
(4.9293343 0.09672232 -2.0992499e-19)
(4.9624849 0.097107284 1.7220184e-19)
(4.9950516 0.097592078 -1.3433895e-19)
(5.0308152 0.097883647 -2.9438846e-22)
(5.057793 0.098667446 2.9392706e-22)
(5.1107173 0.098108748 -2.3510225e-20)
(4.2179986 0.16760202 -9.0688479e-19)
(4.2695853 0.14387018 0)
(4.3093373 0.12565 -8.4801117e-19)
(4.3434569 0.11311891 8.2371246e-19)
(4.375523 0.10374527 -7.9907855e-19)
(4.405883 0.097070188 -7.7178456e-19)
(4.4350297 0.092903131 0)
(4.4638622 0.090430165 -7.1682335e-19)
(4.4928103 0.088951427 -1.3122316e-21)
(4.5219199 0.088119089 2.5639662e-21)
(4.5512114 0.087723932 6.2271974e-19)
(4.5807339 0.087601425 -5.910038e-19)
(4.6105126 0.087641301 -5.6101317e-19)
(4.6405511 0.087779529 5.2703684e-19)
(4.6708509 0.087978675 -4.9572798e-19)
(4.7014171 0.088217938 4.6197229e-19)
(4.7322552 0.088487669 -4.2843133e-19)
(4.7633732 0.088782521 3.0622261e-21)
(4.7947809 0.089096155 -3.5845265e-19)
(4.8264969 0.089420335 -3.2249514e-19)
(4.8585213 0.089750247 2.8731383e-19)
(4.8909049 0.090084384 -2.4847154e-19)
(4.9235236 0.090438753 2.1083684e-19)
(4.9567773 0.090795145 -1.7394655e-19)
(4.9894382 0.09123104 1.3452712e-19)
(5.0253399 0.091513953 0)
(5.0523499 0.092148075 0)
(5.105453 0.091775331 2.353812e-20)
(4.2085419 0.15532088 -2.189615e-22)
(4.2601088 0.13429008 -2.0071535e-22)
(4.3008604 0.11749653 4.2779743e-22)
(4.3358384 0.10577815 0)
(4.3684788 0.097045242 0)
(4.3993486 0.090745448 7.4324117e-22)
(4.4289141 0.086737912 7.4751841e-19)
(4.458019 0.084341435 1.3742414e-21)
(4.4871348 0.082903197 -5.9688089e-23)
(4.5163565 0.082083052 -1.3146902e-21)
(4.5457237 0.081683869 0)
(4.5752955 0.081550205 -1.1295348e-21)
(4.6051073 0.081574541 1.1284934e-21)
(4.63517 0.081694337 0)
(4.6654901 0.081873672 0)
(4.6960752 0.08209246 0)
(4.7269329 0.082341072 0)
(4.7580716 0.082614375 0)
(4.7895012 0.082906777 0)
(4.8212405 0.083210666 -1.186215e-21)
(4.8532905 0.083520499 1.1849017e-21)
(4.8857039 0.083832836 -8.9828848e-22)
(4.9183556 0.084159767 8.9728305e-22)
(4.9516511 0.084486542 -6.0154499e-22)
(4.9843447 0.084875992 1.4979923e-22)
(5.0203055 0.08514601 7.4502201e-22)
(5.0473022 0.08566234 5.4074439e-20)
(5.1004526 0.085425922 0)
(4.2002775 0.14318807 0)
(4.2517579 0.12459399 0)
(4.2933431 0.1092266 0)
(4.3291085 0.098332462 0)
(4.3622885 0.090239729 0)
(4.3936279 0.084344042 7.7872864e-19)
(4.4235878 0.080528896 -7.4828028e-19)
(4.4529584 0.078229899 6.589536e-22)
(4.4822406 0.076846479 -1.3776052e-21)
(4.5115745 0.076048707 6.5902317e-19)
(4.541019 0.075651363 -1.1943851e-21)
(4.5706421 0.075509443 1.1933893e-21)
(4.6004885 0.075519849 5.6265739e-19)
(4.6305762 0.075622189 0)
(4.6609161 0.075782225 0)
(4.6915186 0.075980567 0)
(4.7223925 0.076207677 4.2630169e-19)
(4.7535471 0.076458809 1.60262e-21)
(4.7849921 0.076729287 0)
(4.8167462 0.077012233 3.2081479e-19)
(4.8488109 0.077301473 1.1861904e-21)
(4.8812406 0.077591873 0)
(4.9139095 0.077892059 0)
(4.9472275 0.078190394 1.7341391e-19)
(4.9799354 0.078537981 -4.5129526e-22)
(5.0159261 0.078793101 4.5082307e-22)
(5.0429011 0.079217842 -8.0929614e-23)
(5.0960498 0.079077541 0)
(4.1930496 0.13119747 0)
(4.2444001 0.11480578 -4.5184991e-19)
(4.2866731 0.1008489 4.35814e-19)
(4.3231493 0.090792648 -1.2240381e-21)
(4.3568294 0.083339986 4.0758336e-19)
(4.3885961 0.077870751 -3.9088415e-19)
(4.4189205 0.074276717 0)
(4.4485439 0.072093957 3.6114912e-19)
(4.4779862 0.070777461 0)
(4.5074287 0.070010744 -3.2995227e-19)
(4.5369491 0.069620544 3.1297843e-19)
(4.5666238 0.069473276 1.1951573e-21)
(4.5965055 0.069471532 -2.8065518e-19)
(4.6266194 0.069557626 -1.0675181e-21)
(4.6569803 0.069699146 2.4745593e-19)
(4.687601 0.06987753 2.3408796e-19)
(4.7184919 0.070083523 -2.1759709e-19)
(4.7496628 0.070312866 1.3538793e-22)
(4.7811231 0.070561691 1.8056036e-19)
(4.8128915 0.070823708 -3.2239353e-19)
(4.8449695 0.071092236 1.4192872e-19)
(4.8774129 0.071360875 1.2555628e-19)
(4.9100956 0.071635539 7.5248707e-22)
(4.943431 0.071907236 -8.7588837e-20)
(4.9761496 0.072217602 -4.5152586e-22)
(5.0121602 0.072456255 4.8925067e-20)
(5.039117 0.072808957 -2.7538375e-20)
(5.0922497 0.072732644 1.1894614e-20)
(4.1867374 0.11934043 0)
(4.2379332 0.10494731 9.1127514e-19)
(4.2807705 0.092374516 -8.7623518e-19)
(4.317881 0.083169335 -4.2164368e-22)
(4.3520201 0.076357122 -4.0631838e-19)
(4.3841725 0.071331046 -3.9273657e-19)
(4.4148293 0.067982586 0)
(4.4446888 0.065932736 -3.6175252e-19)
(4.4742822 0.064693603 0)
(4.5038268 0.063965532 -3.3055223e-19)
(4.5334193 0.06358751 -6.3044338e-19)
(4.5631434 0.063437941 2.3312194e-21)
(4.5930595 0.06342606 -2.8321406e-19)
(4.623199 0.063497381 -2.6548678e-19)
(4.6535806 0.063621477 -2.4776312e-19)
(4.6842194 0.063780864 -4.6255752e-19)
(4.7151272 0.063966724 -2.1620042e-19)
(4.7463144 0.06417518 -1.9697294e-19)
(4.7777901 0.064402916 -1.7929861e-19)
(4.8095728 0.064644042 -1.1898513e-21)
(4.8416638 0.064891593 -1.4299038e-19)
(4.8741202 0.065138455 -1.2270141e-19)
(4.9068157 0.065388575 -8.9968362e-22)
(4.9401668 0.065635046 -1.7369908e-19)
(4.9728958 0.065911805 0)
(5.008922 0.066132148 -4.8228283e-20)
(5.0358658 0.066426887 -2.7201026e-20)
(5.0889795 0.066389861 -2.3813856e-20)
(4.181242 0.10760693 2.2911357e-22)
(4.2322727 0.095037119 1.5928912e-21)
(4.2755705 0.083814834 4.4080868e-19)
(4.3132411 0.075471722 -4.240478e-22)
(4.3477976 0.069300666 0)
(4.3802959 0.064729939 0)
(4.4112528 0.061647665 0)
(4.4413298 0.059745705 0)
(4.4710634 0.058593279 0)
(4.5007026 0.057910817 0)
(4.530362 0.057549985 -1.2265555e-21)
(4.5601326 0.057401392 1.1984028e-21)
(4.590081 0.057381672 -2.8134899e-19)
(4.6202446 0.057439984 2.647328e-19)
(4.6506458 0.057548105 0)
(4.6813018 0.057689787 2.319361e-19)
(4.7122256 0.057856685 1.6096015e-21)
(4.7434282 0.058045162 1.9558059e-19)
(4.7749187 0.058252208 0)
(4.8067149 0.058472229 -1.1908891e-21)
(4.8388182 0.058698247 2.2367424e-21)
(4.8712866 0.058922959 -1.0460242e-21)
(4.9039939 0.059148978 0)
(4.9373592 0.059370924 8.6919574e-20)
(4.9700984 0.059616577 0)
(5.0061373 0.05981667 0)
(5.0330719 0.060063927 0)
(5.0861671 0.060048201 1.1918446e-20)
(4.1764823 0.095985835 0)
(4.2273476 0.085089884 -4.6295355e-19)
(4.2710192 0.075180488 4.4524769e-19)
(4.3091791 0.067707489 -4.2635491e-22)
(4.3441111 0.062178532 7.8591959e-22)
(4.3769172 0.058072008 -7.8730877e-22)
(4.4081418 0.05527327 0)
(4.4384166 0.053532903 3.6338029e-19)
(4.4682788 0.052475889 0)
(4.4980044 0.051845687 0)
(4.5277252 0.051507117 3.1426576e-19)
(4.5575386 0.051363018 2.3371055e-21)
(4.5875168 0.051337984 2.8161017e-19)
(4.6177028 0.051385227 0)
(4.6481221 0.051478921 -9.4071949e-22)
(4.6787938 0.051604132 9.3959627e-22)
(4.7097325 0.051753029 0)
(4.7409493 0.051922098 -1.4732859e-21)
(4.7724532 0.052108467 1.4715084e-21)
(4.8042619 0.052306857 -1.1918621e-21)
(4.8363764 0.052510569 1.1904209e-21)
(4.8688555 0.052712542 9.0210651e-22)
(4.9015734 0.052914508 1.0509101e-19)
(4.9349512 0.053112099 0)
(4.9676999 0.053328406 0)
(5.0037491 0.053506624 0)
(5.0306772 0.053714841 0)
(5.0837547 0.05370793 -1.1925351e-20)
(4.1723917 0.08446511 2.3350399e-22)
(4.2230985 0.075116571 2.1139046e-22)
(4.2670715 0.066481181 -4.4759209e-19)
(4.3056538 0.059883522 -4.2998053e-19)
(4.3409192 0.054997891 -4.1252644e-19)
(4.3739962 0.051362121 1.5471886e-21)
(4.405457 0.048861616 -3.807369e-19)
(4.435909 0.04729543 -3.6393276e-19)
(4.4658873 0.046342062 3.4812292e-19)
(4.4956908 0.045770441 -3.3207142e-19)
(4.5254669 0.045459156 -1.2026147e-21)
(4.5553192 0.045323098 3.0075899e-19)
(4.5853246 0.045295235 0)
(4.6155308 0.04533326 -2.6635938e-19)
(4.6459666 0.045413874 2.4946864e-19)
(4.6766527 0.045523534 0)
(4.7076047 0.045654969 -2.1344272e-19)
(4.7388343 0.045804743 -1.6105791e-21)
(4.7703504 0.045970137 0)
(4.8021702 0.04614625 -1.6291748e-19)
(4.8342946 0.046326927 1.4246026e-22)
(4.8667831 0.046505566 1.0475691e-21)
(4.8995105 0.046683408 -2.1214734e-19)
(4.9328992 0.046856647 0)
(4.9656564 0.047045063 -6.7935382e-20)
(5.001714 0.047200242 4.5177964e-22)
(5.028637 0.047376631 2.7168076e-20)
(5.0816978 0.047369797 2.9777608e-24)
(4.1689158 0.073031859 2.3555757e-22)
(4.2194764 0.065124835 2.129676e-22)
(4.26369 0.057725643 -2.0248977e-23)
(4.3026317 0.052006287 -1.8015042e-21)
(4.3381884 0.047765612 4.1446635e-19)
(4.3715007 0.04460567 -7.5947944e-22)
(4.4031666 0.042415878 5.6604842e-22)
(4.4337745 0.041035367 0)
(4.463856 0.040193376 -6.9723281e-19)
(4.4937283 0.039686281 3.3373965e-19)
(4.5235536 0.039407015 -2.4704302e-21)
(4.5534405 0.039282315 -2.9981719e-19)
(4.5834703 0.039253845 1.1383958e-21)
(4.6136947 0.039284137 2.6561771e-19)
(4.6441451 0.039352632 -2.4870449e-19)
(4.6748441 0.039447245 -2.3257818e-19)
(4.7058078 0.039561334 2.1525545e-19)
(4.7370488 0.039691605 -1.976767e-19)
(4.7685756 0.039835551 1.7988197e-19)
(4.8004051 0.039988764 1.618658e-19)
(4.8325382 0.040145828 -1.4354904e-19)
(4.865035 0.040300702 0)
(4.8977704 0.040454435 1.0614984e-19)
(4.9311685 0.040603371 0)
(4.9639331 0.04076524 6.7084023e-20)
(4.9999975 0.040896532 -4.7812513e-20)
(5.0269166 0.041047418 -2.7188897e-20)
(5.0799611 0.041033943 2.3876883e-20)
(4.1660103 0.061673443 2.3752523e-22)
(4.2164405 0.055120463 -2.3772248e-22)
(4.2608442 0.048922539 0)
(4.3000859 0.044082842 2.1625502e-19)
(4.3358919 0.040489033 0)
(4.3694048 0.037808875 -7.614816e-22)
(4.4012452 0.035940035 3.8149696e-19)
(4.4319876 0.034755231 7.2911757e-22)
(4.4621584 0.034031477 1.7318458e-19)
(4.4920904 0.033594162 2.6006925e-21)
(4.5219583 0.033351139 -1.6078712e-19)
(4.5518755 0.033240797 2.3448867e-21)
(4.5819266 0.033213629 -1.1395273e-21)
(4.6121668 0.03323739 -1.3444394e-19)
(4.6426302 0.033294415 1.9520188e-21)
(4.6733403 0.033374227 1.137061e-19)
(4.7043143 0.03347093 1.3436774e-22)
(4.735565 0.033581458 1.9798294e-19)
(4.767101 0.033703589 -1.7855824e-19)
(4.7989389 0.033833518 8.0979701e-20)
(4.8310794 0.033966629 7.1841611e-20)
(4.8635832 0.034097585 0)
(4.8963254 0.034227415 0)
(4.9297314 0.034352271 0)
(4.9625022 0.034488928 -4.52662e-22)
(4.9985722 0.034595603 2.4316475e-20)
(5.0254878 0.034726675 1.3879835e-20)
(5.0785163 0.034700664 -1.194485e-20)
(4.1636397 0.050376585 -2.5139521e-19)
(4.2139581 0.045106945 -2.3862952e-19)
(4.2585089 0.040079687 -8.898301e-22)
(4.297995 0.036120356 4.3630592e-19)
(4.3340085 0.033175928 -8.3165805e-22)
(4.3676878 0.030979072 -1.9886927e-19)
(4.399673 0.029439669 1.9043467e-19)
(4.4305279 0.028459078 -1.398137e-21)
(4.4607741 0.02785931 1.7618829e-19)
(4.4907564 0.027495998 1.27079e-21)
(4.5206601 0.02729259 -2.4833881e-21)
(4.5506029 0.027198888 6.3133427e-23)
(4.5806721 0.027174373 1.1406013e-21)
(4.6109258 0.027192299 1.3254359e-19)
(4.6414 0.02723809 1.2702039e-19)
(4.6721196 0.027303024 1.1729723e-19)
(4.7031023 0.027382098 1.0765553e-19)
(4.7343611 0.027472573 -1.6143543e-21)
(4.7659048 0.027572546 0)
(4.7977496 0.027678828 -8.2239859e-24)
(4.8298961 0.027787703 7.187768e-20)
(4.8624056 0.027894599 0)
(4.8951532 0.028000732 5.2371952e-20)
(4.9285657 0.028101646 1.359589e-21)
(4.9613411 0.028214237 3.272987e-20)
(4.9974157 0.028295318 2.4609048e-20)
(5.0243277 0.028411782 -2.7180441e-20)
(5.0773398 0.028367235 0)
(4.1617764 0.039130381 2.5351613e-19)
(4.2120038 0.035087854 2.3986858e-19)
(4.2566652 0.031204489 0)
(4.2963432 0.028124488 -2.1747832e-19)
(4.3325225 0.025831176 -1.633593e-21)
(4.3663347 0.024120165 2.0082758e-19)
(4.3984353 0.022916885 -1.9223689e-19)
(4.4293804 0.02214769 2.1318066e-21)
(4.4596875 0.021677006 -1.3986083e-21)
(4.4897103 0.02139163 1.272221e-21)
(4.5196428 0.021231099 1.5737022e-19)
(4.5496063 0.021156464 1.1431135e-21)
(4.5796901 0.021136225 -2.2193579e-21)
(4.6099547 0.021149391 -1.3258709e-19)
(4.6404377 0.021184582 -1.2611534e-19)
(4.6711647 0.021234998 -1.1562697e-19)
(4.7021542 0.021296635 -1.0787477e-19)
(4.7334194 0.021367213 0)
(4.7649689 0.021445152 -9.0131675e-20)
(4.7968189 0.021527918 -8.1093736e-20)
(4.8289699 0.021612705 -7.0862286e-20)
(4.8614835 0.021695794 6.1559844e-20)
(4.8942349 0.02177867 -1.0632151e-19)
(4.9276521 0.021856095 0)
(4.96043 0.021945929 -3.3808835e-20)
(4.9965082 0.022000676 -2.4156592e-20)
(5.0234156 0.022108209 1.359447e-20)
(5.0764102 0.022038669 0)
(4.1604013 0.027923683 -1.2738983e-19)
(4.2105595 0.02506883 1.2064098e-19)
(4.2553 0.022310748 0)
(4.2951197 0.020110212 1.0963031e-19)
(4.3314233 0.018469598 1.0481058e-19)
(4.3653351 0.017245525 -7.669145e-22)
(4.3975218 0.016381918 9.6713605e-20)
(4.4285346 0.015827772 9.3156918e-20)
(4.4588874 0.015488171 8.6226998e-20)
(4.4889404 0.015281962 1.2735744e-21)
(4.5188944 0.015165256 7.6918687e-20)
(4.5488731 0.015110249 7.5325553e-20)
(4.5789674 0.015094399 1.1425819e-21)
(4.6092398 0.015102671 1.9964409e-19)
(4.639729 0.015126857 6.4587523e-20)
(4.6704612 0.015162155 1.1571519e-19)
(4.7014551 0.015205619 5.2353562e-20)
(4.7327245 0.015255558 1.3666233e-22)
(4.7642776 0.015310721 9.1673396e-20)
(4.7961307 0.015369274 0)
(4.8282841 0.015429256 1.0794077e-19)
(4.8607997 0.01548785 -6.2651476e-20)
(4.8935527 0.015546843 7.9027767e-20)
(4.9269721 0.01560017 -2.1051325e-20)
(4.9597499 0.015667423 0)
(4.9958301 0.015693291 3.5958777e-20)
(5.0227309 0.015799131 7.0878682e-21)
(5.0757045 0.015693316 0)
(4.159507 0.016732338 6.4443769e-20)
(4.2096178 0.015031217 -1.8206552e-19)
(4.254407 0.013383393 -9.0274118e-22)
(4.294318 0.012064538 -1.1037217e-19)
(4.3307027 0.011081946 -1.0422484e-19)
(4.3646791 0.010350335 -7.6851578e-22)
(4.3969215 0.0098339694 -9.5325981e-20)
(4.4279782 0.0095023309 -9.1870399e-20)
(4.4583606 0.0092994367 -8.9062468e-20)
(4.488433 0.0091767678 2.6123009e-21)
(4.5184005 0.0091077035 -8.0743722e-20)
(4.5483886 0.0090756014 -7.4180359e-20)
(4.5784893 0.0090669671 -2.2229757e-21)
(4.608766 0.0090728617 -6.5858128e-20)
(4.6392583 0.00908835 -6.3623591e-20)
(4.6699928 0.0091106521 -8.1200753e-22)
(4.7009886 0.0091379524 -5.387533e-20)
(4.7322592 0.0091692614 1.6176146e-21)
(4.7638132 0.0092037293 0)
(4.7956666 0.0092401942 0)
(4.8278197 0.0092775871 -3.6001244e-20)
(4.8603346 0.0093137626 9.0592451e-22)
(4.893086 0.0093514006 -2.7513788e-20)
(4.9265045 0.009382063 2.2425542e-20)
(4.9592777 0.0094318377 7.3989505e-21)
(4.995358 0.0094243812 -1.1636741e-20)
(5.0222474 0.0095445236 -6.7968908e-21)
(5.0751973 0.009393933 0)
(4.1590747 0.0055681193 5.9437192e-20)
(4.2091536 0.0049994482 5.5725933e-20)
(4.2539596 0.0044482819 0)
(4.2939114 0.0040065308 -7.7260149e-22)
(4.3303343 0.0036776041 3.2544788e-23)
(4.3643421 0.0034329539 3.0870403e-23)
(4.3966123 0.0032599272 7.0306653e-22)
(4.4276915 0.0031480771 0)
(4.4580894 0.0030788326 0)
(4.4881716 0.0030360768 1.16638e-21)
(4.5181454 0.0030108932 -5.7518413e-23)
(4.5481371 0.0029977626 -2.1513946e-21)
(4.5782394 0.0029922044 1.0448444e-21)
(4.6085163 0.0029913045 -9.2542914e-22)
(4.6390081 0.0029934204 1.78768e-21)
(4.6697417 0.0029976681 -8.6236629e-22)
(4.7007362 0.0030034346 0)
(4.7320054 0.0030104223 0)
(4.7635576 0.0030183405 0)
(4.7954088 0.0030267988 -1.0908775e-21)
(4.8275585 0.0030355232 1.08896e-21)
(4.8600687 0.0030435625 0)
(4.892813 0.0030526608 -6.8871166e-22)
(4.9262245 0.0030574562 6.8750053e-22)
(4.9589843 0.0030742171 -8.0998413e-21)
(4.9950606 0.0030551263 4.1131022e-22)
(5.0219335 0.0031188248 0)
(5.0748415 0.0030263235 0)
)
;

boundaryField
{
    inlet
    {
        type            fixedValue;
        value           uniform (3.4 0 0);
    }
    outlet
    {
        type            inletOutlet;
        inletValue      uniform (0 0 0);
        value           nonuniform List<vector> 
27
(
(0.90139159 0.025462112 -5.6189103e-22)
(2.2872324 0.066806666 -7.8924861e-20)
(3.3094248 0.093891058 -5.9790563e-20)
(4.0299868 0.11111142 2.5054121e-20)
(4.5098962 0.12063844 4.7441424e-20)
(4.8077899 0.12433214 -2.2659782e-20)
(4.9776473 0.12391219 0)
(5.0646193 0.12080279 0)
(5.1026548 0.11607187 0)
(5.1147742 0.11044536 -2.3191735e-20)
(5.114967 0.10437366 2.319445e-20)
(5.1107173 0.098108748 -2.3510225e-20)
(5.105453 0.091775331 2.353812e-20)
(5.1004526 0.085425922 0)
(5.0960498 0.079077541 0)
(5.0922497 0.072732644 1.1894614e-20)
(5.0889795 0.066389861 -2.3813856e-20)
(5.0861671 0.060048201 1.1918446e-20)
(5.0837547 0.05370793 -1.1925351e-20)
(5.0816978 0.047369797 2.9777608e-24)
(5.0799611 0.041033943 2.3876883e-20)
(5.0785163 0.034700664 -1.194485e-20)
(5.0773398 0.028367235 0)
(5.0764102 0.022038669 0)
(5.0757045 0.015693316 0)
(5.0751973 0.009393933 0)
(5.0748415 0.0030263235 0)
)
;
    }
    hydrofoilFlap
    {
        type            noSlip;
    }
    farfield
    {
        type            slip;
    }
    frontAndBack
    {
        type            empty;
    }
}


// ************************************************************************* //
