/*--------------------------------*- C++ -*----------------------------------*\
| =========                 |                                                 |
| \\      /  F ield         | OpenFOAM: The Open Source CFD Toolbox           |
|  \\    /   O peration     | Version:  2512                                  |
|   \\  /    A nd           | Website:  www.openfoam.com                      |
|    \\/     M anipulation  |                                                 |
\*---------------------------------------------------------------------------*/
FoamFile
{
    version     2.0;
    format      ascii;
    arch        "LSB;label=32;scalar=64";
    note        "nPoints:4312  nCells:2052  nFaces:8311  nInternalFaces:4001";
    class       labelList;
    location    "constant/polyMesh";
    object      neighbour;
}
// * * * * * * * * * * * * * * * * * * * * * * * * * * * * * * * * * * * * * //


4001
(
1
14
2
15
3
16
4
17
5
18
6
19
7
20
8
21
9
22
10
23
11
24
12
25
13
26
27
378
15
28
16
29
17
30
18
31
19
32
20
33
21
34
22
35
23
36
24
37
25
38
26
39
27
40
41
396
29
42
30
43
31
44
32
45
33
46
34
47
35
48
36
49
37
50
38
51
39
52
40
53
41
54
55
414
43
56
44
57
45
58
46
59
47
60
48
61
49
62
50
63
51
64
52
65
53
66
54
67
55
68
69
432
57
70
58
71
59
72
60
73
61
74
62
75
63
76
64
77
65
78
66
79
67
80
68
81
69
82
83
450
71
84
72
85
73
86
74
87
75
88
76
89
77
90
78
91
79
92
80
93
81
94
82
95
83
96
97
468
85
98
86
99
87
100
88
101
89
102
90
103
91
104
92
105
93
106
94
107
95
108
96
109
97
110
111
486
99
112
100
113
101
114
102
115
103
116
104
117
105
118
106
119
107
120
108
121
109
122
110
123
111
124
125
504
113
126
114
127
115
128
116
129
117
130
118
131
119
132
120
133
121
134
122
135
123
136
124
137
125
138
139
522
127
140
128
141
129
142
130
143
131
144
132
145
133
146
134
147
135
148
136
149
137
150
138
151
139
152
153
540
141
154
142
155
143
156
144
157
145
158
146
159
147
160
148
161
149
162
150
163
151
164
152
165
153
166
167
558
155
168
156
169
157
170
158
171
159
172
160
173
161
174
162
175
163
176
164
177
165
178
166
179
167
180
181
576
169
182
170
183
171
184
172
185
173
186
174
187
175
188
176
189
177
190
178
191
179
192
180
193
181
194
195
594
183
196
184
197
185
198
186
199
187
200
188
201
189
202
190
203
191
204
192
205
193
206
194
207
195
208
209
612
197
210
198
211
199
212
200
213
201
214
202
215
203
216
204
217
205
218
206
219
207
220
208
221
209
222
223
630
211
224
212
225
213
226
214
227
215
228
216
229
217
230
218
231
219
232
220
233
221
234
222
235
223
236
237
648
225
238
226
239
227
240
228
241
229
242
230
243
231
244
232
245
233
246
234
247
235
248
236
249
237
250
251
666
239
252
240
253
241
254
242
255
243
256
244
257
245
258
246
259
247
260
248
261
249
262
250
263
251
264
265
684
253
266
254
267
255
268
256
269
257
270
258
271
259
272
260
273
261
274
262
275
263
276
264
277
265
278
279
702
267
280
268
281
269
282
270
283
271
284
272
285
273
286
274
287
275
288
276
289
277
290
278
291
279
292
293
720
281
294
282
295
283
296
284
297
285
298
286
299
287
300
288
301
289
302
290
303
291
304
292
305
293
306
307
738
295
308
296
309
297
310
298
311
299
312
300
313
301
314
302
315
303
316
304
317
305
318
306
319
307
320
321
756
309
322
310
323
311
324
312
325
313
326
314
327
315
328
316
329
317
330
318
331
319
332
320
333
321
334
335
774
323
336
324
337
325
338
326
339
327
340
328
341
329
342
330
343
331
344
332
345
333
346
334
347
335
348
349
792
337
350
338
351
339
352
340
353
341
354
342
355
343
356
344
357
345
358
346
359
347
360
348
361
349
362
363
810
351
364
352
365
353
366
354
367
355
368
356
369
357
370
358
371
359
372
360
373
361
374
362
375
363
376
377
828
365
366
367
368
369
370
371
372
373
374
375
376
377
846
379
396
380
397
381
398
382
399
383
400
384
401
385
402
386
403
387
404
388
405
389
406
390
407
391
408
392
409
393
410
394
411
395
412
413
864
397
414
398
415
399
416
400
417
401
418
402
419
403
420
404
421
405
422
406
423
407
424
408
425
409
426
410
427
411
428
412
429
413
430
431
872
415
432
416
433
417
434
418
435
419
436
420
437
421
438
422
439
423
440
424
441
425
442
426
443
427
444
428
445
429
446
430
447
431
448
449
880
433
450
434
451
435
452
436
453
437
454
438
455
439
456
440
457
441
458
442
459
443
460
444
461
445
462
446
463
447
464
448
465
449
466
467
888
451
468
452
469
453
470
454
471
455
472
456
473
457
474
458
475
459
476
460
477
461
478
462
479
463
480
464
481
465
482
466
483
467
484
485
896
469
486
470
487
471
488
472
489
473
490
474
491
475
492
476
493
477
494
478
495
479
496
480
497
481
498
482
499
483
500
484
501
485
502
503
904
487
504
488
505
489
506
490
507
491
508
492
509
493
510
494
511
495
512
496
513
497
514
498
515
499
516
500
517
501
518
502
519
503
520
521
912
505
522
506
523
507
524
508
525
509
526
510
527
511
528
512
529
513
530
514
531
515
532
516
533
517
534
518
535
519
536
520
537
521
538
539
920
523
540
524
541
525
542
526
543
527
544
528
545
529
546
530
547
531
548
532
549
533
550
534
551
535
552
536
553
537
554
538
555
539
556
557
928
541
558
542
559
543
560
544
561
545
562
546
563
547
564
548
565
549
566
550
567
551
568
552
569
553
570
554
571
555
572
556
573
557
574
575
936
559
576
560
577
561
578
562
579
563
580
564
581
565
582
566
583
567
584
568
585
569
586
570
587
571
588
572
589
573
590
574
591
575
592
593
944
577
594
578
595
579
596
580
597
581
598
582
599
583
600
584
601
585
602
586
603
587
604
588
605
589
606
590
607
591
608
592
609
593
610
611
952
595
612
596
613
597
614
598
615
599
616
600
617
601
618
602
619
603
620
604
621
605
622
606
623
607
624
608
625
609
626
610
627
611
628
629
960
613
630
614
631
615
632
616
633
617
634
618
635
619
636
620
637
621
638
622
639
623
640
624
641
625
642
626
643
627
644
628
645
629
646
647
968
631
648
632
649
633
650
634
651
635
652
636
653
637
654
638
655
639
656
640
657
641
658
642
659
643
660
644
661
645
662
646
663
647
664
665
976
649
666
650
667
651
668
652
669
653
670
654
671
655
672
656
673
657
674
658
675
659
676
660
677
661
678
662
679
663
680
664
681
665
682
683
984
667
684
668
685
669
686
670
687
671
688
672
689
673
690
674
691
675
692
676
693
677
694
678
695
679
696
680
697
681
698
682
699
683
700
701
992
685
702
686
703
687
704
688
705
689
706
690
707
691
708
692
709
693
710
694
711
695
712
696
713
697
714
698
715
699
716
700
717
701
718
719
1000
703
720
704
721
705
722
706
723
707
724
708
725
709
726
710
727
711
728
712
729
713
730
714
731
715
732
716
733
717
734
718
735
719
736
737
1008
721
738
722
739
723
740
724
741
725
742
726
743
727
744
728
745
729
746
730
747
731
748
732
749
733
750
734
751
735
752
736
753
737
754
755
1016
739
756
740
757
741
758
742
759
743
760
744
761
745
762
746
763
747
764
748
765
749
766
750
767
751
768
752
769
753
770
754
771
755
772
773
1024
757
774
758
775
759
776
760
777
761
778
762
779
763
780
764
781
765
782
766
783
767
784
768
785
769
786
770
787
771
788
772
789
773
790
791
1032
775
792
776
793
777
794
778
795
779
796
780
797
781
798
782
799
783
800
784
801
785
802
786
803
787
804
788
805
789
806
790
807
791
808
809
1040
793
810
794
811
795
812
796
813
797
814
798
815
799
816
800
817
801
818
802
819
803
820
804
821
805
822
806
823
807
824
808
825
809
826
827
1048
811
828
812
829
813
830
814
831
815
832
816
833
817
834
818
835
819
836
820
837
821
838
822
839
823
840
824
841
825
842
826
843
827
844
845
1056
829
846
830
847
831
848
832
849
833
850
834
851
835
852
836
853
837
854
838
855
839
856
840
857
841
858
842
859
843
860
844
861
845
862
863
1064
847
848
849
850
851
852
853
854
855
856
857
858
859
860
861
862
863
1072
865
872
866
873
867
874
868
875
869
876
870
877
871
878
879
1080
873
880
874
881
875
882
876
883
877
884
878
885
879
886
887
1088
881
888
882
889
883
890
884
891
885
892
886
893
887
894
895
1096
889
896
890
897
891
898
892
899
893
900
894
901
895
902
903
1104
897
904
898
905
899
906
900
907
901
908
902
909
903
910
911
1112
905
912
906
913
907
914
908
915
909
916
910
917
911
918
919
1120
913
920
914
921
915
922
916
923
917
924
918
925
919
926
927
1128
921
928
922
929
923
930
924
931
925
932
926
933
927
934
935
1136
929
936
930
937
931
938
932
939
933
940
934
941
935
942
943
1144
937
944
938
945
939
946
940
947
941
948
942
949
943
950
951
1152
945
952
946
953
947
954
948
955
949
956
950
957
951
958
959
1160
953
960
954
961
955
962
956
963
957
964
958
965
959
966
967
1168
961
968
962
969
963
970
964
971
965
972
966
973
967
974
975
1176
969
976
970
977
971
978
972
979
973
980
974
981
975
982
983
1184
977
984
978
985
979
986
980
987
981
988
982
989
983
990
991
1192
985
992
986
993
987
994
988
995
989
996
990
997
991
998
999
1200
993
1000
994
1001
995
1002
996
1003
997
1004
998
1005
999
1006
1007
1208
1001
1008
1002
1009
1003
1010
1004
1011
1005
1012
1006
1013
1007
1014
1015
1216
1009
1016
1010
1017
1011
1018
1012
1019
1013
1020
1014
1021
1015
1022
1023
1224
1017
1024
1018
1025
1019
1026
1020
1027
1021
1028
1022
1029
1023
1030
1031
1232
1025
1032
1026
1033
1027
1034
1028
1035
1029
1036
1030
1037
1031
1038
1039
1240
1033
1040
1034
1041
1035
1042
1036
1043
1037
1044
1038
1045
1039
1046
1047
1248
1041
1048
1042
1049
1043
1050
1044
1051
1045
1052
1046
1053
1047
1054
1055
1256
1049
1056
1050
1057
1051
1058
1052
1059
1053
1060
1054
1061
1055
1062
1063
1264
1057
1064
1058
1065
1059
1066
1060
1067
1061
1068
1062
1069
1063
1070
1071
1272
1065
1072
1066
1073
1067
1074
1068
1075
1069
1076
1070
1077
1071
1078
1079
1280
1073
1074
1075
1076
1077
1078
1079
1288
1081
1088
1082
1089
1083
1090
1084
1091
1085
1092
1086
1093
1087
1094
1095
1296
1089
1096
1090
1097
1091
1098
1092
1099
1093
1100
1094
1101
1095
1102
1103
1324
1097
1104
1098
1105
1099
1106
1100
1107
1101
1108
1102
1109
1103
1110
1111
1352
1105
1112
1106
1113
1107
1114
1108
1115
1109
1116
1110
1117
1111
1118
1119
1380
1113
1120
1114
1121
1115
1122
1116
1123
1117
1124
1118
1125
1119
1126
1127
1408
1121
1128
1122
1129
1123
1130
1124
1131
1125
1132
1126
1133
1127
1134
1135
1436
1129
1136
1130
1137
1131
1138
1132
1139
1133
1140
1134
1141
1135
1142
1143
1464
1137
1144
1138
1145
1139
1146
1140
1147
1141
1148
1142
1149
1143
1150
1151
1492
1145
1152
1146
1153
1147
1154
1148
1155
1149
1156
1150
1157
1151
1158
1159
1520
1153
1160
1154
1161
1155
1162
1156
1163
1157
1164
1158
1165
1159
1166
1167
1548
1161
1168
1162
1169
1163
1170
1164
1171
1165
1172
1166
1173
1167
1174
1175
1576
1169
1176
1170
1177
1171
1178
1172
1179
1173
1180
1174
1181
1175
1182
1183
1604
1177
1184
1178
1185
1179
1186
1180
1187
1181
1188
1182
1189
1183
1190
1191
1632
1185
1192
1186
1193
1187
1194
1188
1195
1189
1196
1190
1197
1191
1198
1199
1660
1193
1200
1194
1201
1195
1202
1196
1203
1197
1204
1198
1205
1199
1206
1207
1688
1201
1208
1202
1209
1203
1210
1204
1211
1205
1212
1206
1213
1207
1214
1215
1716
1209
1216
1210
1217
1211
1218
1212
1219
1213
1220
1214
1221
1215
1222
1223
1744
1217
1224
1218
1225
1219
1226
1220
1227
1221
1228
1222
1229
1223
1230
1231
1772
1225
1232
1226
1233
1227
1234
1228
1235
1229
1236
1230
1237
1231
1238
1239
1800
1233
1240
1234
1241
1235
1242
1236
1243
1237
1244
1238
1245
1239
1246
1247
1828
1241
1248
1242
1249
1243
1250
1244
1251
1245
1252
1246
1253
1247
1254
1255
1856
1249
1256
1250
1257
1251
1258
1252
1259
1253
1260
1254
1261
1255
1262
1263
1884
1257
1264
1258
1265
1259
1266
1260
1267
1261
1268
1262
1269
1263
1270
1271
1912
1265
1272
1266
1273
1267
1274
1268
1275
1269
1276
1270
1277
1271
1278
1279
1940
1273
1280
1274
1281
1275
1282
1276
1283
1277
1284
1278
1285
1279
1286
1287
1968
1281
1288
1282
1289
1283
1290
1284
1291
1285
1292
1286
1293
1287
1294
1295
1996
1289
1290
1291
1292
1293
1294
1295
2024
1297
1324
1298
1325
1299
1326
1300
1327
1301
1328
1302
1329
1303
1330
1304
1331
1305
1332
1306
1333
1307
1334
1308
1335
1309
1336
1310
1337
1311
1338
1312
1339
1313
1340
1314
1341
1315
1342
1316
1343
1317
1344
1318
1345
1319
1346
1320
1347
1321
1348
1322
1349
1323
1350
1351
1325
1352
1326
1353
1327
1354
1328
1355
1329
1356
1330
1357
1331
1358
1332
1359
1333
1360
1334
1361
1335
1362
1336
1363
1337
1364
1338
1365
1339
1366
1340
1367
1341
1368
1342
1369
1343
1370
1344
1371
1345
1372
1346
1373
1347
1374
1348
1375
1349
1376
1350
1377
1351
1378
1379
1353
1380
1354
1381
1355
1382
1356
1383
1357
1384
1358
1385
1359
1386
1360
1387
1361
1388
1362
1389
1363
1390
1364
1391
1365
1392
1366
1393
1367
1394
1368
1395
1369
1396
1370
1397
1371
1398
1372
1399
1373
1400
1374
1401
1375
1402
1376
1403
1377
1404
1378
1405
1379
1406
1407
1381
1408
1382
1409
1383
1410
1384
1411
1385
1412
1386
1413
1387
1414
1388
1415
1389
1416
1390
1417
1391
1418
1392
1419
1393
1420
1394
1421
1395
1422
1396
1423
1397
1424
1398
1425
1399
1426
1400
1427
1401
1428
1402
1429
1403
1430
1404
1431
1405
1432
1406
1433
1407
1434
1435
1409
1436
1410
1437
1411
1438
1412
1439
1413
1440
1414
1441
1415
1442
1416
1443
1417
1444
1418
1445
1419
1446
1420
1447
1421
1448
1422
1449
1423
1450
1424
1451
1425
1452
1426
1453
1427
1454
1428
1455
1429
1456
1430
1457
1431
1458
1432
1459
1433
1460
1434
1461
1435
1462
1463
1437
1464
1438
1465
1439
1466
1440
1467
1441
1468
1442
1469
1443
1470
1444
1471
1445
1472
1446
1473
1447
1474
1448
1475
1449
1476
1450
1477
1451
1478
1452
1479
1453
1480
1454
1481
1455
1482
1456
1483
1457
1484
1458
1485
1459
1486
1460
1487
1461
1488
1462
1489
1463
1490
1491
1465
1492
1466
1493
1467
1494
1468
1495
1469
1496
1470
1497
1471
1498
1472
1499
1473
1500
1474
1501
1475
1502
1476
1503
1477
1504
1478
1505
1479
1506
1480
1507
1481
1508
1482
1509
1483
1510
1484
1511
1485
1512
1486
1513
1487
1514
1488
1515
1489
1516
1490
1517
1491
1518
1519
1493
1520
1494
1521
1495
1522
1496
1523
1497
1524
1498
1525
1499
1526
1500
1527
1501
1528
1502
1529
1503
1530
1504
1531
1505
1532
1506
1533
1507
1534
1508
1535
1509
1536
1510
1537
1511
1538
1512
1539
1513
1540
1514
1541
1515
1542
1516
1543
1517
1544
1518
1545
1519
1546
1547
1521
1548
1522
1549
1523
1550
1524
1551
1525
1552
1526
1553
1527
1554
1528
1555
1529
1556
1530
1557
1531
1558
1532
1559
1533
1560
1534
1561
1535
1562
1536
1563
1537
1564
1538
1565
1539
1566
1540
1567
1541
1568
1542
1569
1543
1570
1544
1571
1545
1572
1546
1573
1547
1574
1575
1549
1576
1550
1577
1551
1578
1552
1579
1553
1580
1554
1581
1555
1582
1556
1583
1557
1584
1558
1585
1559
1586
1560
1587
1561
1588
1562
1589
1563
1590
1564
1591
1565
1592
1566
1593
1567
1594
1568
1595
1569
1596
1570
1597
1571
1598
1572
1599
1573
1600
1574
1601
1575
1602
1603
1577
1604
1578
1605
1579
1606
1580
1607
1581
1608
1582
1609
1583
1610
1584
1611
1585
1612
1586
1613
1587
1614
1588
1615
1589
1616
1590
1617
1591
1618
1592
1619
1593
1620
1594
1621
1595
1622
1596
1623
1597
1624
1598
1625
1599
1626
1600
1627
1601
1628
1602
1629
1603
1630
1631
1605
1632
1606
1633
1607
1634
1608
1635
1609
1636
1610
1637
1611
1638
1612
1639
1613
1640
1614
1641
1615
1642
1616
1643
1617
1644
1618
1645
1619
1646
1620
1647
1621
1648
1622
1649
1623
1650
1624
1651
1625
1652
1626
1653
1627
1654
1628
1655
1629
1656
1630
1657
1631
1658
1659
1633
1660
1634
1661
1635
1662
1636
1663
1637
1664
1638
1665
1639
1666
1640
1667
1641
1668
1642
1669
1643
1670
1644
1671
1645
1672
1646
1673
1647
1674
1648
1675
1649
1676
1650
1677
1651
1678
1652
1679
1653
1680
1654
1681
1655
1682
1656
1683
1657
1684
1658
1685
1659
1686
1687
1661
1688
1662
1689
1663
1690
1664
1691
1665
1692
1666
1693
1667
1694
1668
1695
1669
1696
1670
1697
1671
1698
1672
1699
1673
1700
1674
1701
1675
1702
1676
1703
1677
1704
1678
1705
1679
1706
1680
1707
1681
1708
1682
1709
1683
1710
1684
1711
1685
1712
1686
1713
1687
1714
1715
1689
1716
1690
1717
1691
1718
1692
1719
1693
1720
1694
1721
1695
1722
1696
1723
1697
1724
1698
1725
1699
1726
1700
1727
1701
1728
1702
1729
1703
1730
1704
1731
1705
1732
1706
1733
1707
1734
1708
1735
1709
1736
1710
1737
1711
1738
1712
1739
1713
1740
1714
1741
1715
1742
1743
1717
1744
1718
1745
1719
1746
1720
1747
1721
1748
1722
1749
1723
1750
1724
1751
1725
1752
1726
1753
1727
1754
1728
1755
1729
1756
1730
1757
1731
1758
1732
1759
1733
1760
1734
1761
1735
1762
1736
1763
1737
1764
1738
1765
1739
1766
1740
1767
1741
1768
1742
1769
1743
1770
1771
1745
1772
1746
1773
1747
1774
1748
1775
1749
1776
1750
1777
1751
1778
1752
1779
1753
1780
1754
1781
1755
1782
1756
1783
1757
1784
1758
1785
1759
1786
1760
1787
1761
1788
1762
1789
1763
1790
1764
1791
1765
1792
1766
1793
1767
1794
1768
1795
1769
1796
1770
1797
1771
1798
1799
1773
1800
1774
1801
1775
1802
1776
1803
1777
1804
1778
1805
1779
1806
1780
1807
1781
1808
1782
1809
1783
1810
1784
1811
1785
1812
1786
1813
1787
1814
1788
1815
1789
1816
1790
1817
1791
1818
1792
1819
1793
1820
1794
1821
1795
1822
1796
1823
1797
1824
1798
1825
1799
1826
1827
1801
1828
1802
1829
1803
1830
1804
1831
1805
1832
1806
1833
1807
1834
1808
1835
1809
1836
1810
1837
1811
1838
1812
1839
1813
1840
1814
1841
1815
1842
1816
1843
1817
1844
1818
1845
1819
1846
1820
1847
1821
1848
1822
1849
1823
1850
1824
1851
1825
1852
1826
1853
1827
1854
1855
1829
1856
1830
1857
1831
1858
1832
1859
1833
1860
1834
1861
1835
1862
1836
1863
1837
1864
1838
1865
1839
1866
1840
1867
1841
1868
1842
1869
1843
1870
1844
1871
1845
1872
1846
1873
1847
1874
1848
1875
1849
1876
1850
1877
1851
1878
1852
1879
1853
1880
1854
1881
1855
1882
1883
1857
1884
1858
1885
1859
1886
1860
1887
1861
1888
1862
1889
1863
1890
1864
1891
1865
1892
1866
1893
1867
1894
1868
1895
1869
1896
1870
1897
1871
1898
1872
1899
1873
1900
1874
1901
1875
1902
1876
1903
1877
1904
1878
1905
1879
1906
1880
1907
1881
1908
1882
1909
1883
1910
1911
1885
1912
1886
1913
1887
1914
1888
1915
1889
1916
1890
1917
1891
1918
1892
1919
1893
1920
1894
1921
1895
1922
1896
1923
1897
1924
1898
1925
1899
1926
1900
1927
1901
1928
1902
1929
1903
1930
1904
1931
1905
1932
1906
1933
1907
1934
1908
1935
1909
1936
1910
1937
1911
1938
1939
1913
1940
1914
1941
1915
1942
1916
1943
1917
1944
1918
1945
1919
1946
1920
1947
1921
1948
1922
1949
1923
1950
1924
1951
1925
1952
1926
1953
1927
1954
1928
1955
1929
1956
1930
1957
1931
1958
1932
1959
1933
1960
1934
1961
1935
1962
1936
1963
1937
1964
1938
1965
1939
1966
1967
1941
1968
1942
1969
1943
1970
1944
1971
1945
1972
1946
1973
1947
1974
1948
1975
1949
1976
1950
1977
1951
1978
1952
1979
1953
1980
1954
1981
1955
1982
1956
1983
1957
1984
1958
1985
1959
1986
1960
1987
1961
1988
1962
1989
1963
1990
1964
1991
1965
1992
1966
1993
1967
1994
1995
1969
1996
1970
1997
1971
1998
1972
1999
1973
2000
1974
2001
1975
2002
1976
2003
1977
2004
1978
2005
1979
2006
1980
2007
1981
2008
1982
2009
1983
2010
1984
2011
1985
2012
1986
2013
1987
2014
1988
2015
1989
2016
1990
2017
1991
2018
1992
2019
1993
2020
1994
2021
1995
2022
2023
1997
2024
1998
2025
1999
2026
2000
2027
2001
2028
2002
2029
2003
2030
2004
2031
2005
2032
2006
2033
2007
2034
2008
2035
2009
2036
2010
2037
2011
2038
2012
2039
2013
2040
2014
2041
2015
2042
2016
2043
2017
2044
2018
2045
2019
2046
2020
2047
2021
2048
2022
2049
2023
2050
2051
2025
2026
2027
2028
2029
2030
2031
2032
2033
2034
2035
2036
2037
2038
2039
2040
2041
2042
2043
2044
2045
2046
2047
2048
2049
2050
2051
)


// ************************************************************************* //
