/*--------------------------------*- C++ -*----------------------------------*\
| =========                 |                                                 |
| \\      /  F ield         | OpenFOAM: The Open Source CFD Toolbox           |
|  \\    /   O peration     | Version:  2512                                  |
|   \\  /    A nd           | Website:  www.openfoam.com                      |
|    \\/     M anipulation  |                                                 |
\*---------------------------------------------------------------------------*/
FoamFile
{
    version     2.0;
    format      ascii;
    arch        "LSB;label=32;scalar=64";
    note        "nPoints:4312  nCells:2052  nFaces:8311  nInternalFaces:4001";
    class       labelList;
    location    "constant/polyMesh";
    object      owner;
}
// * * * * * * * * * * * * * * * * * * * * * * * * * * * * * * * * * * * * * //


8311
(
0
0
1
1
2
2
3
3
4
4
5
5
6
6
7
7
8
8
9
9
10
10
11
11
12
12
13
13
14
14
15
15
16
16
17
17
18
18
19
19
20
20
21
21
22
22
23
23
24
24
25
25
26
26
27
27
28
28
29
29
30
30
31
31
32
32
33
33
34
34
35
35
36
36
37
37
38
38
39
39
40
40
41
41
42
42
43
43
44
44
45
45
46
46
47
47
48
48
49
49
50
50
51
51
52
52
53
53
54
54
55
55
56
56
57
57
58
58
59
59
60
60
61
61
62
62
63
63
64
64
65
65
66
66
67
67
68
68
69
69
70
70
71
71
72
72
73
73
74
74
75
75
76
76
77
77
78
78
79
79
80
80
81
81
82
82
83
83
84
84
85
85
86
86
87
87
88
88
89
89
90
90
91
91
92
92
93
93
94
94
95
95
96
96
97
97
98
98
99
99
100
100
101
101
102
102
103
103
104
104
105
105
106
106
107
107
108
108
109
109
110
110
111
111
112
112
113
113
114
114
115
115
116
116
117
117
118
118
119
119
120
120
121
121
122
122
123
123
124
124
125
125
126
126
127
127
128
128
129
129
130
130
131
131
132
132
133
133
134
134
135
135
136
136
137
137
138
138
139
139
140
140
141
141
142
142
143
143
144
144
145
145
146
146
147
147
148
148
149
149
150
150
151
151
152
152
153
153
154
154
155
155
156
156
157
157
158
158
159
159
160
160
161
161
162
162
163
163
164
164
165
165
166
166
167
167
168
168
169
169
170
170
171
171
172
172
173
173
174
174
175
175
176
176
177
177
178
178
179
179
180
180
181
181
182
182
183
183
184
184
185
185
186
186
187
187
188
188
189
189
190
190
191
191
192
192
193
193
194
194
195
195
196
196
197
197
198
198
199
199
200
200
201
201
202
202
203
203
204
204
205
205
206
206
207
207
208
208
209
209
210
210
211
211
212
212
213
213
214
214
215
215
216
216
217
217
218
218
219
219
220
220
221
221
222
222
223
223
224
224
225
225
226
226
227
227
228
228
229
229
230
230
231
231
232
232
233
233
234
234
235
235
236
236
237
237
238
238
239
239
240
240
241
241
242
242
243
243
244
244
245
245
246
246
247
247
248
248
249
249
250
250
251
251
252
252
253
253
254
254
255
255
256
256
257
257
258
258
259
259
260
260
261
261
262
262
263
263
264
264
265
265
266
266
267
267
268
268
269
269
270
270
271
271
272
272
273
273
274
274
275
275
276
276
277
277
278
278
279
279
280
280
281
281
282
282
283
283
284
284
285
285
286
286
287
287
288
288
289
289
290
290
291
291
292
292
293
293
294
294
295
295
296
296
297
297
298
298
299
299
300
300
301
301
302
302
303
303
304
304
305
305
306
306
307
307
308
308
309
309
310
310
311
311
312
312
313
313
314
314
315
315
316
316
317
317
318
318
319
319
320
320
321
321
322
322
323
323
324
324
325
325
326
326
327
327
328
328
329
329
330
330
331
331
332
332
333
333
334
334
335
335
336
336
337
337
338
338
339
339
340
340
341
341
342
342
343
343
344
344
345
345
346
346
347
347
348
348
349
349
350
350
351
351
352
352
353
353
354
354
355
355
356
356
357
357
358
358
359
359
360
360
361
361
362
362
363
363
364
365
366
367
368
369
370
371
372
373
374
375
376
377
378
378
379
379
380
380
381
381
382
382
383
383
384
384
385
385
386
386
387
387
388
388
389
389
390
390
391
391
392
392
393
393
394
394
395
395
396
396
397
397
398
398
399
399
400
400
401
401
402
402
403
403
404
404
405
405
406
406
407
407
408
408
409
409
410
410
411
411
412
412
413
413
414
414
415
415
416
416
417
417
418
418
419
419
420
420
421
421
422
422
423
423
424
424
425
425
426
426
427
427
428
428
429
429
430
430
431
431
432
432
433
433
434
434
435
435
436
436
437
437
438
438
439
439
440
440
441
441
442
442
443
443
444
444
445
445
446
446
447
447
448
448
449
449
450
450
451
451
452
452
453
453
454
454
455
455
456
456
457
457
458
458
459
459
460
460
461
461
462
462
463
463
464
464
465
465
466
466
467
467
468
468
469
469
470
470
471
471
472
472
473
473
474
474
475
475
476
476
477
477
478
478
479
479
480
480
481
481
482
482
483
483
484
484
485
485
486
486
487
487
488
488
489
489
490
490
491
491
492
492
493
493
494
494
495
495
496
496
497
497
498
498
499
499
500
500
501
501
502
502
503
503
504
504
505
505
506
506
507
507
508
508
509
509
510
510
511
511
512
512
513
513
514
514
515
515
516
516
517
517
518
518
519
519
520
520
521
521
522
522
523
523
524
524
525
525
526
526
527
527
528
528
529
529
530
530
531
531
532
532
533
533
534
534
535
535
536
536
537
537
538
538
539
539
540
540
541
541
542
542
543
543
544
544
545
545
546
546
547
547
548
548
549
549
550
550
551
551
552
552
553
553
554
554
555
555
556
556
557
557
558
558
559
559
560
560
561
561
562
562
563
563
564
564
565
565
566
566
567
567
568
568
569
569
570
570
571
571
572
572
573
573
574
574
575
575
576
576
577
577
578
578
579
579
580
580
581
581
582
582
583
583
584
584
585
585
586
586
587
587
588
588
589
589
590
590
591
591
592
592
593
593
594
594
595
595
596
596
597
597
598
598
599
599
600
600
601
601
602
602
603
603
604
604
605
605
606
606
607
607
608
608
609
609
610
610
611
611
612
612
613
613
614
614
615
615
616
616
617
617
618
618
619
619
620
620
621
621
622
622
623
623
624
624
625
625
626
626
627
627
628
628
629
629
630
630
631
631
632
632
633
633
634
634
635
635
636
636
637
637
638
638
639
639
640
640
641
641
642
642
643
643
644
644
645
645
646
646
647
647
648
648
649
649
650
650
651
651
652
652
653
653
654
654
655
655
656
656
657
657
658
658
659
659
660
660
661
661
662
662
663
663
664
664
665
665
666
666
667
667
668
668
669
669
670
670
671
671
672
672
673
673
674
674
675
675
676
676
677
677
678
678
679
679
680
680
681
681
682
682
683
683
684
684
685
685
686
686
687
687
688
688
689
689
690
690
691
691
692
692
693
693
694
694
695
695
696
696
697
697
698
698
699
699
700
700
701
701
702
702
703
703
704
704
705
705
706
706
707
707
708
708
709
709
710
710
711
711
712
712
713
713
714
714
715
715
716
716
717
717
718
718
719
719
720
720
721
721
722
722
723
723
724
724
725
725
726
726
727
727
728
728
729
729
730
730
731
731
732
732
733
733
734
734
735
735
736
736
737
737
738
738
739
739
740
740
741
741
742
742
743
743
744
744
745
745
746
746
747
747
748
748
749
749
750
750
751
751
752
752
753
753
754
754
755
755
756
756
757
757
758
758
759
759
760
760
761
761
762
762
763
763
764
764
765
765
766
766
767
767
768
768
769
769
770
770
771
771
772
772
773
773
774
774
775
775
776
776
777
777
778
778
779
779
780
780
781
781
782
782
783
783
784
784
785
785
786
786
787
787
788
788
789
789
790
790
791
791
792
792
793
793
794
794
795
795
796
796
797
797
798
798
799
799
800
800
801
801
802
802
803
803
804
804
805
805
806
806
807
807
808
808
809
809
810
810
811
811
812
812
813
813
814
814
815
815
816
816
817
817
818
818
819
819
820
820
821
821
822
822
823
823
824
824
825
825
826
826
827
827
828
828
829
829
830
830
831
831
832
832
833
833
834
834
835
835
836
836
837
837
838
838
839
839
840
840
841
841
842
842
843
843
844
844
845
845
846
847
848
849
850
851
852
853
854
855
856
857
858
859
860
861
862
863
864
864
865
865
866
866
867
867
868
868
869
869
870
870
871
871
872
872
873
873
874
874
875
875
876
876
877
877
878
878
879
879
880
880
881
881
882
882
883
883
884
884
885
885
886
886
887
887
888
888
889
889
890
890
891
891
892
892
893
893
894
894
895
895
896
896
897
897
898
898
899
899
900
900
901
901
902
902
903
903
904
904
905
905
906
906
907
907
908
908
909
909
910
910
911
911
912
912
913
913
914
914
915
915
916
916
917
917
918
918
919
919
920
920
921
921
922
922
923
923
924
924
925
925
926
926
927
927
928
928
929
929
930
930
931
931
932
932
933
933
934
934
935
935
936
936
937
937
938
938
939
939
940
940
941
941
942
942
943
943
944
944
945
945
946
946
947
947
948
948
949
949
950
950
951
951
952
952
953
953
954
954
955
955
956
956
957
957
958
958
959
959
960
960
961
961
962
962
963
963
964
964
965
965
966
966
967
967
968
968
969
969
970
970
971
971
972
972
973
973
974
974
975
975
976
976
977
977
978
978
979
979
980
980
981
981
982
982
983
983
984
984
985
985
986
986
987
987
988
988
989
989
990
990
991
991
992
992
993
993
994
994
995
995
996
996
997
997
998
998
999
999
1000
1000
1001
1001
1002
1002
1003
1003
1004
1004
1005
1005
1006
1006
1007
1007
1008
1008
1009
1009
1010
1010
1011
1011
1012
1012
1013
1013
1014
1014
1015
1015
1016
1016
1017
1017
1018
1018
1019
1019
1020
1020
1021
1021
1022
1022
1023
1023
1024
1024
1025
1025
1026
1026
1027
1027
1028
1028
1029
1029
1030
1030
1031
1031
1032
1032
1033
1033
1034
1034
1035
1035
1036
1036
1037
1037
1038
1038
1039
1039
1040
1040
1041
1041
1042
1042
1043
1043
1044
1044
1045
1045
1046
1046
1047
1047
1048
1048
1049
1049
1050
1050
1051
1051
1052
1052
1053
1053
1054
1054
1055
1055
1056
1056
1057
1057
1058
1058
1059
1059
1060
1060
1061
1061
1062
1062
1063
1063
1064
1064
1065
1065
1066
1066
1067
1067
1068
1068
1069
1069
1070
1070
1071
1071
1072
1073
1074
1075
1076
1077
1078
1079
1080
1080
1081
1081
1082
1082
1083
1083
1084
1084
1085
1085
1086
1086
1087
1087
1088
1088
1089
1089
1090
1090
1091
1091
1092
1092
1093
1093
1094
1094
1095
1095
1096
1096
1097
1097
1098
1098
1099
1099
1100
1100
1101
1101
1102
1102
1103
1103
1104
1104
1105
1105
1106
1106
1107
1107
1108
1108
1109
1109
1110
1110
1111
1111
1112
1112
1113
1113
1114
1114
1115
1115
1116
1116
1117
1117
1118
1118
1119
1119
1120
1120
1121
1121
1122
1122
1123
1123
1124
1124
1125
1125
1126
1126
1127
1127
1128
1128
1129
1129
1130
1130
1131
1131
1132
1132
1133
1133
1134
1134
1135
1135
1136
1136
1137
1137
1138
1138
1139
1139
1140
1140
1141
1141
1142
1142
1143
1143
1144
1144
1145
1145
1146
1146
1147
1147
1148
1148
1149
1149
1150
1150
1151
1151
1152
1152
1153
1153
1154
1154
1155
1155
1156
1156
1157
1157
1158
1158
1159
1159
1160
1160
1161
1161
1162
1162
1163
1163
1164
1164
1165
1165
1166
1166
1167
1167
1168
1168
1169
1169
1170
1170
1171
1171
1172
1172
1173
1173
1174
1174
1175
1175
1176
1176
1177
1177
1178
1178
1179
1179
1180
1180
1181
1181
1182
1182
1183
1183
1184
1184
1185
1185
1186
1186
1187
1187
1188
1188
1189
1189
1190
1190
1191
1191
1192
1192
1193
1193
1194
1194
1195
1195
1196
1196
1197
1197
1198
1198
1199
1199
1200
1200
1201
1201
1202
1202
1203
1203
1204
1204
1205
1205
1206
1206
1207
1207
1208
1208
1209
1209
1210
1210
1211
1211
1212
1212
1213
1213
1214
1214
1215
1215
1216
1216
1217
1217
1218
1218
1219
1219
1220
1220
1221
1221
1222
1222
1223
1223
1224
1224
1225
1225
1226
1226
1227
1227
1228
1228
1229
1229
1230
1230
1231
1231
1232
1232
1233
1233
1234
1234
1235
1235
1236
1236
1237
1237
1238
1238
1239
1239
1240
1240
1241
1241
1242
1242
1243
1243
1244
1244
1245
1245
1246
1246
1247
1247
1248
1248
1249
1249
1250
1250
1251
1251
1252
1252
1253
1253
1254
1254
1255
1255
1256
1256
1257
1257
1258
1258
1259
1259
1260
1260
1261
1261
1262
1262
1263
1263
1264
1264
1265
1265
1266
1266
1267
1267
1268
1268
1269
1269
1270
1270
1271
1271
1272
1272
1273
1273
1274
1274
1275
1275
1276
1276
1277
1277
1278
1278
1279
1279
1280
1280
1281
1281
1282
1282
1283
1283
1284
1284
1285
1285
1286
1286
1287
1287
1288
1289
1290
1291
1292
1293
1294
1295
1296
1296
1297
1297
1298
1298
1299
1299
1300
1300
1301
1301
1302
1302
1303
1303
1304
1304
1305
1305
1306
1306
1307
1307
1308
1308
1309
1309
1310
1310
1311
1311
1312
1312
1313
1313
1314
1314
1315
1315
1316
1316
1317
1317
1318
1318
1319
1319
1320
1320
1321
1321
1322
1322
1323
1324
1324
1325
1325
1326
1326
1327
1327
1328
1328
1329
1329
1330
1330
1331
1331
1332
1332
1333
1333
1334
1334
1335
1335
1336
1336
1337
1337
1338
1338
1339
1339
1340
1340
1341
1341
1342
1342
1343
1343
1344
1344
1345
1345
1346
1346
1347
1347
1348
1348
1349
1349
1350
1350
1351
1352
1352
1353
1353
1354
1354
1355
1355
1356
1356
1357
1357
1358
1358
1359
1359
1360
1360
1361
1361
1362
1362
1363
1363
1364
1364
1365
1365
1366
1366
1367
1367
1368
1368
1369
1369
1370
1370
1371
1371
1372
1372
1373
1373
1374
1374
1375
1375
1376
1376
1377
1377
1378
1378
1379
1380
1380
1381
1381
1382
1382
1383
1383
1384
1384
1385
1385
1386
1386
1387
1387
1388
1388
1389
1389
1390
1390
1391
1391
1392
1392
1393
1393
1394
1394
1395
1395
1396
1396
1397
1397
1398
1398
1399
1399
1400
1400
1401
1401
1402
1402
1403
1403
1404
1404
1405
1405
1406
1406
1407
1408
1408
1409
1409
1410
1410
1411
1411
1412
1412
1413
1413
1414
1414
1415
1415
1416
1416
1417
1417
1418
1418
1419
1419
1420
1420
1421
1421
1422
1422
1423
1423
1424
1424
1425
1425
1426
1426
1427
1427
1428
1428
1429
1429
1430
1430
1431
1431
1432
1432
1433
1433
1434
1434
1435
1436
1436
1437
1437
1438
1438
1439
1439
1440
1440
1441
1441
1442
1442
1443
1443
1444
1444
1445
1445
1446
1446
1447
1447
1448
1448
1449
1449
1450
1450
1451
1451
1452
1452
1453
1453
1454
1454
1455
1455
1456
1456
1457
1457
1458
1458
1459
1459
1460
1460
1461
1461
1462
1462
1463
1464
1464
1465
1465
1466
1466
1467
1467
1468
1468
1469
1469
1470
1470
1471
1471
1472
1472
1473
1473
1474
1474
1475
1475
1476
1476
1477
1477
1478
1478
1479
1479
1480
1480
1481
1481
1482
1482
1483
1483
1484
1484
1485
1485
1486
1486
1487
1487
1488
1488
1489
1489
1490
1490
1491
1492
1492
1493
1493
1494
1494
1495
1495
1496
1496
1497
1497
1498
1498
1499
1499
1500
1500
1501
1501
1502
1502
1503
1503
1504
1504
1505
1505
1506
1506
1507
1507
1508
1508
1509
1509
1510
1510
1511
1511
1512
1512
1513
1513
1514
1514
1515
1515
1516
1516
1517
1517
1518
1518
1519
1520
1520
1521
1521
1522
1522
1523
1523
1524
1524
1525
1525
1526
1526
1527
1527
1528
1528
1529
1529
1530
1530
1531
1531
1532
1532
1533
1533
1534
1534
1535
1535
1536
1536
1537
1537
1538
1538
1539
1539
1540
1540
1541
1541
1542
1542
1543
1543
1544
1544
1545
1545
1546
1546
1547
1548
1548
1549
1549
1550
1550
1551
1551
1552
1552
1553
1553
1554
1554
1555
1555
1556
1556
1557
1557
1558
1558
1559
1559
1560
1560
1561
1561
1562
1562
1563
1563
1564
1564
1565
1565
1566
1566
1567
1567
1568
1568
1569
1569
1570
1570
1571
1571
1572
1572
1573
1573
1574
1574
1575
1576
1576
1577
1577
1578
1578
1579
1579
1580
1580
1581
1581
1582
1582
1583
1583
1584
1584
1585
1585
1586
1586
1587
1587
1588
1588
1589
1589
1590
1590
1591
1591
1592
1592
1593
1593
1594
1594
1595
1595
1596
1596
1597
1597
1598
1598
1599
1599
1600
1600
1601
1601
1602
1602
1603
1604
1604
1605
1605
1606
1606
1607
1607
1608
1608
1609
1609
1610
1610
1611
1611
1612
1612
1613
1613
1614
1614
1615
1615
1616
1616
1617
1617
1618
1618
1619
1619
1620
1620
1621
1621
1622
1622
1623
1623
1624
1624
1625
1625
1626
1626
1627
1627
1628
1628
1629
1629
1630
1630
1631
1632
1632
1633
1633
1634
1634
1635
1635
1636
1636
1637
1637
1638
1638
1639
1639
1640
1640
1641
1641
1642
1642
1643
1643
1644
1644
1645
1645
1646
1646
1647
1647
1648
1648
1649
1649
1650
1650
1651
1651
1652
1652
1653
1653
1654
1654
1655
1655
1656
1656
1657
1657
1658
1658
1659
1660
1660
1661
1661
1662
1662
1663
1663
1664
1664
1665
1665
1666
1666
1667
1667
1668
1668
1669
1669
1670
1670
1671
1671
1672
1672
1673
1673
1674
1674
1675
1675
1676
1676
1677
1677
1678
1678
1679
1679
1680
1680
1681
1681
1682
1682
1683
1683
1684
1684
1685
1685
1686
1686
1687
1688
1688
1689
1689
1690
1690
1691
1691
1692
1692
1693
1693
1694
1694
1695
1695
1696
1696
1697
1697
1698
1698
1699
1699
1700
1700
1701
1701
1702
1702
1703
1703
1704
1704
1705
1705
1706
1706
1707
1707
1708
1708
1709
1709
1710
1710
1711
1711
1712
1712
1713
1713
1714
1714
1715
1716
1716
1717
1717
1718
1718
1719
1719
1720
1720
1721
1721
1722
1722
1723
1723
1724
1724
1725
1725
1726
1726
1727
1727
1728
1728
1729
1729
1730
1730
1731
1731
1732
1732
1733
1733
1734
1734
1735
1735
1736
1736
1737
1737
1738
1738
1739
1739
1740
1740
1741
1741
1742
1742
1743
1744
1744
1745
1745
1746
1746
1747
1747
1748
1748
1749
1749
1750
1750
1751
1751
1752
1752
1753
1753
1754
1754
1755
1755
1756
1756
1757
1757
1758
1758
1759
1759
1760
1760
1761
1761
1762
1762
1763
1763
1764
1764
1765
1765
1766
1766
1767
1767
1768
1768
1769
1769
1770
1770
1771
1772
1772
1773
1773
1774
1774
1775
1775
1776
1776
1777
1777
1778
1778
1779
1779
1780
1780
1781
1781
1782
1782
1783
1783
1784
1784
1785
1785
1786
1786
1787
1787
1788
1788
1789
1789
1790
1790
1791
1791
1792
1792
1793
1793
1794
1794
1795
1795
1796
1796
1797
1797
1798
1798
1799
1800
1800
1801
1801
1802
1802
1803
1803
1804
1804
1805
1805
1806
1806
1807
1807
1808
1808
1809
1809
1810
1810
1811
1811
1812
1812
1813
1813
1814
1814
1815
1815
1816
1816
1817
1817
1818
1818
1819
1819
1820
1820
1821
1821
1822
1822
1823
1823
1824
1824
1825
1825
1826
1826
1827
1828
1828
1829
1829
1830
1830
1831
1831
1832
1832
1833
1833
1834
1834
1835
1835
1836
1836
1837
1837
1838
1838
1839
1839
1840
1840
1841
1841
1842
1842
1843
1843
1844
1844
1845
1845
1846
1846
1847
1847
1848
1848
1849
1849
1850
1850
1851
1851
1852
1852
1853
1853
1854
1854
1855
1856
1856
1857
1857
1858
1858
1859
1859
1860
1860
1861
1861
1862
1862
1863
1863
1864
1864
1865
1865
1866
1866
1867
1867
1868
1868
1869
1869
1870
1870
1871
1871
1872
1872
1873
1873
1874
1874
1875
1875
1876
1876
1877
1877
1878
1878
1879
1879
1880
1880
1881
1881
1882
1882
1883
1884
1884
1885
1885
1886
1886
1887
1887
1888
1888
1889
1889
1890
1890
1891
1891
1892
1892
1893
1893
1894
1894
1895
1895
1896
1896
1897
1897
1898
1898
1899
1899
1900
1900
1901
1901
1902
1902
1903
1903
1904
1904
1905
1905
1906
1906
1907
1907
1908
1908
1909
1909
1910
1910
1911
1912
1912
1913
1913
1914
1914
1915
1915
1916
1916
1917
1917
1918
1918
1919
1919
1920
1920
1921
1921
1922
1922
1923
1923
1924
1924
1925
1925
1926
1926
1927
1927
1928
1928
1929
1929
1930
1930
1931
1931
1932
1932
1933
1933
1934
1934
1935
1935
1936
1936
1937
1937
1938
1938
1939
1940
1940
1941
1941
1942
1942
1943
1943
1944
1944
1945
1945
1946
1946
1947
1947
1948
1948
1949
1949
1950
1950
1951
1951
1952
1952
1953
1953
1954
1954
1955
1955
1956
1956
1957
1957
1958
1958
1959
1959
1960
1960
1961
1961
1962
1962
1963
1963
1964
1964
1965
1965
1966
1966
1967
1968
1968
1969
1969
1970
1970
1971
1971
1972
1972
1973
1973
1974
1974
1975
1975
1976
1976
1977
1977
1978
1978
1979
1979
1980
1980
1981
1981
1982
1982
1983
1983
1984
1984
1985
1985
1986
1986
1987
1987
1988
1988
1989
1989
1990
1990
1991
1991
1992
1992
1993
1993
1994
1994
1995
1996
1996
1997
1997
1998
1998
1999
1999
2000
2000
2001
2001
2002
2002
2003
2003
2004
2004
2005
2005
2006
2006
2007
2007
2008
2008
2009
2009
2010
2010
2011
2011
2012
2012
2013
2013
2014
2014
2015
2015
2016
2016
2017
2017
2018
2018
2019
2019
2020
2020
2021
2021
2022
2022
2023
2024
2025
2026
2027
2028
2029
2030
2031
2032
2033
2034
2035
2036
2037
2038
2039
2040
2041
2042
2043
2044
2045
2046
2047
2048
2049
2050
0
14
28
42
56
70
84
98
112
126
140
154
168
182
196
210
224
238
252
266
280
294
308
322
336
350
364
1323
1351
1379
1407
1435
1463
1491
1519
1547
1575
1603
1631
1659
1687
1715
1743
1771
1799
1827
1855
1883
1911
1939
1967
1995
2023
2051
0
1
2
3
4
5
6
7
8
9
10
11
12
13
378
379
380
381
382
383
384
385
386
387
388
389
390
391
392
393
394
395
864
865
866
867
868
869
870
871
1080
1081
1082
1083
1084
1085
1086
1087
1296
1297
1298
1299
1300
1301
1302
1303
1304
1305
1306
1307
1308
1309
1310
1311
1312
1313
1314
1315
1316
1317
1318
1319
1320
1321
1322
1323
364
365
366
367
368
369
370
371
372
373
374
375
376
377
846
847
848
849
850
851
852
853
854
855
856
857
858
859
860
861
862
863
1072
1073
1074
1075
1076
1077
1078
1079
1288
1289
1290
1291
1292
1293
1294
1295
2024
2025
2026
2027
2028
2029
2030
2031
2032
2033
2034
2035
2036
2037
2038
2039
2040
2041
2042
2043
2044
2045
2046
2047
2048
2049
2050
2051
0
14
28
42
56
70
84
98
112
126
140
154
168
182
196
210
224
238
252
266
280
294
308
322
336
350
364
1
15
29
43
57
71
85
99
113
127
141
155
169
183
197
211
225
239
253
267
281
295
309
323
337
351
365
2
16
30
44
58
72
86
100
114
128
142
156
170
184
198
212
226
240
254
268
282
296
310
324
338
352
366
3
17
31
45
59
73
87
101
115
129
143
157
171
185
199
213
227
241
255
269
283
297
311
325
339
353
367
4
18
32
46
60
74
88
102
116
130
144
158
172
186
200
214
228
242
256
270
284
298
312
326
340
354
368
5
19
33
47
61
75
89
103
117
131
145
159
173
187
201
215
229
243
257
271
285
299
313
327
341
355
369
6
20
34
48
62
76
90
104
118
132
146
160
174
188
202
216
230
244
258
272
286
300
314
328
342
356
370
7
21
35
49
63
77
91
105
119
133
147
161
175
189
203
217
231
245
259
273
287
301
315
329
343
357
371
8
22
36
50
64
78
92
106
120
134
148
162
176
190
204
218
232
246
260
274
288
302
316
330
344
358
372
9
23
37
51
65
79
93
107
121
135
149
163
177
191
205
219
233
247
261
275
289
303
317
331
345
359
373
10
24
38
52
66
80
94
108
122
136
150
164
178
192
206
220
234
248
262
276
290
304
318
332
346
360
374
11
25
39
53
67
81
95
109
123
137
151
165
179
193
207
221
235
249
263
277
291
305
319
333
347
361
375
12
26
40
54
68
82
96
110
124
138
152
166
180
194
208
222
236
250
264
278
292
306
320
334
348
362
376
13
27
41
55
69
83
97
111
125
139
153
167
181
195
209
223
237
251
265
279
293
307
321
335
349
363
377
378
396
414
432
450
468
486
504
522
540
558
576
594
612
630
648
666
684
702
720
738
756
774
792
810
828
846
379
397
415
433
451
469
487
505
523
541
559
577
595
613
631
649
667
685
703
721
739
757
775
793
811
829
847
380
398
416
434
452
470
488
506
524
542
560
578
596
614
632
650
668
686
704
722
740
758
776
794
812
830
848
381
399
417
435
453
471
489
507
525
543
561
579
597
615
633
651
669
687
705
723
741
759
777
795
813
831
849
382
400
418
436
454
472
490
508
526
544
562
580
598
616
634
652
670
688
706
724
742
760
778
796
814
832
850
383
401
419
437
455
473
491
509
527
545
563
581
599
617
635
653
671
689
707
725
743
761
779
797
815
833
851
384
402
420
438
456
474
492
510
528
546
564
582
600
618
636
654
672
690
708
726
744
762
780
798
816
834
852
385
403
421
439
457
475
493
511
529
547
565
583
601
619
637
655
673
691
709
727
745
763
781
799
817
835
853
386
404
422
440
458
476
494
512
530
548
566
584
602
620
638
656
674
692
710
728
746
764
782
800
818
836
854
387
405
423
441
459
477
495
513
531
549
567
585
603
621
639
657
675
693
711
729
747
765
783
801
819
837
855
388
406
424
442
460
478
496
514
532
550
568
586
604
622
640
658
676
694
712
730
748
766
784
802
820
838
856
389
407
425
443
461
479
497
515
533
551
569
587
605
623
641
659
677
695
713
731
749
767
785
803
821
839
857
390
408
426
444
462
480
498
516
534
552
570
588
606
624
642
660
678
696
714
732
750
768
786
804
822
840
858
391
409
427
445
463
481
499
517
535
553
571
589
607
625
643
661
679
697
715
733
751
769
787
805
823
841
859
392
410
428
446
464
482
500
518
536
554
572
590
608
626
644
662
680
698
716
734
752
770
788
806
824
842
860
393
411
429
447
465
483
501
519
537
555
573
591
609
627
645
663
681
699
717
735
753
771
789
807
825
843
861
394
412
430
448
466
484
502
520
538
556
574
592
610
628
646
664
682
700
718
736
754
772
790
808
826
844
862
395
413
431
449
467
485
503
521
539
557
575
593
611
629
647
665
683
701
719
737
755
773
791
809
827
845
863
864
872
880
888
896
904
912
920
928
936
944
952
960
968
976
984
992
1000
1008
1016
1024
1032
1040
1048
1056
1064
1072
865
873
881
889
897
905
913
921
929
937
945
953
961
969
977
985
993
1001
1009
1017
1025
1033
1041
1049
1057
1065
1073
866
874
882
890
898
906
914
922
930
938
946
954
962
970
978
986
994
1002
1010
1018
1026
1034
1042
1050
1058
1066
1074
867
875
883
891
899
907
915
923
931
939
947
955
963
971
979
987
995
1003
1011
1019
1027
1035
1043
1051
1059
1067
1075
868
876
884
892
900
908
916
924
932
940
948
956
964
972
980
988
996
1004
1012
1020
1028
1036
1044
1052
1060
1068
1076
869
877
885
893
901
909
917
925
933
941
949
957
965
973
981
989
997
1005
1013
1021
1029
1037
1045
1053
1061
1069
1077
870
878
886
894
902
910
918
926
934
942
950
958
966
974
982
990
998
1006
1014
1022
1030
1038
1046
1054
1062
1070
1078
871
879
887
895
903
911
919
927
935
943
951
959
967
975
983
991
999
1007
1015
1023
1031
1039
1047
1055
1063
1071
1079
1080
1088
1096
1104
1112
1120
1128
1136
1144
1152
1160
1168
1176
1184
1192
1200
1208
1216
1224
1232
1240
1248
1256
1264
1272
1280
1288
1081
1089
1097
1105
1113
1121
1129
1137
1145
1153
1161
1169
1177
1185
1193
1201
1209
1217
1225
1233
1241
1249
1257
1265
1273
1281
1289
1082
1090
1098
1106
1114
1122
1130
1138
1146
1154
1162
1170
1178
1186
1194
1202
1210
1218
1226
1234
1242
1250
1258
1266
1274
1282
1290
1083
1091
1099
1107
1115
1123
1131
1139
1147
1155
1163
1171
1179
1187
1195
1203
1211
1219
1227
1235
1243
1251
1259
1267
1275
1283
1291
1084
1092
1100
1108
1116
1124
1132
1140
1148
1156
1164
1172
1180
1188
1196
1204
1212
1220
1228
1236
1244
1252
1260
1268
1276
1284
1292
1085
1093
1101
1109
1117
1125
1133
1141
1149
1157
1165
1173
1181
1189
1197
1205
1213
1221
1229
1237
1245
1253
1261
1269
1277
1285
1293
1086
1094
1102
1110
1118
1126
1134
1142
1150
1158
1166
1174
1182
1190
1198
1206
1214
1222
1230
1238
1246
1254
1262
1270
1278
1286
1294
1087
1095
1103
1111
1119
1127
1135
1143
1151
1159
1167
1175
1183
1191
1199
1207
1215
1223
1231
1239
1247
1255
1263
1271
1279
1287
1295
1296
1324
1352
1380
1408
1436
1464
1492
1520
1548
1576
1604
1632
1660
1688
1716
1744
1772
1800
1828
1856
1884
1912
1940
1968
1996
2024
1297
1325
1353
1381
1409
1437
1465
1493
1521
1549
1577
1605
1633
1661
1689
1717
1745
1773
1801
1829
1857
1885
1913
1941
1969
1997
2025
1298
1326
1354
1382
1410
1438
1466
1494
1522
1550
1578
1606
1634
1662
1690
1718
1746
1774
1802
1830
1858
1886
1914
1942
1970
1998
2026
1299
1327
1355
1383
1411
1439
1467
1495
1523
1551
1579
1607
1635
1663
1691
1719
1747
1775
1803
1831
1859
1887
1915
1943
1971
1999
2027
1300
1328
1356
1384
1412
1440
1468
1496
1524
1552
1580
1608
1636
1664
1692
1720
1748
1776
1804
1832
1860
1888
1916
1944
1972
2000
2028
1301
1329
1357
1385
1413
1441
1469
1497
1525
1553
1581
1609
1637
1665
1693
1721
1749
1777
1805
1833
1861
1889
1917
1945
1973
2001
2029
1302
1330
1358
1386
1414
1442
1470
1498
1526
1554
1582
1610
1638
1666
1694
1722
1750
1778
1806
1834
1862
1890
1918
1946
1974
2002
2030
1303
1331
1359
1387
1415
1443
1471
1499
1527
1555
1583
1611
1639
1667
1695
1723
1751
1779
1807
1835
1863
1891
1919
1947
1975
2003
2031
1304
1332
1360
1388
1416
1444
1472
1500
1528
1556
1584
1612
1640
1668
1696
1724
1752
1780
1808
1836
1864
1892
1920
1948
1976
2004
2032
1305
1333
1361
1389
1417
1445
1473
1501
1529
1557
1585
1613
1641
1669
1697
1725
1753
1781
1809
1837
1865
1893
1921
1949
1977
2005
2033
1306
1334
1362
1390
1418
1446
1474
1502
1530
1558
1586
1614
1642
1670
1698
1726
1754
1782
1810
1838
1866
1894
1922
1950
1978
2006
2034
1307
1335
1363
1391
1419
1447
1475
1503
1531
1559
1587
1615
1643
1671
1699
1727
1755
1783
1811
1839
1867
1895
1923
1951
1979
2007
2035
1308
1336
1364
1392
1420
1448
1476
1504
1532
1560
1588
1616
1644
1672
1700
1728
1756
1784
1812
1840
1868
1896
1924
1952
1980
2008
2036
1309
1337
1365
1393
1421
1449
1477
1505
1533
1561
1589
1617
1645
1673
1701
1729
1757
1785
1813
1841
1869
1897
1925
1953
1981
2009
2037
1310
1338
1366
1394
1422
1450
1478
1506
1534
1562
1590
1618
1646
1674
1702
1730
1758
1786
1814
1842
1870
1898
1926
1954
1982
2010
2038
1311
1339
1367
1395
1423
1451
1479
1507
1535
1563
1591
1619
1647
1675
1703
1731
1759
1787
1815
1843
1871
1899
1927
1955
1983
2011
2039
1312
1340
1368
1396
1424
1452
1480
1508
1536
1564
1592
1620
1648
1676
1704
1732
1760
1788
1816
1844
1872
1900
1928
1956
1984
2012
2040
1313
1341
1369
1397
1425
1453
1481
1509
1537
1565
1593
1621
1649
1677
1705
1733
1761
1789
1817
1845
1873
1901
1929
1957
1985
2013
2041
1314
1342
1370
1398
1426
1454
1482
1510
1538
1566
1594
1622
1650
1678
1706
1734
1762
1790
1818
1846
1874
1902
1930
1958
1986
2014
2042
1315
1343
1371
1399
1427
1455
1483
1511
1539
1567
1595
1623
1651
1679
1707
1735
1763
1791
1819
1847
1875
1903
1931
1959
1987
2015
2043
1316
1344
1372
1400
1428
1456
1484
1512
1540
1568
1596
1624
1652
1680
1708
1736
1764
1792
1820
1848
1876
1904
1932
1960
1988
2016
2044
1317
1345
1373
1401
1429
1457
1485
1513
1541
1569
1597
1625
1653
1681
1709
1737
1765
1793
1821
1849
1877
1905
1933
1961
1989
2017
2045
1318
1346
1374
1402
1430
1458
1486
1514
1542
1570
1598
1626
1654
1682
1710
1738
1766
1794
1822
1850
1878
1906
1934
1962
1990
2018
2046
1319
1347
1375
1403
1431
1459
1487
1515
1543
1571
1599
1627
1655
1683
1711
1739
1767
1795
1823
1851
1879
1907
1935
1963
1991
2019
2047
1320
1348
1376
1404
1432
1460
1488
1516
1544
1572
1600
1628
1656
1684
1712
1740
1768
1796
1824
1852
1880
1908
1936
1964
1992
2020
2048
1321
1349
1377
1405
1433
1461
1489
1517
1545
1573
1601
1629
1657
1685
1713
1741
1769
1797
1825
1853
1881
1909
1937
1965
1993
2021
2049
1322
1350
1378
1406
1434
1462
1490
1518
1546
1574
1602
1630
1658
1686
1714
1742
1770
1798
1826
1854
1882
1910
1938
1966
1994
2022
2050
1323
1351
1379
1407
1435
1463
1491
1519
1547
1575
1603
1631
1659
1687
1715
1743
1771
1799
1827
1855
1883
1911
1939
1967
1995
2023
2051
0
14
28
42
56
70
84
98
112
126
140
154
168
182
196
210
224
238
252
266
280
294
308
322
336
350
364
1
15
29
43
57
71
85
99
113
127
141
155
169
183
197
211
225
239
253
267
281
295
309
323
337
351
365
2
16
30
44
58
72
86
100
114
128
142
156
170
184
198
212
226
240
254
268
282
296
310
324
338
352
366
3
17
31
45
59
73
87
101
115
129
143
157
171
185
199
213
227
241
255
269
283
297
311
325
339
353
367
4
18
32
46
60
74
88
102
116
130
144
158
172
186
200
214
228
242
256
270
284
298
312
326
340
354
368
5
19
33
47
61
75
89
103
117
131
145
159
173
187
201
215
229
243
257
271
285
299
313
327
341
355
369
6
20
34
48
62
76
90
104
118
132
146
160
174
188
202
216
230
244
258
272
286
300
314
328
342
356
370
7
21
35
49
63
77
91
105
119
133
147
161
175
189
203
217
231
245
259
273
287
301
315
329
343
357
371
8
22
36
50
64
78
92
106
120
134
148
162
176
190
204
218
232
246
260
274
288
302
316
330
344
358
372
9
23
37
51
65
79
93
107
121
135
149
163
177
191
205
219
233
247
261
275
289
303
317
331
345
359
373
10
24
38
52
66
80
94
108
122
136
150
164
178
192
206
220
234
248
262
276
290
304
318
332
346
360
374
11
25
39
53
67
81
95
109
123
137
151
165
179
193
207
221
235
249
263
277
291
305
319
333
347
361
375
12
26
40
54
68
82
96
110
124
138
152
166
180
194
208
222
236
250
264
278
292
306
320
334
348
362
376
13
27
41
55
69
83
97
111
125
139
153
167
181
195
209
223
237
251
265
279
293
307
321
335
349
363
377
378
396
414
432
450
468
486
504
522
540
558
576
594
612
630
648
666
684
702
720
738
756
774
792
810
828
846
379
397
415
433
451
469
487
505
523
541
559
577
595
613
631
649
667
685
703
721
739
757
775
793
811
829
847
380
398
416
434
452
470
488
506
524
542
560
578
596
614
632
650
668
686
704
722
740
758
776
794
812
830
848
381
399
417
435
453
471
489
507
525
543
561
579
597
615
633
651
669
687
705
723
741
759
777
795
813
831
849
382
400
418
436
454
472
490
508
526
544
562
580
598
616
634
652
670
688
706
724
742
760
778
796
814
832
850
383
401
419
437
455
473
491
509
527
545
563
581
599
617
635
653
671
689
707
725
743
761
779
797
815
833
851
384
402
420
438
456
474
492
510
528
546
564
582
600
618
636
654
672
690
708
726
744
762
780
798
816
834
852
385
403
421
439
457
475
493
511
529
547
565
583
601
619
637
655
673
691
709
727
745
763
781
799
817
835
853
386
404
422
440
458
476
494
512
530
548
566
584
602
620
638
656
674
692
710
728
746
764
782
800
818
836
854
387
405
423
441
459
477
495
513
531
549
567
585
603
621
639
657
675
693
711
729
747
765
783
801
819
837
855
388
406
424
442
460
478
496
514
532
550
568
586
604
622
640
658
676
694
712
730
748
766
784
802
820
838
856
389
407
425
443
461
479
497
515
533
551
569
587
605
623
641
659
677
695
713
731
749
767
785
803
821
839
857
390
408
426
444
462
480
498
516
534
552
570
588
606
624
642
660
678
696
714
732
750
768
786
804
822
840
858
391
409
427
445
463
481
499
517
535
553
571
589
607
625
643
661
679
697
715
733
751
769
787
805
823
841
859
392
410
428
446
464
482
500
518
536
554
572
590
608
626
644
662
680
698
716
734
752
770
788
806
824
842
860
393
411
429
447
465
483
501
519
537
555
573
591
609
627
645
663
681
699
717
735
753
771
789
807
825
843
861
394
412
430
448
466
484
502
520
538
556
574
592
610
628
646
664
682
700
718
736
754
772
790
808
826
844
862
395
413
431
449
467
485
503
521
539
557
575
593
611
629
647
665
683
701
719
737
755
773
791
809
827
845
863
864
872
880
888
896
904
912
920
928
936
944
952
960
968
976
984
992
1000
1008
1016
1024
1032
1040
1048
1056
1064
1072
865
873
881
889
897
905
913
921
929
937
945
953
961
969
977
985
993
1001
1009
1017
1025
1033
1041
1049
1057
1065
1073
866
874
882
890
898
906
914
922
930
938
946
954
962
970
978
986
994
1002
1010
1018
1026
1034
1042
1050
1058
1066
1074
867
875
883
891
899
907
915
923
931
939
947
955
963
971
979
987
995
1003
1011
1019
1027
1035
1043
1051
1059
1067
1075
868
876
884
892
900
908
916
924
932
940
948
956
964
972
980
988
996
1004
1012
1020
1028
1036
1044
1052
1060
1068
1076
869
877
885
893
901
909
917
925
933
941
949
957
965
973
981
989
997
1005
1013
1021
1029
1037
1045
1053
1061
1069
1077
870
878
886
894
902
910
918
926
934
942
950
958
966
974
982
990
998
1006
1014
1022
1030
1038
1046
1054
1062
1070
1078
871
879
887
895
903
911
919
927
935
943
951
959
967
975
983
991
999
1007
1015
1023
1031
1039
1047
1055
1063
1071
1079
1080
1088
1096
1104
1112
1120
1128
1136
1144
1152
1160
1168
1176
1184
1192
1200
1208
1216
1224
1232
1240
1248
1256
1264
1272
1280
1288
1081
1089
1097
1105
1113
1121
1129
1137
1145
1153
1161
1169
1177
1185
1193
1201
1209
1217
1225
1233
1241
1249
1257
1265
1273
1281
1289
1082
1090
1098
1106
1114
1122
1130
1138
1146
1154
1162
1170
1178
1186
1194
1202
1210
1218
1226
1234
1242
1250
1258
1266
1274
1282
1290
1083
1091
1099
1107
1115
1123
1131
1139
1147
1155
1163
1171
1179
1187
1195
1203
1211
1219
1227
1235
1243
1251
1259
1267
1275
1283
1291
1084
1092
1100
1108
1116
1124
1132
1140
1148
1156
1164
1172
1180
1188
1196
1204
1212
1220
1228
1236
1244
1252
1260
1268
1276
1284
1292
1085
1093
1101
1109
1117
1125
1133
1141
1149
1157
1165
1173
1181
1189
1197
1205
1213
1221
1229
1237
1245
1253
1261
1269
1277
1285
1293
1086
1094
1102
1110
1118
1126
1134
1142
1150
1158
1166
1174
1182
1190
1198
1206
1214
1222
1230
1238
1246
1254
1262
1270
1278
1286
1294
1087
1095
1103
1111
1119
1127
1135
1143
1151
1159
1167
1175
1183
1191
1199
1207
1215
1223
1231
1239
1247
1255
1263
1271
1279
1287
1295
1296
1324
1352
1380
1408
1436
1464
1492
1520
1548
1576
1604
1632
1660
1688
1716
1744
1772
1800
1828
1856
1884
1912
1940
1968
1996
2024
1297
1325
1353
1381
1409
1437
1465
1493
1521
1549
1577
1605
1633
1661
1689
1717
1745
1773
1801
1829
1857
1885
1913
1941
1969
1997
2025
1298
1326
1354
1382
1410
1438
1466
1494
1522
1550
1578
1606
1634
1662
1690
1718
1746
1774
1802
1830
1858
1886
1914
1942
1970
1998
2026
1299
1327
1355
1383
1411
1439
1467
1495
1523
1551
1579
1607
1635
1663
1691
1719
1747
1775
1803
1831
1859
1887
1915
1943
1971
1999
2027
1300
1328
1356
1384
1412
1440
1468
1496
1524
1552
1580
1608
1636
1664
1692
1720
1748
1776
1804
1832
1860
1888
1916
1944
1972
2000
2028
1301
1329
1357
1385
1413
1441
1469
1497
1525
1553
1581
1609
1637
1665
1693
1721
1749
1777
1805
1833
1861
1889
1917
1945
1973
2001
2029
1302
1330
1358
1386
1414
1442
1470
1498
1526
1554
1582
1610
1638
1666
1694
1722
1750
1778
1806
1834
1862
1890
1918
1946
1974
2002
2030
1303
1331
1359
1387
1415
1443
1471
1499
1527
1555
1583
1611
1639
1667
1695
1723
1751
1779
1807
1835
1863
1891
1919
1947
1975
2003
2031
1304
1332
1360
1388
1416
1444
1472
1500
1528
1556
1584
1612
1640
1668
1696
1724
1752
1780
1808
1836
1864
1892
1920
1948
1976
2004
2032
1305
1333
1361
1389
1417
1445
1473
1501
1529
1557
1585
1613
1641
1669
1697
1725
1753
1781
1809
1837
1865
1893
1921
1949
1977
2005
2033
1306
1334
1362
1390
1418
1446
1474
1502
1530
1558
1586
1614
1642
1670
1698
1726
1754
1782
1810
1838
1866
1894
1922
1950
1978
2006
2034
1307
1335
1363
1391
1419
1447
1475
1503
1531
1559
1587
1615
1643
1671
1699
1727
1755
1783
1811
1839
1867
1895
1923
1951
1979
2007
2035
1308
1336
1364
1392
1420
1448
1476
1504
1532
1560
1588
1616
1644
1672
1700
1728
1756
1784
1812
1840
1868
1896
1924
1952
1980
2008
2036
1309
1337
1365
1393
1421
1449
1477
1505
1533
1561
1589
1617
1645
1673
1701
1729
1757
1785
1813
1841
1869
1897
1925
1953
1981
2009
2037
1310
1338
1366
1394
1422
1450
1478
1506
1534
1562
1590
1618
1646
1674
1702
1730
1758
1786
1814
1842
1870
1898
1926
1954
1982
2010
2038
1311
1339
1367
1395
1423
1451
1479
1507
1535
1563
1591
1619
1647
1675
1703
1731
1759
1787
1815
1843
1871
1899
1927
1955
1983
2011
2039
1312
1340
1368
1396
1424
1452
1480
1508
1536
1564
1592
1620
1648
1676
1704
1732
1760
1788
1816
1844
1872
1900
1928
1956
1984
2012
2040
1313
1341
1369
1397
1425
1453
1481
1509
1537
1565
1593
1621
1649
1677
1705
1733
1761
1789
1817
1845
1873
1901
1929
1957
1985
2013
2041
1314
1342
1370
1398
1426
1454
1482
1510
1538
1566
1594
1622
1650
1678
1706
1734
1762
1790
1818
1846
1874
1902
1930
1958
1986
2014
2042
1315
1343
1371
1399
1427
1455
1483
1511
1539
1567
1595
1623
1651
1679
1707
1735
1763
1791
1819
1847
1875
1903
1931
1959
1987
2015
2043
1316
1344
1372
1400
1428
1456
1484
1512
1540
1568
1596
1624
1652
1680
1708
1736
1764
1792
1820
1848
1876
1904
1932
1960
1988
2016
2044
1317
1345
1373
1401
1429
1457
1485
1513
1541
1569
1597
1625
1653
1681
1709
1737
1765
1793
1821
1849
1877
1905
1933
1961
1989
2017
2045
1318
1346
1374
1402
1430
1458
1486
1514
1542
1570
1598
1626
1654
1682
1710
1738
1766
1794
1822
1850
1878
1906
1934
1962
1990
2018
2046
1319
1347
1375
1403
1431
1459
1487
1515
1543
1571
1599
1627
1655
1683
1711
1739
1767
1795
1823
1851
1879
1907
1935
1963
1991
2019
2047
1320
1348
1376
1404
1432
1460
1488
1516
1544
1572
1600
1628
1656
1684
1712
1740
1768
1796
1824
1852
1880
1908
1936
1964
1992
2020
2048
1321
1349
1377
1405
1433
1461
1489
1517
1545
1573
1601
1629
1657
1685
1713
1741
1769
1797
1825
1853
1881
1909
1937
1965
1993
2021
2049
1322
1350
1378
1406
1434
1462
1490
1518
1546
1574
1602
1630
1658
1686
1714
1742
1770
1798
1826
1854
1882
1910
1938
1966
1994
2022
2050
1323
1351
1379
1407
1435
1463
1491
1519
1547
1575
1603
1631
1659
1687
1715
1743
1771
1799
1827
1855
1883
1911
1939
1967
1995
2023
2051
)


// ************************************************************************* //
