/*--------------------------------*- C++ -*----------------------------------*\
| =========                 |                                                 |
| \\      /  F ield         | OpenFOAM: The Open Source CFD Toolbox           |
|  \\    /   O peration     | Version:  2512                                  |
|   \\  /    A nd           | Website:  www.openfoam.com                      |
|    \\/     M anipulation  |                                                 |
\*---------------------------------------------------------------------------*/
FoamFile
{
    version     2.0;
    format      ascii;
    arch        "LSB;label=32;scalar=64";
    class       volScalarField;
    location    "70";
    object      p;
}
// * * * * * * * * * * * * * * * * * * * * * * * * * * * * * * * * * * * * * //

dimensions      [0 2 -2 0 0 0 0];

internalField   nonuniform List<scalar> 
2052
(
7.9875265
7.40958
7.1183605
6.97471
6.8591924
6.7816601
6.7468029
6.7348718
6.7276776
6.7176193
6.7035145
6.6859906
6.667003
6.6452514
7.7889778
7.3794813
7.1234494
6.9831819
6.8693151
6.7906762
6.7533924
6.7393013
6.7305683
6.7194991
6.7047761
6.6868944
6.667685
6.6456615
7.6697895
7.3835046
7.1403008
6.9983387
6.8902966
6.8117817
6.7691483
6.7491011
6.735965
6.7222002
6.706052
6.6875262
6.6679614
6.6458448
7.5858857
7.3729794
7.1455427
7.0059102
6.9052607
6.8291087
6.7832437
6.7587273
6.7420043
6.7257954
6.7081241
6.6887152
6.6685061
6.6463447
7.5147667
7.3502525
7.1459722
7.0117666
6.9169789
6.8432006
6.795214
6.7672659
6.7476214
6.7292901
6.7101904
6.6898944
6.6690188
6.6467444
7.4545156
7.3262118
7.1461832
7.0174827
6.9267702
6.8552345
6.805807
6.7749657
6.7527515
6.7325382
6.7121508
6.6910367
6.6695277
6.6469733
7.4035673
7.3022665
7.1443785
7.0216717
6.9345433
6.865456
6.8152556
6.7820221
6.7575517
6.7356578
6.7140861
6.6921835
6.6700476
6.6471043
7.3601051
7.2787999
7.1406125
7.024704
6.9409881
6.8743063
6.823778
6.7885744
6.7621099
6.7386896
6.716007
6.6933318
6.6705779
6.6472116
7.3227139
7.2564171
7.1355528
7.0268834
6.9463742
6.8819068
6.8313789
6.7945983
6.7663917
6.7415955
6.7178855
6.6944693
6.6711206
6.6473286
7.2903335
7.2354662
7.1295995
7.0282375
6.9508064
6.8883876
6.838123
6.800119
6.7704024
6.7443688
6.7197131
6.6955922
6.6716751
6.6474629
7.262142
7.2160868
7.1230673
7.0288523
6.9544415
6.8939239
6.8440993
6.8051658
6.7741457
6.7469996
6.7214758
6.6966898
6.6722341
6.6476141
7.2374923
7.1983141
7.1162344
7.0288452
6.9574073
6.8986508
6.8493741
6.809756
6.7776213
6.7494795
6.7231625
6.6977544
6.6727922
6.6477822
7.2158716
7.1821237
7.1093258
7.0283278
6.9598002
6.9026792
6.8540126
6.8139128
6.7808345
6.751805
6.7247657
6.6987799
6.6733441
6.6479648
7.1968699
7.1674566
7.1025157
7.0274071
6.9617033
6.9061071
6.8580792
6.8176606
6.7837909
6.7539729
6.7262786
6.6997596
6.6738839
6.6481581
7.1801567
7.1542366
7.095937
7.0261844
6.9631905
6.9090185
6.8616327
6.8210228
6.7864958
6.7559816
6.7276958
6.7006882
6.6744063
6.6483584
7.1654635
7.1423812
7.0896892
7.0247526
6.9643271
6.9114843
6.8647265
6.8240229
6.7889557
6.7578304
6.7290131
6.7015606
6.6749064
6.6485614
7.1525708
7.1318084
7.0838449
7.0231946
6.9651721
6.9135654
6.8674087
6.826684
6.7911776
6.7595194
6.730227
6.7023725
6.6753797
6.6487633
7.1412985
7.1224404
7.078456
7.0215832
6.9657781
6.9153136
6.8697225
6.8290279
6.7931683
6.7610491
6.7313352
6.7031202
6.6758222
6.6489602
7.131498
7.1142058
7.0735588
7.0199811
6.9661926
6.9167736
6.8717056
6.8310756
6.7949351
6.7624204
6.7323357
6.7038006
6.6762304
6.6491482
7.1230471
7.1070408
7.0691777
7.0184414
6.9664578
6.9179833
6.8733911
6.8328459
6.7964849
6.7636345
6.7332271
6.7044112
6.6766011
6.649324
7.1158451
7.1008894
7.0653287
7.0170087
6.9666108
6.9189754
6.8748074
6.8343563
6.7978244
6.7646928
6.7340084
6.7049496
6.6769313
6.6494844
7.1098095
7.0957033
7.0620216
7.0157194
6.9666836
6.9197773
6.8759787
6.8356222
6.7989599
6.7655968
6.734679
6.7054142
6.6772186
6.6496268
7.1048738
7.0914421
7.0592621
7.0146033
6.9667034
6.9204117
6.876925
6.8366564
6.7998969
6.7663476
6.7352383
6.7058035
6.6774612
6.6497489
7.100985
7.0880725
7.0570527
7.0136841
6.9666935
6.9208982
6.8776632
6.8374706
6.8006403
6.7669466
6.7356859
6.706116
6.677657
6.6498488
7.0981027
7.0855691
7.0553927
7.0129773
6.9666699
6.9212502
6.8782058
6.8380736
6.8011947
6.7673953
6.7360222
6.7063514
6.6778052
6.6499252
7.0961967
7.0839203
7.0542889
7.0124996
6.9666477
6.9214788
6.8785611
6.8384702
6.8015613
6.7676931
6.7362458
6.7065083
6.6779043
6.6499766
7.0952263
7.0830977
7.0537355
7.0122592
6.9666381
6.9215958
6.8787406
6.8386696
6.8017453
6.7678426
6.7363578
6.7065867
6.6779537
6.6500022
6.6316543
6.6014836
6.5691498
6.5388932
6.5094437
6.480578
6.452731
6.4260681
6.400617
6.3765034
6.3540189
6.3335562
6.3158988
6.3014288
6.293132
6.2869179
6.3033185
6.2915942
6.631892
6.6016167
6.5692955
6.5390808
6.5096747
6.4808179
6.4529575
6.4262741
6.4007971
6.3766509
6.3541271
6.3336171
6.3159038
6.3013594
6.2929988
6.2865567
6.3032329
6.2895986
6.6308485
6.6010171
6.5691088
6.5391192
6.5098644
6.4810593
6.4531712
6.4264181
6.4008388
6.376553
6.3538417
6.3330829
6.3150248
6.3000367
6.2909634
6.2837098
6.2988152
6.2813924
6.6290495
6.6002027
6.5688775
6.5390622
6.5099495
6.4812113
6.4532802
6.4264017
6.4006241
6.376052
6.3529382
6.3316221
6.3127745
6.296718
6.2859384
6.2767228
6.2869317
6.2651786
6.6271721
6.5993946
6.5686853
6.539002
6.5100198
6.4813592
6.4533746
6.4263281
6.4002769
6.3753016
6.35161
6.3294775
6.3094611
6.2917742
6.2784398
6.2660616
6.2687136
6.2426665
6.6256685
6.5986487
6.5685075
6.5389457
6.5100657
6.4814688
6.4534215
6.4261896
6.3998343
6.3744045
6.3500504
6.3269673
6.3055732
6.2859346
6.2695485
6.2532586
6.2470444
6.2162992
6.6245709
6.5979528
6.5683174
6.5388878
6.5100813
6.4815293
6.4534173
6.4259997
6.3993359
6.3734404
6.3484011
6.3243278
6.3014893
6.2797951
6.2601964
6.2397395
6.2245675
6.1884063
6.6237795
6.5973166
6.5681162
6.5388274
6.5100705
6.4815456
6.4533679
6.4257669
6.3987953
6.3724345
6.3467104
6.321648
6.2973665
6.2736216
6.2508406
6.226235
6.2027181
6.1605687
6.623203
6.596755
6.5679105
6.5387625
6.510039
6.4815256
6.4532798
6.4254965
6.3982177
6.3713936
6.3449907
6.3189514
6.2932491
6.2674909
6.241628
6.2129849
6.1819614
6.1335972
6.6227812
6.5962728
6.5677059
6.5386922
6.5099925
6.4814773
6.4531599
6.4251949
6.3976097
6.3703258
6.343253
6.316253
6.289159
6.2614337
6.232609
6.2000699
6.1623603
6.1078724
6.6224753
6.5958665
6.567507
6.5386168
6.5099354
6.481407
6.4530136
6.4248677
6.3969788
6.3692418
6.3415123
6.3135727
6.2851223
6.2554838
6.2238283
6.1875581
6.143898
6.0835901
6.6222583
6.5955287
6.5673181
6.5385377
6.5098708
6.4813196
6.4528455
6.4245204
6.3963337
6.3681543
6.3397856
6.3109325
6.2811675
6.2496798
6.2153348
6.1755234
6.1265647
6.060858
6.6221098
6.5952508
6.5671427
6.5384565
6.5098007
6.4812186
6.4526599
6.4241591
6.3956835
6.367076
6.3380892
6.3083529
6.2773217
6.2440592
6.2071764
6.1640358
6.1103591
6.0397287
6.6220138
6.5950248
6.5669829
6.5383749
6.5097263
6.4811073
6.4524617
6.4237907
6.3950377
6.3660187
6.3364377
6.3058524
6.2736097
6.2386578
6.1993976
6.1531556
6.0952811
6.0202163
6.6219585
6.5948433
6.5668396
6.5382938
6.5096487
6.480989
6.4522561
6.4234222
6.3944049
6.3649929
6.3348437
6.3034481
6.2700556
6.2335096
6.1920391
6.1429329
6.0813285
6.0023084
6.6219344
6.5946992
6.5667126
6.5382142
6.5095693
6.4808671
6.4520485
6.4230598
6.3937925
6.3640074
6.333319
6.3011567
6.2666829
6.2286469
6.1851373
6.133408
6.0684962
5.9859751
6.6219338
6.5945861
6.5666011
6.5381371
6.5094897
6.4807452
6.4518438
6.4227091
6.3932066
6.3630704
6.331875
6.2989947
6.2635144
6.2240992
6.178724
6.1246118
6.0567764
5.9711773
6.6219501
6.5944982
6.566504
6.5380639
6.509412
6.4806263
6.4516459
6.4223745
6.392653
6.3621897
6.3305234
6.2969783
6.2605713
6.2198927
6.1728253
6.1165674
6.0461594
5.9578729
6.6219778
6.5944308
6.5664205
6.5379958
6.5093378
6.4805129
6.4514581
6.4220601
6.3921369
6.3613731
6.3292752
6.2951227
6.2578726
6.2160497
6.1674628
6.1092922
6.0366354
5.9460212
6.6220125
6.5943799
6.5663494
6.5379336
6.5092684
6.4804069
6.4512833
6.4217698
6.3916639
6.3606282
6.3281406
6.2934411
6.2554345
6.2125888
6.1626546
6.1027997
6.0281952
5.9355846
6.6220502
6.594342
6.5662898
6.5378781
6.5092051
6.4803102
6.4511242
6.4215073
6.3912388
6.3599618
6.3271286
6.291945
6.2532709
6.2095264
6.158416
6.0971005
6.0208307
5.9265295
6.622088
6.5943144
6.5662408
6.5378298
6.5091489
6.4802242
6.4509832
6.4212759
6.3908662
6.3593798
6.3262469
6.2906442
6.2513939
6.2068762
6.1547601
6.0922031
6.0145344
5.9188258
6.6221232
6.5942948
6.5662014
6.537789
6.5091005
6.4801504
6.4508625
6.4210787
6.3905499
6.358887
6.3255021
6.2895471
6.249814
6.2046501
6.1516979
6.0881141
6.0092992
5.9124474
6.6221537
6.5942813
6.5661708
6.5377561
6.5090609
6.48009
6.4507638
6.4209179
6.390293
6.3584878
6.3248995
6.288661
6.2485397
6.2028578
6.1492381
6.0848384
6.0051191
5.9073725
6.6221781
6.5942724
6.5661484
6.5377312
6.5090307
6.4800438
6.4506885
6.4207957
6.390098
6.3581853
6.3244437
6.2879912
6.2475777
6.2015067
6.1473869
6.0823785
6.0019874
5.9035812
6.622195
6.5942671
6.5661338
6.5377145
6.5090103
6.4800127
6.4506378
6.4207134
6.3899671
6.3579826
6.3241384
6.2875432
6.2469348
6.2006047
6.1461527
6.0807411
5.999906
5.9010706
6.6222033
6.5942643
6.5661264
6.537706
6.5089998
6.4799967
6.4506119
6.4206715
6.3899005
6.3578794
6.3239832
6.2873156
6.2466085
6.2001475
6.1455275
6.079914
5.9988528
5.8998165
6.3826249
6.3723066
6.3468328
6.320488
6.2877328
6.2452572
6.1940777
6.1382409
6.3935177
6.3605003
6.327085
6.3034401
6.2720427
6.2285121
6.1763962
6.1216072
6.3909375
6.3327276
6.2892242
6.2695122
6.2417388
6.1990497
6.1479275
6.0952165
6.3603683
6.2960931
6.2477042
6.2272939
6.2004328
6.1584547
6.1084845
6.0569859
6.3056315
6.2512657
6.2041774
6.1793807
6.1509807
6.1101996
6.0622509
6.0121022
6.2419221
6.2020203
6.1602883
6.1313119
6.1007307
6.061293
6.0156145
5.9669312
6.1826622
6.1530187
6.116956
6.0856999
6.0533876
6.0150381
5.9714373
5.9244385
6.1328473
6.1074077
6.0753568
6.0436626
6.0105249
5.9730225
5.9311609
5.8858868
6.0916762
6.0665487
6.0366449
6.0054198
5.9721259
5.9352597
5.8947449
5.8510253
6.0567738
6.0304816
6.0014019
5.9707772
5.9376549
5.901306
5.86183
5.8194258
6.0262456
5.9986215
5.9696615
5.9394567
5.9066048
5.8707074
5.8320461
5.7907206
5.9989965
5.9702969
5.9411754
5.9111865
5.8785888
5.8430878
5.8050807
5.7646394
5.9744515
5.9449671
5.9156156
5.8857035
5.8533045
5.8181444
5.7806764
5.7409712
5.952281
5.9222383
5.8926699
5.8627579
5.8305022
5.7956316
5.758619
5.7195397
5.9322614
5.9018219
5.8720725
5.8421256
5.8099732
5.7753503
5.7387317
5.7001942
5.9142221
5.8835003
5.8536087
5.823617
5.7915448
5.757139
5.7208672
5.682804
5.8980283
5.867107
5.8371092
5.8070773
5.7750747
5.7408632
5.7048992
5.6672521
5.8835734
5.8525136
5.8224418
5.7923807
5.7604435
5.7264071
5.6907151
5.6534313
5.8707729
5.83962
5.8095006
5.779422
5.7475471
5.713667
5.678213
5.6412441
5.8595578
5.828345
5.7981979
5.7681112
5.7362943
5.7025514
5.6673029
5.6306049
5.8498695
5.81862
5.7884584
5.7583697
5.726605
5.6929804
5.6579073
5.6214402
5.8416575
5.8103866
5.7802193
5.7501325
5.7184135
5.6848892
5.6499637
5.6136908
5.8348772
5.8035935
5.7734252
5.7433424
5.7116627
5.6782218
5.6434184
5.6073055
5.8294968
5.7982069
5.7680407
5.7379623
5.7063137
5.6729386
5.6382318
5.6022457
5.8254711
5.7941832
5.7640256
5.7339535
5.7023294
5.6690045
5.6343702
5.5984787
5.8227939
5.7915151
5.7613636
5.7312917
5.6996826
5.6663919
5.6318066
5.5959788
5.8214516
5.7902061
5.7600577
5.7299758
5.6983665
5.6650893
5.6305248
5.5947188
5.9973855
5.7903845
5.5656282
5.3182279
5.0525886
4.7724964
4.4547417
4.1437626
5.9824982
5.7748786
5.5502294
5.3030624
5.0378157
4.7580983
4.4424223
4.1347596
5.9595954
5.7554845
5.5336535
5.2892564
5.0269486
4.7504605
4.4414272
4.1423896
5.9281306
5.7297908
5.5120977
5.2721658
5.0147581
4.7436842
4.4446048
4.155786
5.8917969
5.7005017
5.4881563
5.2542239
5.0033836
4.73945
4.4522502
4.1737935
5.8544664
5.6703596
5.4639153
5.2366073
4.9930429
4.7370094
4.4621482
4.193879
5.8184053
5.641098
5.4406806
5.2200622
4.9839142
4.7359964
4.4731011
4.2152466
5.7847238
5.6135915
5.4190379
5.2048626
4.9759299
4.7359878
4.4842608
4.2368437
5.7536157
5.5880069
5.3990333
5.1909704
4.9689293
4.7366697
4.4951919
4.2578406
5.7250222
5.5643274
5.3806035
5.1783137
4.9627968
4.7378427
4.5056848
4.2776956
5.6988072
5.5424734
5.3636522
5.166801
4.9574238
4.739348
4.5156172
4.2961257
5.674834
5.5223718
5.3481037
5.1563578
4.9527252
4.7410668
4.5249215
4.3130289
5.6529748
5.5039551
5.3338921
5.1469134
4.9486227
4.7429003
4.5335556
4.3283974
5.6331114
5.4871566
5.3209554
5.1384001
4.9450446
4.7447696
4.5414987
4.3422744
5.6151343
5.4719085
5.309232
5.1307521
4.9419251
4.7466114
4.5487455
4.3547287
5.5989412
5.4581409
5.2986599
5.123906
4.939205
4.7483778
4.555304
4.3658427
5.5844354
5.4457834
5.2891784
5.1178034
4.9368339
4.7500351
4.5611924
4.3757038
5.5715261
5.4347673
5.2807305
5.1123931
4.9347709
4.7515618
4.5664361
4.3843981
5.56013
5.4250289
5.273265
5.1076315
4.9329841
4.7529456
4.5710632
4.3920056
5.5501735
5.4165114
5.2667373
5.1034826
4.9314489
4.7541804
4.5751019
4.3985979
5.541593
5.4091653
5.2611089
5.099916
4.9301451
4.7552627
4.5785781
4.4042368
5.534335
5.4029482
5.2563469
5.096906
4.9290563
4.7561908
4.5815145
4.4089754
5.5283542
5.3978235
5.2524225
5.0944303
4.9281682
4.7569634
4.5839306
4.412858
5.5236143
5.3937609
5.2493118
5.0924713
4.9274707
4.7575811
4.5858437
4.4159219
5.5200866
5.3907352
5.2469932
5.0910126
4.9269535
4.7580428
4.5872664
4.4181958
5.5177519
5.3887346
5.2454571
5.090047
4.9266131
4.7583497
4.5882073
4.4196977
5.5165785
5.3877374
5.2446897
5.0895661
4.9264482
4.7585099
4.5886846
4.4204575
3.5095547
3.5331458
3.5377401
3.4490479
3.3553108
3.2645497
3.1621711
3.0477716
2.9263641
2.800578
2.6712187
2.5387697
2.4036358
2.2660517
2.126115
1.9838526
1.8392524
1.6922785
1.5428833
1.3910272
1.2366431
1.079736
0.92006615
0.75807185
0.59226607
0.42646001
0.25088992
0.090307392
3.5345687
3.5399105
3.5424884
3.4519196
3.3558541
3.2641449
3.161456
3.0468296
2.9252837
2.7994482
2.6700716
2.5376089
2.4024612
2.2648608
2.1249022
1.9826139
1.837989
1.6909966
1.5415889
1.3897211
1.2353204
1.0783923
0.91869962
0.75669091
0.59085451
0.42506775
0.24928967
0.089439311
3.6003531
3.5648179
3.5550222
3.4595675
3.3586529
3.264668
3.1613017
3.0463461
2.9246075
2.7987006
2.6692983
2.536815
2.4016478
2.2640256
2.1240357
1.9817065
1.8370416
1.6900229
1.5406058
1.3887361
1.2343277
1.0773808
0.91766486
0.75564119
0.58977242
0.42402399
0.24784034
0.089775157
3.6777355
3.5956262
3.5692464
3.470481
3.364574
3.2671406
3.1623453
3.046653
2.9244419
2.7982872
2.6687693
2.5362246
2.4010213
2.2633709
2.1233438
1.9809629
1.8362435
1.6891865
1.5397572
1.3878921
1.2334858
1.0765264
0.9167896
0.75474741
0.58884538
0.42312998
0.2464032
0.090985946
3.7544641
3.6302281
3.5852622
3.483792
3.3728174
3.270971
3.1641471
3.047486
2.9246618
2.7981608
2.6684737
2.5358403
2.4005844
2.2628948
2.1228212
1.9803771
1.8355885
1.6884785
1.5390268
1.3871644
1.2327657
1.0758013
0.91604815
0.75398694
0.58804105
0.42236208
0.24497674
0.092710038
3.8248898
3.6672525
3.6026973
3.4980348
3.3822529
3.2756507
3.1664785
3.0487302
2.9252093
2.7982814
2.6683715
2.5356192
2.4002926
2.2625533
2.1224278
1.9799174
1.8350551
1.6878845
1.5384022
1.3865384
1.2321511
1.0751922
0.91543219
0.75335617
0.58735347
0.42171727
0.2435954
0.094643125
3.8862344
3.7042764
3.6204952
3.512071
3.3921189
3.2808689
3.1691673
3.0502391
2.9259678
2.7985589
2.6683895
2.5354996
2.4000918
2.2622963
2.1221173
1.9795435
1.8346111
1.687379
1.5378598
1.3859886
1.231614
1.0746705
0.91491448
0.75282879
0.58675517
0.4211624
0.24228736
0.096520105
3.9380278
3.7397033
3.6382014
3.5254991
3.4019858
3.2863717
3.172048
3.0518827
2.9268478
2.7989363
2.6684871
2.5354476
2.3999494
2.2620909
2.1218575
1.9792263
1.8342322
1.6869423
1.5373822
1.3854967
1.2311331
1.0742122
0.91446846
0.75237525
0.58621612
0.42066016
0.2410772
0.098163961
3.981452
3.7728556
3.6556428
3.5381949
3.4115664
3.2919584
3.1750105
3.0535841
2.927796
2.7993777
2.6686362
2.5354372
2.3998406
2.2619132
2.1216264
1.9789467
1.8339024
1.6865611
1.5369575
1.3850506
1.2306938
1.0737977
0.91406888
0.75196524
0.58570741
0.42017772
0.23997834
0.09949351
4.0180952
3.8034494
3.6726631
3.5501531
3.420722
3.2975209
3.1780075
3.0553087
2.928783
2.7998623
2.6688205
2.5354542
2.3997523
2.2617522
2.1214147
1.978696
1.8336129
1.6862265
1.5365779
1.3846425
1.2302859
1.0734108
0.91369312
0.75157206
0.58520726
0.41969536
0.23899765
0.10050635
4.0493368
3.831397
3.6891206
3.5614266
3.429402
3.3029932
3.18101
3.057036
2.9297906
2.8003779
2.6690317
2.5354912
2.3996789
2.2616041
2.1212194
1.9784701
1.8333572
1.685931
1.5362364
1.3842663
1.229901
1.0730382
0.91332302
0.75117679
0.58470519
0.41920978
0.23813979
0.10124779
4.0762257
3.8567358
3.7048872
3.572063
3.4375832
3.30832
3.183993
3.0587534
2.9308077
2.8009174
2.6692649
2.5355446
2.3996187
2.2614689
2.1210402
1.978266
1.8331292
1.6856671
1.5359265
1.3839167
1.2295328
1.0726704
0.91294738
0.75077139
0.58420318
0.41873139
0.23740751
0.10178022
4.0995304
3.879575
3.7198477
3.5820873
3.4452548
3.3134557
3.186934
3.0604513
2.9318251
2.8014732
2.6695152
2.5356114
2.3995706
2.2613469
2.1208759
1.9780793
1.832922
1.6854275
1.5356424
1.3835893
1.2291773
1.0723028
0.91256354
0.75035855
0.58371232
0.41827665
0.23679844
0.10216073
4.1198231
3.9000638
3.7339096
3.5915093
3.4524156
3.3183636
3.1898102
3.0621191
2.9328327
2.8020367
2.6697772
2.5356887
2.3995333
2.2612363
2.1207234
1.977905
1.8327294
1.6852064
1.5353799
1.3832817
1.2288336
1.0719368
0.91217643
0.74994815
0.58324646
0.41785941
0.23630194
0.10243063
4.1375409
3.9183675
3.7470066
3.6003293
3.4590694
3.3230137
3.1925978
3.0637441
2.9338191
2.8025984
2.6700445
2.5357723
2.3995036
2.2611341
2.120579
1.9777388
1.8325473
1.6850006
1.5351369
1.3829936
1.228504
1.0715779
0.91179528
0.74955181
0.582816
0.4174856
0.2358995
0.10261583
4.1530263
3.9346526
3.7590964
3.6085409
3.4652206
3.3273804
3.1952716
3.0653115
2.9347723
2.8031479
2.6703099
2.5358576
2.3994776
2.2610371
2.12044
1.9775789
1.8323745
1.684809
1.5349128
1.3827258
1.2281921
1.0712332
0.91142942
0.74917832
0.58242495
0.41715308
0.23556879
0.10273293
4.1665518
3.9490771
3.7701555
3.6161328
3.4708721
3.3314413
3.1978065
3.0668054
2.93568
2.803675
2.6705667
2.5359399
2.3994525
2.2609436
2.1203061
1.9774259
1.8322118
1.6846321
1.5347079
1.3824796
1.2279015
1.0709087
0.91108544
0.74883205
0.58207193
0.41685541
0.23528934
0.10279541
4.1783359
3.9617838
3.7801731
3.6230902
3.4760237
3.3351769
3.2001778
3.0682096
2.9365307
2.8041708
2.6708087
2.5360162
2.3994269
2.2608538
2.1201789
1.9772818
1.8320607
1.6844704
1.5345218
1.382255
1.2276338
1.0706077
0.91076662
0.74851393
0.58175323
0.41658629
0.23504616
0.10281647
4.1885542
3.9728985
3.7891475
3.6293968
3.4806731
3.3385705
3.2023633
3.0695094
2.9373147
2.804628
2.671032
2.5360848
2.3994009
2.2607691
2.1200602
1.9771485
1.8319224
1.6843237
1.5343536
1.3820512
1.2273892
1.0703312
0.91047381
0.74822339
0.58146549
0.41634187
0.23483015
0.10280884
4.1973473
3.9825291
3.7970828
3.6350368
3.4848167
3.3416089
3.2043442
3.0706918
2.9380245
2.8050416
2.6712336
2.5361451
2.3993751
2.2606906
2.1199516
1.9770272
1.831797
1.6841912
1.5342017
1.3818667
1.2271669
1.070079
0.91020693
0.74795976
0.58120655
0.41612066
0.23463625
0.10278366
4.2048287
3.9907671
3.8039869
3.6399958
3.4884509
3.3442822
3.2061051
3.0717466
2.9386546
2.805408
2.6714117
2.5361968
2.3993501
2.2606191
2.1198535
1.9769178
1.8316839
1.6840717
1.5340646
1.3817001
1.2269657
1.0698506
0.90996564
0.7477225
0.58097496
0.41592225
0.23446115
0.10274992
4.2110895
3.99769
3.809871
3.6442625
3.4915721
3.3465833
3.2076337
3.072665
2.9392004
2.8057242
2.6715646
2.5362393
2.3993256
2.2605544
2.1197655
1.9768197
1.8315822
1.683964
1.5339412
1.3815505
1.2267852
1.0696461
0.90974988
0.74751121
0.58076952
0.41574636
0.23430203
0.10271517
4.2162031
4.0033622
3.8147473
3.6478277
3.4941772
3.3485068
3.2089207
3.0734402
2.9396587
2.8059882
2.6716907
2.5362715
2.399301
2.2604957
2.119687
1.9767321
1.8314908
1.6838671
1.5338304
1.3814169
1.226625
1.069465
0.90955914
0.74732486
0.5805882
0.41559165
0.23415502
0.10268521
4.2202278
4.0078366
3.8186283
3.6506841
3.4962623
3.3500474
3.2099568
3.0740651
2.9400258
2.8061975
2.6717884
2.5362927
2.3992758
2.2604429
2.1196178
1.976655
1.83141
1.683781
1.5337325
1.3813002
1.2264862
1.069309
0.90939472
0.74716429
0.58043079
0.41545866
0.23401799
0.10266774
4.2232083
4.0111557
3.8215283
3.6528303
3.4978275
3.3512036
3.2107369
3.0745349
2.9402988
2.8063501
2.6718556
2.536301
2.399248
2.2603935
2.1195554
1.9765857
1.8313367
1.6837027
1.5336442
1.3811968
1.2263653
1.0691741
0.90925254
0.74702446
0.58029128
0.41534092
0.23388149
0.10266377
4.2251717
4.0133413
3.823448
3.6542562
3.4988657
3.3519698
3.2112548
3.0748464
2.9404778
2.8064477
2.6718956
2.5363009
2.3992231
2.2603538
2.1195066
1.9765318
1.8312796
1.6836414
1.5335756
1.3811174
1.2262737
1.0690729
0.90914575
0.74691905
0.58018404
0.41525395
0.23375401
0.10270379
4.2261621
4.0144339
3.8244067
3.6549657
3.4993763
3.3523404
3.2114992
3.0749858
2.9405485
2.8064752
2.6718918
2.5362744
2.3991816
2.2603021
2.1194477
1.9764674
1.8312107
1.683567
1.5334942
1.381027
1.2261737
1.0689648
0.90903064
0.74680325
0.58005638
0.41515852
0.23355693
0.10275209
)
;

boundaryField
{
    inlet
    {
        type            zeroGradient;
    }
    outlet
    {
        type            fixedValue;
        value           uniform 0;
    }
    hydrofoilFlap
    {
        type            zeroGradient;
    }
    farfield
    {
        type            zeroGradient;
    }
    frontAndBack
    {
        type            empty;
    }
}


// ************************************************************************* //
