/*--------------------------------*- C++ -*----------------------------------*\
| =========                 |                                                 |
| \\      /  F ield         | OpenFOAM: The Open Source CFD Toolbox           |
|  \\    /   O peration     | Version:  2512                                  |
|   \\  /    A nd           | Website:  www.openfoam.com                      |
|    \\/     M anipulation  |                                                 |
\*---------------------------------------------------------------------------*/
FoamFile
{
    version     2.0;
    format      ascii;
    arch        "LSB;label=32;scalar=64";
    class       surfaceScalarField;
    location    "70";
    object      phi;
}
// * * * * * * * * * * * * * * * * * * * * * * * * * * * * * * * * * * * * * //

dimensions      [0 3 -1 0 0 0 0];

oriented        oriented;

internalField   nonuniform List<scalar> 
4001
(
0.00084355225
0.00016385516
0.00067079532
0.00017275693
0.00052869346
0.00014210186
0.00042173102
0.00010696245
0.00034882726
7.2903755e-05
0.00030347327
4.5353994e-05
0.00027681005
2.6663215e-05
0.00026116968
1.5640376e-05
0.00025125627
9.9134047e-06
0.00024390905
7.3472215e-06
0.00023749531
6.4137346e-06
0.00023131339
6.1819267e-06
0.00022510971
6.203677e-06
6.4971907e-06
0.00021861252
0.0010670694
0.0001041932
0.0010693752
0.00017045114
0.0010343255
0.00017715149
0.00097860861
0.00016267936
0.00091788203
0.00013363034
0.0008620565
0.00010117952
0.00081453955
7.4180171e-05
0.00077508094
5.5098987e-05
0.00074218995
4.280439e-05
0.0007142639
3.527327e-05
0.00068994927
3.0728365e-05
0.00066830783
2.7823367e-05
0.00064840696
2.610455e-05
2.4426974e-05
0.00063047717
0.0010366133
7.4987269e-05
0.0010679848
0.00013907965
0.0010922541
0.00015288221
0.001103133
0.00015180045
0.0010997507
0.00013701267
0.0010863968
0.00011453337
0.0010678135
9.2763539e-05
0.0010472016
7.5710871e-05
0.0010262894
6.3716596e-05
0.0010058406
5.5722036e-05
0.0009860812
5.0487778e-05
0.00096702989
4.6874673e-05
0.00094850324
4.4631204e-05
4.2082909e-05
0.0009308473
0.0010220179
6.0376809e-05
0.0010407558
0.00012034169
0.0010601244
0.00013351363
0.001078896
0.00013302888
0.0010931302
0.00012277843
0.0011015134
0.00010615016
0.0011048454
8.9431614e-05
0.0011044712
7.608498e-05
0.0011015931
6.6594743e-05
0.0010970633
6.0251793e-05
0.0010913864
5.6164766e-05
0.001084833
5.3428051e-05
0.0010775553
5.1908876e-05
5.0080142e-05
0.0010695581
0.0010182067
4.9577533e-05
0.001032303
0.00010624534
0.0010448236
0.00012099302
0.0010570651
0.00012078739
0.0010677935
0.00011205005
0.0010762764
9.7667273e-05
0.0010827206
8.2987377e-05
0.001087555
7.1250621e-05
0.0010911848
6.2964943e-05
0.0010939221
5.751447e-05
0.0010959487
5.4138146e-05
0.0010973227
5.2054062e-05
0.001098126
5.110558e-05
5.0166898e-05
0.0010980392
0.001015841
4.11439e-05
0.0010283605
9.3725923e-05
0.0010391856
0.00011016784
0.0010488659
0.00011110709
0.001056825
0.00010409095
0.0010628268
9.1665518e-05
0.0010674108
7.8403355e-05
0.0010711601
6.7501332e-05
0.0010744695
5.9655512e-05
0.0010775771
5.4406904e-05
0.0010805952
5.112005e-05
0.0010835179
4.9131338e-05
0.0010863823
4.824122e-05
4.7677802e-05
0.0010888714
0.0010139958
3.4555534e-05
0.0010250843
8.2637386e-05
0.0010351402
0.00010011193
0.0010440628
0.00010218453
0.0010513704
9.6783308e-05
0.001056731
8.6304957e-05
0.0010605979
7.4536392e-05
0.0010635833
6.4515935e-05
0.0010661316
5.710723e-05
0.0010685237
5.2014857e-05
0.0010709165
4.8727216e-05
0.0010733505
4.6697288e-05
0.0010758815
4.5710261e-05
4.5221308e-05
0.001078338
0.0010126278
2.9335138e-05
0.0010223543
7.2910898e-05
0.001031624
9.0842227e-05
0.0010399293
9.387926e-05
0.001046917
8.9795628e-05
0.0010522014
8.1020482e-05
0.0010560607
7.0677123e-05
0.0010590106
6.1566001e-05
0.0010614561
5.4661761e-05
0.0010636644
4.9806545e-05
0.0010658001
4.6591483e-05
0.0010679296
4.4567853e-05
0.0010701171
4.3522765e-05
4.3049145e-05
0.0010722892
0.0010116118
2.513075e-05
0.0010201261
6.4396555e-05
0.0010286451
8.2323277e-05
0.0010363598
8.6164516e-05
0.0010429953
8.3160199e-05
0.0010481867
7.5829066e-05
0.0010520906
6.6773227e-05
0.0010551312
5.852536e-05
0.0010576647
5.2128248e-05
0.0010599295
4.7541806e-05
0.001062078
4.4442898e-05
0.001064182
4.246387e-05
0.001066303
4.1401753e-05
4.094052e-05
0.0010684117
0.0010108462
2.1691925e-05
0.0010183054
5.6937391e-05
0.0010261354
7.4493314e-05
0.0010333251
7.8974769e-05
0.0010396167
7.6868654e-05
0.0010446824
7.076327e-05
0.0010485939
6.2861723e-05
0.001051698
5.5421353e-05
0.0010543107
4.9515517e-05
0.0010566473
4.5205147e-05
0.0010588494
4.2240873e-05
0.0010609906
4.032268e-05
0.0010631301
3.9262236e-05
3.8808018e-05
0.0010652626
0.0010102625
1.8836875e-05
0.0010168133
5.0386521e-05
0.0010240118
6.7294872e-05
0.0010307361
7.2250413e-05
0.0010367116
7.0893153e-05
0.0010416469
6.5827975e-05
0.0010455511
5.8957521e-05
0.0010487008
5.227164e-05
0.0010513756
4.6840772e-05
0.0010537711
4.2809606e-05
0.0010560194
3.9992612e-05
0.001058196
3.8146106e-05
0.0010603591
3.7099054e-05
3.6646829e-05
0.0010625203
0.0010098121
1.6432224e-05
0.0010155868
4.4611809e-05
0.001022208
6.0673625e-05
0.0010285158
6.5942659e-05
0.0010342033
6.5205644e-05
0.0010390094
6.1021889e-05
0.0010428989
5.5067942e-05
0.0010460859
4.9084665e-05
0.0010488145
4.4112159e-05
0.0010512627
4.0361432e-05
0.0010535532
3.7702089e-05
0.0010557622
3.5937161e-05
0.0010579473
3.4913935e-05
3.4462633e-05
0.0010601315
0.0010094604
1.4379211e-05
0.0010145751
3.9497117e-05
0.0010206721
5.4576659e-05
0.0010266047
6.0010068e-05
0.0010320304
5.9779917e-05
0.0010367102
5.6342073e-05
0.0010405789
5.1199251e-05
0.001043796
4.5867521e-05
0.0010465723
4.133589e-05
0.001049069
3.7864784e-05
0.0010514
3.5371072e-05
0.0010536406
3.36965e-05
0.001055848
3.2706542e-05
3.2258152e-05
0.0010580525
0.0010091828
1.2603859e-05
0.001013738
3.4941861e-05
0.0010193621
4.895259e-05
0.0010249558
5.4416357e-05
0.0010301442
5.459156e-05
0.0010347023
5.1783928e-05
0.001038545
4.7356596e-05
0.0010417857
4.2626779e-05
0.0010446037
3.8517905e-05
0.0010471445
3.5323938e-05
0.0010495139
3.3001674e-05
0.0010517854
3.1424972e-05
0.0010540154
3.0476626e-05
3.0034833e-05
0.0010562387
0.0010089612
1.1050023e-05
0.0010130434
3.0859735e-05
0.0010182439
4.3752042e-05
0.0010235314
4.9128905e-05
0.0010285051
4.9617877e-05
0.0010329476
4.7341394e-05
0.0010367604
4.3543742e-05
0.0010400189
3.9368288e-05
0.0010428731
3.5663766e-05
0.0010454538
3.2743252e-05
0.0010478589
3.0596489e-05
0.0010501599
2.9123998e-05
0.0010524119
2.8224598e-05
2.7793939e-05
0.0010546528
0.0010087829
9.6744995e-06
0.0010124656
2.7177069e-05
0.0010172896
3.8928076e-05
0.0010223008
4.41177e-05
0.0010270809
4.4837761e-05
0.001031415
4.3007311e-05
0.0010351956
3.9763099e-05
0.0010384668
3.6097098e-05
0.001041352
3.2778558e-05
0.0010439683
3.0126974e-05
0.0010464064
2.8158373e-05
0.001048735
2.679538e-05
0.0010510083
2.5951364e-05
2.553671e-05
0.0010532655
0.0010086383
8.443559e-06
0.0010119843
2.3831075e-05
0.0010164759
3.4436496e-05
0.001021239
3.9354659e-05
0.0010258452
4.0231493e-05
0.0010300788
3.877374e-05
0.0010338261
3.6015816e-05
0.0010371057
3.2817453e-05
0.0010400174
2.9866871e-05
0.0010426652
2.7479162e-05
0.0010451333
2.56903e-05
0.0010474875
2.4441168e-05
0.0010497807
2.365816e-05
2.3264386e-05
0.001052053
0.0010085205
7.3304638e-06
0.0010115834
2.0768172e-05
0.0010157839
3.0235996e-05
0.0010203254
3.4813181e-05
0.0010247764
3.5780531e-05
0.0010289179
3.4632205e-05
0.0010326318
3.2301906e-05
0.0010359164
2.9532812e-05
0.0010388505
2.6932815e-05
0.001041526
2.4803646e-05
0.001044021
2.3195286e-05
0.0010463986
2.2063568e-05
0.0010487103
2.1346452e-05
2.0978219e-05
0.0010509965
0.0010084242
6.3136854e-06
0.0010112499
1.7942467e-05
0.0010151977
2.6288166e-05
0.001019543
3.0467875e-05
0.0010238563
3.1467294e-05
0.0010279146
3.0573879e-05
0.0010315961
2.8620398e-05
0.001034883
2.6245889e-05
0.0010378358
2.3980042e-05
0.0010405354
2.2104017e-05
0.0010430544
2.0676327e-05
0.0010454531
1.9664881e-05
0.0010477817
1.9017862e-05
1.8679488e-05
0.0010500804
0.0010083455
5.3756065e-06
0.0010109735
1.5314407e-05
0.0010147043
2.2557384e-05
0.0010188778
2.6294366e-05
0.0010230701
2.7274976e-05
0.0010270543
2.6589713e-05
0.0010307052
2.4969478e-05
0.0010339924
2.2958712e-05
0.0010369607
2.101178e-05
0.0010396811
1.938363e-05
0.001042221
1.8136366e-05
0.0010446384
1.7247461e-05
0.0010469822
1.6674123e-05
1.63695e-05
0.0010492922
0.0010082814
4.5015674e-06
0.0010107462
1.2849622e-05
0.001014293
1.9010611e-05
0.0010183182
2.2269174e-05
0.0010224058
2.3187386e-05
0.001026325
2.2670529e-05
0.0010299478
2.1346635e-05
0.0010332338
1.9672685e-05
0.0010362148
1.8030864e-05
0.0010389528
1.6645615e-05
0.0010415109
1.5578269e-05
0.0010439446
1.4813681e-05
0.0010463017
1.4317039e-05
1.4049595e-05
0.0010486216
0.0010082298
3.6791556e-06
0.0010105615
1.051792e-05
0.001013955
1.5617131e-05
0.0010178546
1.8369605e-05
0.0010218532
1.9188818e-05
0.0010257166
1.8807081e-05
0.0010293144
1.7748787e-05
0.0010325985
1.6388662e-05
0.0010355896
1.5039779e-05
0.0010383423
1.3892891e-05
0.0010409157
1.3004823e-05
0.0010433635
1.2365918e-05
0.0010457321
1.1948464e-05
1.1721139e-05
0.0010480605
0.0010081889
2.8976672e-06
0.0010104144
8.292439e-06
0.0010136833
1.2348248e-05
0.0010174792
1.4573644e-05
0.0010214041
1.5263939e-05
0.0010252211
1.4990089e-05
0.0010287975
1.4172399e-05
0.0010320791
1.310703e-05
0.0010350782
1.2040706e-05
0.0010378429
1.1128199e-05
0.001040429
1.041873e-05
0.0010428883
9.9065377e-06
0.0010452665
9.5702815e-06
9.3855162e-06
0.0010476021
0.0010081574
2.147672e-06
0.0010103009
6.1489038e-06
0.0010134722
9.1770115e-06
0.0010171859
1.0859878e-05
0.0010210522
1.1397698e-05
0.001024832
1.1210246e-05
0.0010283909
1.0613553e-05
0.0010316701
9.8277657e-06
0.0010346753
9.0355493e-06
0.0010374494
8.3541145e-06
0.0010400455
7.8226108e-06
0.0010425141
7.4378881e-06
0.0010449
7.1843941e-06
7.0441363e-06
0.0010472414
0.0010081344
1.4207094e-06
0.0010102185
4.0648145e-06
0.0010133176
6.0778574e-06
0.0010169701
7.2073837e-06
0.0010207925
7.5752879e-06
0.0010245445
7.4582711e-06
0.00102809
7.0680808e-06
0.0010313672
6.5505307e-06
0.0010343768
6.0259911e-06
0.0010371578
5.5730662e-06
0.0010397614
5.2190058e-06
0.001042237
4.9622851e-06
0.0010446287
4.7927099e-06
4.6984168e-06
0.0010469744
0.0010081186
7.0951169e-07
0.0010101647
2.0187187e-06
0.0010132166
3.0260155e-06
0.0010168286
3.5953043e-06
0.0010206221
3.7818182e-06
0.0010243556
3.7247485e-06
0.0010278921
3.531588e-06
0.0010311678
3.2748141e-06
0.0010341802
3.013663e-06
0.0010369657
2.7875151e-06
0.0010395742
2.6105278e-06
0.0010420543
2.4821424e-06
0.0010444498
2.3972355e-06
2.3498614e-06
0.0010467984
0.0010081169
0.0010101356
0.0010131616
0.001016757
0.0010205388
0.0010242635
0.0010277951
0.0010310699
0.0010340836
0.0010368711
0.0010394816
0.0010419638
0.001044361
0.0010467109
0.00021752586
1.0866565e-06
0.00021479078
2.7350817e-06
0.00021111238
3.678397e-06
0.00020705567
4.0567066e-06
0.00020295538
4.1002907e-06
0.00019894421
4.0111733e-06
0.00019504067
3.9035416e-06
0.00019120997
3.8306968e-06
0.00018738028
3.8296947e-06
0.00018344376
3.9365171e-06
0.00017925531
4.188452e-06
0.00017461623
4.6390742e-06
0.00016927807
5.3381612e-06
0.00016281755
6.4605262e-06
0.00015500505
7.8125007e-06
0.00014405341
1.0951634e-05
0.00013280371
1.1249703e-05
2.447813e-05
0.00010832557
0.00061749086
1.4072966e-05
0.00060514987
1.5076079e-05
0.00059340089
1.5427372e-05
0.00058209015
1.5367446e-05
0.00057117464
1.5015801e-05
0.00056066518
1.4520639e-05
0.00055053726
1.4031453e-05
0.00054071748
1.3650479e-05
0.00053108958
1.3457596e-05
0.00052149058
1.3535519e-05
0.00051169087
1.3988164e-05
0.00050139115
1.4938793e-05
0.00049012012
1.6609186e-05
0.00047740596
1.9174694e-05
0.0004619552
2.3263257e-05
0.00044373055
2.9176281e-05
0.0004174443
3.7535957e-05
5.6166387e-05
0.00038575604
0.00091576535
2.9154916e-05
0.00090121328
2.9628146e-05
0.0008872225
2.9418152e-05
0.00087369726
2.8892693e-05
0.00086058172
2.8131341e-05
0.00084786098
2.7241373e-05
0.00083550617
2.6386263e-05
0.00082345393
2.5702722e-05
0.00081160492
2.5306609e-05
0.00079981661
2.5323829e-05
0.00078788569
2.5919075e-05
0.00077553037
2.7294113e-05
0.00076232793
2.9811626e-05
0.0007477584
3.3744232e-05
0.00073071479
4.0306862e-05
0.0007108112
4.9079869e-05
0.00068296599
6.5381173e-05
8.6790912e-05
0.00065234146
0.00106177
3.6943032e-05
0.0010537203
3.7677795e-05
0.0010455058
3.7632651e-05
0.0010371354
3.7263112e-05
0.0010286077
3.6659049e-05
0.0010199492
3.5899848e-05
0.0010111854
3.5150063e-05
0.0010023179
3.4570197e-05
0.0009933186
3.4305943e-05
0.00098412232
3.4520103e-05
0.0009746136
3.5427796e-05
0.00096460819
3.7299531e-05
0.000953817
4.0602809e-05
0.00094183084
4.5730394e-05
0.00092789096
5.4246741e-05
0.00091144452
6.5526317e-05
0.0008892505
8.7575188e-05
0.00011189851
0.0008641429
0.0010973267
3.7655529e-05
0.0010962167
3.8787805e-05
0.001094705
3.91444e-05
0.0010928002
3.9167872e-05
0.001090483
3.897628e-05
0.0010877575
3.862539e-05
0.0010846446
3.8262934e-05
0.0010811605
3.8054323e-05
0.0010773071
3.815925e-05
0.0010730665
3.8760727e-05
0.0010683898
4.0104535e-05
0.0010631845
4.2504775e-05
0.0010572921
4.649522e-05
0.0010504659
5.255667e-05
0.0010422859
6.2426663e-05
0.0010322554
7.555687e-05
0.0010190841
0.00010074642
0.0001284363
0.0010025464
0.0010908502
3.5676666e-05
0.0010927554
3.6882691e-05
0.0010944681
3.7431688e-05
0.0010959662
3.766972e-05
0.0010972016
3.7740933e-05
0.0010981397
3.768723e-05
0.0010987697
3.7632967e-05
0.0010990872
3.7736792e-05
0.0010990862
3.8160287e-05
0.0010987549
3.9092002e-05
0.00109807
4.0789452e-05
0.0010969893
4.3585425e-05
0.0010954422
4.8042338e-05
0.0010933083
5.4690621e-05
0.0010904462
6.5288694e-05
0.0010864633
7.9539848e-05
0.0010816149
0.00010559483
0.00013621785
0.0010738333
0.0010804169
3.3597728e-05
0.0010826457
3.4653882e-05
0.0010848735
3.5203935e-05
0.0010870726
3.5470626e-05
0.0010891998
3.5613734e-05
0.0010912135
3.5673519e-05
0.0010930917
3.5754769e-05
0.0010948211
3.6007387e-05
0.0010963898
3.6591546e-05
0.0010977861
3.7695712e-05
0.0010989963
3.9579264e-05
0.0011000019
4.2579842e-05
0.0011007823
4.7261892e-05
0.0011012896
5.4183388e-05
0.0011015672
6.5011067e-05
0.0011013203
7.9786786e-05
0.0011016652
0.00010524993
0.00013756594
0.0011003171
0.0010740536
3.183339e-05
0.001076004
3.2703501e-05
0.0010780036
3.3204266e-05
0.0010800277
3.3446524e-05
0.0010820504
3.3591024e-05
0.0010840407
3.3683222e-05
0.0010859821
3.3813404e-05
0.0010878664
3.4123072e-05
0.0010896872
3.4770792e-05
0.0010914388
3.5944081e-05
0.0010931173
3.7900746e-05
0.0010947189
4.0978297e-05
0.0010962514
4.5729363e-05
0.0010977044
5.2730403e-05
0.0010992148
6.3500677e-05
0.0011005874
7.8414187e-05
0.0011031633
0.00010267396
0.00013530533
0.0011054239
0.0010700474
3.019762e-05
0.0010718434
3.090756e-05
0.0010736853
3.1362353e-05
0.0010755454
3.1586384e-05
0.0010774081
3.17284e-05
0.0010792508
3.1840474e-05
0.0010810622
3.2002016e-05
0.0010828395
3.2345726e-05
0.0010845826
3.3027715e-05
0.0010862927
3.423398e-05
0.0010879744
3.6219036e-05
0.0010896346
3.9318088e-05
0.0010912982
4.406582e-05
0.0010929778
5.105076e-05
0.0010948437
6.1634763e-05
0.0010968058
7.6452096e-05
0.0011000763
9.9403504e-05
0.00013132059
0.001104061
0.0010668792
2.8580964e-05
0.0010686304
2.915635e-05
0.0010704239
2.9568931e-05
0.0010722273
2.9782947e-05
0.0010740285
2.9927187e-05
0.0010758097
3.0059248e-05
0.0010775612
3.025054e-05
0.0010792824
3.0624559e-05
0.0010809765
3.1333633e-05
0.0010826493
3.2561142e-05
0.0010843117
3.4556686e-05
0.0010859788
3.7650964e-05
0.001087687
4.2357621e-05
0.0010894686
4.9269104e-05
0.001091502
5.960142e-05
0.0010937961
7.4157985e-05
0.0010973465
9.5853134e-05
0.00012644528
0.0011022218
0.0010641401
2.6961163e-05
0.0010658745
2.7421945e-05
0.0010676514
2.7792047e-05
0.0010694367
2.799768e-05
0.0010712194
2.81445e-05
0.0010729851
2.8293505e-05
0.0010747252
2.8510475e-05
0.0010764399
2.8909799e-05
0.0010781348
2.9638739e-05
0.0010798191
3.0876852e-05
0.0010815086
3.286719e-05
0.0010832261
3.5933436e-05
0.0010850177
4.0566057e-05
0.0010869346
4.7352189e-05
0.0010891579
5.7378091e-05
0.0010917797
7.1536227e-05
0.0010956138
9.2019057e-05
0.00012096218
0.0011010969
0.0010617568
2.5335831e-05
0.0010634791
2.5699693e-05
0.0010652438
2.6027309e-05
0.0010670178
2.6223703e-05
0.0010687908
2.6371508e-05
0.0010705516
2.6532717e-05
0.0010722929
2.6769142e-05
0.0010740162
2.7186482e-05
0.0010757291
2.7925877e-05
0.0010774441
2.9161808e-05
0.001079182
3.1129282e-05
0.001080973
3.4142431e-05
0.0010828724
3.8666742e-05
0.0010849492
4.5275307e-05
0.0010873881
5.4939212e-05
0.0010903447
6.8579636e-05
0.0010945044
8.7859343e-05
0.00011498717
0.0011004794
0.001059685
2.3703313e-05
0.0010613984
2.3986347e-05
0.0010631528
2.4272904e-05
0.0010649176
2.445887e-05
0.0010666832
2.4605912e-05
0.0010684412
2.4774777e-05
0.001070186
2.5024274e-05
0.0010719206
2.5451931e-05
0.0010736546
2.6191884e-05
0.001075404
2.7412325e-05
0.0010771945
2.9338803e-05
0.0010790634
3.227352e-05
0.0010810747
3.665548e-05
0.0010833138
4.3036234e-05
0.0010859691
5.2283886e-05
0.0010892426
6.5306119e-05
0.0010937294
8.3372594e-05
0.0001086041
0.0011001124
0.0010578799
2.2062095e-05
0.0010595877
2.2278542e-05
0.0010613341
2.252654e-05
0.001063092
2.2700982e-05
0.0010648523
2.2845604e-05
0.0010666089
2.3018113e-05
0.0010683585
2.3274707e-05
0.0010701052
2.370526e-05
0.0010718609
2.4436176e-05
0.001073645
2.5628187e-05
0.0010754877
2.7496086e-05
0.0010774333
3.0327969e-05
0.0010795536
3.4535112e-05
0.0010819484
4.0641454e-05
0.00108481
4.9422268e-05
0.0010883726
6.1743558e-05
0.0010931648
7.8580442e-05
0.00010188401
0.0010998848
0.0010563036
2.0411348e-05
0.0010580086
2.0573549e-05
0.001059749
2.0786095e-05
0.0010615019
2.0948091e-05
0.0010632588
2.1088682e-05
0.0010650157
2.1261258e-05
0.001066771
2.1519422e-05
0.0010685304
2.1945816e-05
0.0010703081
2.2658535e-05
0.0010721265
2.3809776e-05
0.0010740202
2.5602348e-05
0.0010760398
2.8308334e-05
0.0010782648
3.23102e-05
0.0010808066
3.8099584e-05
0.0010838615
4.6367366e-05
0.001087685
5.7920094e-05
0.0010927551
7.3510348e-05
9.488401e-05
0.0010997551
0.001054926
1.8750815e-05
0.0010566302
1.886935e-05
0.0010583665
1.9049839e-05
0.0010601159
1.9198686e-05
0.0010618709
1.9333667e-05
0.0010636291
1.9503092e-05
0.0010653908
1.9757724e-05
0.0010671633
2.0173285e-05
0.0010689627
2.0859135e-05
0.0010708145
2.1957928e-05
0.0010727575
2.3659387e-05
0.001074848
2.621787e-05
0.001077172
2.9986159e-05
0.0010798515
3.5420066e-05
0.0010830858
4.3133106e-05
0.0010871438
5.3862109e-05
0.001092464
6.8190056e-05
8.7649058e-05
0.001099699
0.0010537232
1.7080621e-05
0.0010554281
1.7164515e-05
0.0010571615
1.7316393e-05
0.0010589086
1.7451622e-05
0.0010606628
1.7579462e-05
0.001062423
1.7742837e-05
0.0010641915
1.7989252e-05
0.0010659771
1.8387723e-05
0.0010677976
1.9038577e-05
0.0010696816
2.0073982e-05
0.0010716714
2.1669579e-05
0.0010738287
2.4060509e-05
0.0010762457
2.7569189e-05
0.0010790528
3.2613006e-05
0.0010824519
3.9734013e-05
0.0010867196
4.9594332e-05
0.0010922632
6.2646507e-05
8.0215257e-05
0.001099697
0.0010526759
1.5401213e-05
0.0010543824
1.5458047e-05
0.0010561141
1.5584673e-05
0.0010578597
1.5706024e-05
0.0010596138
1.5825313e-05
0.0010613767
1.597998e-05
0.0010631521
1.6213899e-05
0.0010649502
1.6589558e-05
0.001066791
1.7197802e-05
0.0010687053
1.8159706e-05
0.001070739
1.9635799e-05
0.0010729587
2.1840853e-05
0.0010754617
2.506615e-05
0.0010783857
2.9689023e-05
0.0010819347
3.6185022e-05
0.0010863889
4.5140133e-05
0.0010921299
5.6905557e-05
7.2612519e-05
0.0010997326
0.0010517685
1.3713111e-05
0.0010534771
1.3749397e-05
0.001055208
1.3853843e-05
0.0010569527
1.396124e-05
0.0010587074
1.4070662e-05
0.0010604732
1.4214222e-05
0.0010622552
1.4431864e-05
0.0010640654
1.4779368e-05
0.001065925
1.5338142e-05
0.0010678675
1.6217224e-05
0.0010699419
1.7561421e-05
0.0010722188
1.9563902e-05
0.0010748006
2.2484443e-05
0.0010778304
2.6659204e-05
0.0010815141
3.2501309e-05
0.0010861326
4.0521581e-05
0.0010920464
5.0991809e-05
6.4866474e-05
0.0010997924
0.0010509882
1.2017096e-05
0.0010526994
1.203818e-05
0.0010544299
1.2123336e-05
0.0010561744
1.2216796e-05
0.0010579298
1.2315164e-05
0.0010596986
1.2445505e-05
0.001061487
1.2643407e-05
0.0010633083
1.2958066e-05
0.0010651854
1.3461079e-05
0.0010671536
1.424902e-05
0.0010692649
1.5450128e-05
0.0010715937
1.7235127e-05
0.0010742461
1.9831983e-05
0.0010773704
2.353487e-05
0.0010811736
2.8698129e-05
0.0010859356
3.5759646e-05
0.0010919989
4.4928522e-05
5.6999515e-05
0.0010998658
0.0010503247
1.0313977e-05
0.0010520386
1.0324366e-05
0.0010537692
1.0392717e-05
0.0010555136
1.0472342e-05
0.0010572702
1.0558625e-05
0.0010590418
1.0673876e-05
0.0010608361
1.0849069e-05
0.0010626675
1.1126679e-05
0.0010645602
1.1568361e-05
0.0010665515
1.225778e-05
0.0010686957
1.3305926e-05
0.0010710704
1.4860376e-05
0.0010737855
1.7116912e-05
0.0010769928
2.032757e-05
0.0010809001
2.4790785e-05
0.0010857855
3.0874316e-05
0.0010919763
3.8737687e-05
4.9031458e-05
0.0010999444
0.0010497698
8.6046565e-06
0.0010514862
8.6080293e-06
0.0010532172
8.6617268e-06
0.0010549618
8.7277032e-06
0.0010567194
8.8009833e-06
0.0010584938
8.8995109e-06
0.0010602934
9.049451e-06
0.0010621337
9.2863925e-06
0.0010640401
9.6619506e-06
0.0010660515
1.024642e-05
0.0010682243
1.1133075e-05
0.001070639
1.2445726e-05
0.0010734081
1.4347785e-05
0.0010766867
1.7048977e-05
0.001080683
2.0794465e-05
0.0010856726
2.588474e-05
0.0010919703
3.2440017e-05
4.0980135e-05
0.0011000216
0.0010493167
6.8900905e-06
0.0010510354
6.8893823e-06
0.0010527669
6.9302346e-06
0.0010545118
6.9827468e-06
0.0010562705
7.0422598e-06
0.0010580473
7.1227607e-06
0.0010598515
7.2452773e-06
0.0010616993
7.4385146e-06
0.0010636174
7.7438822e-06
0.0010656458
8.2180327e-06
0.0010678428
8.9360443e-06
0.0010702911
9.9974838e-06
0.0010731055
1.1533306e-05
0.0010764436
1.3710938e-05
0.0010805138
1.6724251e-05
0.0010855892
2.0809349e-05
0.001091974
2.6055174e-05
3.2861442e-05
0.0011000927
0.0010489602
5.1712595e-06
0.0010506808
5.1688182e-06
0.0010524128
5.198196e-06
0.0010541581
5.237442e-06
0.0010559178
5.2826074e-06
0.0010576966
5.3439586e-06
0.0010595045
5.4373374e-06
0.0010613586
5.5844519e-06
0.0010632861
5.8163802e-06
0.0010653283
6.1758592e-06
0.0010675449
6.7194566e-06
0.0010700201
7.5222184e-06
0.0010728711
8.6823687e-06
0.0010762568
1.0325239e-05
0.0010803858
1.2595192e-05
0.0010855292
1.5665955e-05
0.0010919825
1.9601909e-05
2.4690178e-05
0.0011001537
0.0010486964
3.449235e-06
0.0010504186
3.4466893e-06
0.001052151
3.4657336e-06
0.0010538967
3.4918106e-06
0.0010556571
3.5222039e-06
0.0010574374
3.5635817e-06
0.0010592482
3.6265565e-06
0.001061107
3.7256732e-06
0.0010630416
3.8817364e-06
0.0010650943
4.1232343e-06
0.0010673256
4.488126e-06
0.0010698213
5.0265226e-06
0.0010726997
5.803974e-06
0.0010761211
6.9038162e-06
0.0010802942
8.4220861e-06
0.0010854882
1.0471976e-05
0.0010919919
1.3098205e-05
1.6478762e-05
0.0011002033
0.0010485225
1.7251102e-06
0.0010502456
1.7235854e-06
0.0010519784
1.7329255e-06
0.0010537242
1.7459895e-06
0.0010554851
1.7612938e-06
0.0010572666
1.7821253e-06
0.0010590793
1.8138525e-06
0.0010609412
1.863775e-06
0.0010628807
1.9422477e-06
0.0010649403
2.0636225e-06
0.0010671815
2.246889e-06
0.0010696909
2.5171226e-06
0.0010725877
2.9072395e-06
0.001076033
3.4585036e-06
0.0010802355
4.2196012e-06
0.0010854631
5.2442938e-06
0.0010919998
6.5615734e-06
8.2387796e-06
0.0011002397
0.001048436
0.0010501596
0.0010518925
0.0010536385
0.0010553998
0.0010571819
0.0010589957
0.0010608595
0.0010628018
0.0010648654
0.0010671123
0.0010696294
0.0010725366
0.0010759951
0.0010802147
0.001085459
0.0010920206
0.0011002594
0.00013230556
-2.3979992e-05
0.0001540844
-2.1778843e-05
0.00017313454
-1.9050142e-05
0.00019031592
-1.7181378e-05
0.00020618447
-1.5868549e-05
0.00022093591
-1.4751442e-05
0.00023463979
-1.3703885e-05
-1.3071598e-05
0.00024771139
0.00040368281
-4.190676e-05
0.00042234404
-4.0440075e-05
0.00044107699
-3.7783097e-05
0.00045913569
-3.524008e-05
0.00047633796
-3.3070812e-05
0.00049267847
-3.1091958e-05
0.00050820706
-2.9232473e-05
-2.7587892e-05
0.00052272335
0.0006648015
-5.4366806e-05
0.00067700723
-5.26458e-05
0.00068939845
-5.0174319e-05
0.00070152016
-4.7361789e-05
0.0007131066
-4.4657252e-05
0.00072413428
-4.2119637e-05
0.00073464184
-3.974004e-05
-3.7458797e-05
0.00074451275
0.00087080668
-6.1030586e-05
0.00087693478
-5.8773901e-05
0.00088310533
-5.6344873e-05
0.00088923907
-5.3495525e-05
0.00089514379
-5.0561979e-05
0.00090077673
-4.7752576e-05
0.00090616007
-4.5123376e-05
-4.2541079e-05
0.00091124235
0.0010043351
-6.2819286e-05
0.0010057439
-6.0182705e-05
0.0010071147
-5.7715733e-05
0.0010085798
-5.496064e-05
0.0010100774
-5.2059551e-05
0.0010115682
-4.9243347e-05
0.0010130517
-4.6606871e-05
-4.402526e-05
0.0010145358
0.0010724585
-6.1444466e-05
0.0010709892
-5.87134e-05
0.0010695107
-5.623723e-05
0.0010682003
-5.3650251e-05
0.00106709
-5.0949263e-05
0.0010661534
-4.8306771e-05
0.0010653696
-4.5823032e-05
-4.3417735e-05
0.0010647621
0.0010974014
-5.8528757e-05
0.0010946355
-5.5947483e-05
0.001091951
-5.3552733e-05
0.0010894675
-5.1166751e-05
0.0010872465
-4.8728266e-05
0.0010852738
-4.6334157e-05
0.0010835187
-4.4067925e-05
-4.1892773e-05
0.0010819938
0.0011020058
-5.5110617e-05
0.0010988626
-5.2804243e-05
0.0010958861
-5.0576245e-05
0.0010931186
-4.8399321e-05
0.0010906095
-4.6219127e-05
0.0010883533
-4.4077923e-05
0.0010863209
-4.203553e-05
-4.0082554e-05
0.0010845106
0.0011006089
-5.1658478e-05
0.001097449
-4.9644317e-05
0.0010945012
-4.7628517e-05
0.0010917599
-4.5658025e-05
0.0010892498
-4.3708946e-05
0.0010869688
-4.1796996e-05
0.0010848947
-3.9961379e-05
-3.8204525e-05
0.0010830166
0.0010988765
-4.8313257e-05
0.0010957867
-4.6554513e-05
0.001092915
-4.4756754e-05
0.0010902409
-4.2983993e-05
0.0010877704
-4.1238414e-05
0.0010855015
-3.9528076e-05
0.0010834184
-3.787827e-05
-3.6294735e-05
0.0010815086
0.0010978735
-4.5089848e-05
0.0010948593
-4.3540363e-05
0.0010920464
-4.194382e-05
0.0010894178
-4.0355376e-05
0.0010869702
-3.879086e-05
0.0010847007
-3.7258563e-05
0.0010825982
-3.5775788e-05
-3.434836e-05
0.0010806518
0.001097361
-4.19714e-05
0.0010944151
-4.0594531e-05
0.001091647
-3.917565e-05
0.0010890471
-3.7755455e-05
0.00108661
-3.6353758e-05
0.0010843318
-3.4980439e-05
0.0010822046
-3.3648558e-05
-3.2363355e-05
0.0010802196
0.0010970794
-3.893834e-05
0.0010941935
-3.7708693e-05
0.0010914634
-3.6445501e-05
0.0010888851
-3.5177199e-05
0.0010864541
-3.3922747e-05
0.0010841664
-3.2692712e-05
0.0010820156
-3.149779e-05
-3.034274e-05
0.001079995
0.0010969206
-3.5974061e-05
0.0010940859
-3.4874022e-05
0.0010913889
-3.3748499e-05
0.0010888288
-3.2617108e-05
0.0010864024
-3.1496306e-05
0.001084106
-3.0396357e-05
0.0010819346
-2.932637e-05
-2.8290756e-05
0.0010798826
0.0010968461
-3.3065094e-05
0.0010940539
-3.2081812e-05
0.0010913851
-3.1079688e-05
0.0010888403
-3.0072275e-05
0.0010864173
-2.907334e-05
0.0010841132
-2.8092248e-05
0.0010819237
-2.7136863e-05
-2.6211283e-05
0.0010798442
0.0010968345
-3.0200556e-05
0.0010940768
-2.9324187e-05
0.0010914313
-2.8434179e-05
0.001088899
-2.7539905e-05
0.0010864784
-2.6652736e-05
0.001084167
-2.5780942e-05
0.0010819615
-2.4931305e-05
-2.4107598e-05
0.0010798578
0.0010968681
-2.7371667e-05
0.0010941383
-2.6594433e-05
0.0010915117
-2.5807503e-05
0.0010889892
-2.5017398e-05
0.0010865699
-2.4233441e-05
0.0010842517
-2.3462791e-05
0.0010820317
-2.2711332e-05
-2.1982455e-05
0.0010799066
0.0010969323
-2.4571376e-05
0.0010942249
-2.3886992e-05
0.0010916132
-2.3195853e-05
0.0010890983
-2.2502463e-05
0.0010866793
-2.1814483e-05
0.0010843547
-2.1138123e-05
0.0010821216
-2.0478288e-05
-1.9838162e-05
0.0010799773
0.0010970152
-2.1794138e-05
0.0010943256
-2.1197382e-05
0.0010917258
-2.0596043e-05
0.0010892165
-1.9993179e-05
0.0010867972
-1.9395169e-05
0.0010844662
-1.8807164e-05
0.0010822214
-1.8233444e-05
-1.7676766e-05
0.00108006
0.0010971072
-1.9035504e-05
0.0010944318
-1.8521988e-05
0.0010918412
-1.8005512e-05
0.0010893361
-1.7488066e-05
0.0010869159
-1.6974888e-05
0.001084579
-1.6470345e-05
0.0010823236
-1.5977993e-05
-1.5500179e-05
0.001080147
0.0010972007
-1.6291808e-05
0.0010945366
-1.5857946e-05
0.0010919533
-1.5422215e-05
0.0010894512
-1.4985942e-05
0.0010870297
-1.4553379e-05
0.0010846875
-1.4128124e-05
0.0010824226
-1.3713092e-05
-1.331033e-05
0.0010802327
0.0010972899
-1.3560077e-05
0.0010946347
-1.3202822e-05
0.001092057
-1.2844482e-05
0.001089557
-1.2485896e-05
0.0010871341
-1.2130486e-05
0.001084787
-1.1781086e-05
0.001082514
-1.1440067e-05
-1.1109125e-05
0.0010803128
0.0010973703
-1.0837712e-05
0.0010947221
-1.0554595e-05
0.0010921486
-1.0270953e-05
0.00108965
-9.9872913e-06
0.0010872257
-9.7062e-06
0.0010848745
-9.4298705e-06
0.0010825946
-9.1601499e-06
-8.898435e-06
0.0010803839
0.0010974385
-8.1224258e-06
0.0010947953
-7.9114848e-06
0.0010922249
-7.7005384e-06
0.0010897273
-7.4897121e-06
0.0010873018
-7.2806957e-06
0.0010849472
-7.075262e-06
0.0010826618
-6.8747317e-06
-6.6801474e-06
0.0010804435
0.0010974925
-5.4116302e-06
0.0010948527
-5.2716957e-06
0.0010922844
-5.1321815e-06
0.0010897873
-4.992645e-06
0.0010873608
-4.8541738e-06
0.0010850035
-4.718021e-06
0.001082714
-4.5851586e-06
-4.456069e-06
0.0010804899
0.001097531
-2.7028641e-06
0.0010948936
-2.6342785e-06
0.0010923268
-2.5653777e-06
0.0010898301
-2.4960137e-06
0.001087403
-2.4270086e-06
0.0010850441
-2.359125e-06
0.0010827517
-2.2927793e-06
-2.2279385e-06
0.0010805236
0.0010975565
0.0010949223
0.0010923569
0.0010898609
0.0010874339
0.0010850747
0.0010827819
0.001080554
0.0002709002
-2.3188807e-05
0.00028805952
-1.7159324e-05
0.00030091317
-1.285365e-05
0.00031115217
-1.0239002e-05
0.00032038573
-9.2335617e-06
0.00033028151
-9.8957824e-06
0.00034424643
-1.396493e-05
-2.0261702e-05
0.00036450813
0.000555799
-5.6264456e-05
0.00058294825
-4.4308575e-05
0.00060538078
-3.5286185e-05
0.00062445603
-2.9314246e-05
0.00064185231
-2.6629844e-05
0.00065866523
-2.6708709e-05
0.00067888797
-3.4187673e-05
-4.1494113e-05
0.00070012038
0.0007673891
-7.9140812e-05
0.00078668766
-6.3607133e-05
0.00080318536
-5.1783881e-05
0.0008177686
-4.3897488e-05
0.0008315017
-4.0362954e-05
0.00084530337
-4.0510375e-05
0.00086092246
-4.9806766e-05
-5.8766362e-05
0.00087819471
0.0009229909
-9.0889356e-05
0.00093298153
-7.3597766e-05
0.00094166315
-6.04655e-05
0.00094954783
-5.1782174e-05
0.00095724752
-4.806264e-05
0.00096540266
-4.8665517e-05
0.00097456721
-5.8971325e-05
-6.9366757e-05
0.00098516761
0.0010182219
-9.4575384e-05
0.0010215863
-7.6962235e-05
0.0010247779
-6.3657072e-05
0.0010279593
-5.4963582e-05
0.0010313496
-5.1452898e-05
0.0010353168
-5.2632769e-05
0.0010396122
-6.3266725e-05
-7.5113772e-05
0.0010453592
0.0010639555
-9.3768823e-05
0.0010637291
-7.6735865e-05
0.0010640159
-6.3943878e-05
0.0010647457
-5.5693332e-05
0.0010658629
-5.25701e-05
0.0010675309
-5.4300772e-05
0.0010690343
-6.4770096e-05
-7.7956408e-05
0.0010718769
0.0010793114
-9.1086497e-05
0.0010776259
-7.5050347e-05
0.0010767497
-6.3067625e-05
0.0010764957
-5.543931e-05
0.0010766618
-5.2736254e-05
0.0010772687
-5.4907634e-05
0.0010774411
-6.4942568e-05
-7.9016461e-05
0.0010785012
0.0010812431
-8.781891e-05
0.0010790973
-7.2904558e-05
0.0010778277
-6.179803e-05
0.0010772069
-5.4818496e-05
0.0010769741
-5.2503457e-05
0.0010770468
-5.4980389e-05
0.0010765776
-6.4473372e-05
-7.8830412e-05
0.0010763916
0.0010795487
-8.4350993e-05
0.0010772067
-7.0562531e-05
0.0010757219
-6.0313223e-05
0.0010748572
-5.395376e-05
0.0010743347
-5.1980993e-05
0.0010739948
-5.4640525e-05
0.001073085
-6.3563516e-05
-7.7673829e-05
0.0010719284
0.0010778734
-8.0715846e-05
0.0010753342
-6.8023276e-05
0.0010736154
-5.8594442e-05
0.0010724772
-5.2815528e-05
0.0010716387
-5.1142517e-05
0.0010708836
-5.3885383e-05
0.0010695553
-6.223521e-05
-7.5736521e-05
0.0010676179
0.0010768301
-7.6894074e-05
0.0010740655
-6.525868e-05
0.0010720848
-5.6613753e-05
0.0010706458
-5.1376545e-05
0.0010694684
-4.99651e-05
0.0010682972
-5.2714169e-05
0.0010665535
-6.0491558e-05
-7.3175634e-05
0.0010639926
0.001076213
-7.2887443e-05
0.0010732201
-6.2265846e-05
0.0010709757
-5.4369363e-05
0.001069236
-4.963677e-05
0.0010677227
-4.8451809e-05
0.0010661564
-5.1147879e-05
0.0010640194
-5.8354592e-05
-7.0119092e-05
0.0010609629
0.001075819
-6.871146e-05
0.0010726101
-5.9056928e-05
0.0010701144
-5.1873634e-05
0.001068088
-4.7610367e-05
0.0010662559
-4.6619764e-05
0.001064326
-4.9218005e-05
0.0010618299
-5.5858465e-05
-6.666515e-05
0.001058376
0.0010755545
-6.4383331e-05
0.0010721453
-5.5647709e-05
0.0010694143
-4.9142655e-05
0.0010671195
-4.5315611e-05
0.0010649903
-4.4490528e-05
0.00106273
-4.6957696e-05
0.0010599114
-5.3039863e-05
-6.2887657e-05
0.0010561339
0.0010753793
-5.9918465e-05
0.0010717857
-5.2054037e-05
0.0010688361
-4.619314e-05
0.0010662923
-4.2771767e-05
0.0010638886
-4.2086836e-05
0.0010613298
-4.4398877e-05
0.0010582239
-4.9933934e-05
-5.8842793e-05
0.001054179
0.00107527
-5.5330705e-05
0.0010715075
-4.8291533e-05
0.0010683565
-4.3042084e-05
0.0010655832
-3.9998524e-05
0.0010629282
-3.9431823e-05
0.0010601012
-4.1571835e-05
0.0010567406
-4.6573339e-05
-5.4574494e-05
0.0010524723
0.0010752088
-5.0632895e-05
0.0010712929
-4.4375675e-05
0.0010679576
-3.9706768e-05
0.001064975
-3.7015893e-05
0.0010620918
-3.6548658e-05
0.0010590252
-3.8505283e-05
0.0010554401
-4.2988233e-05
-5.0117992e-05
0.0010509836
0.0010751816
-4.5837168e-05
0.0010711277
-4.0321786e-05
0.0010676255
-3.6204601e-05
0.0010644536
-3.3843956e-05
0.0010613653
-3.3460409e-05
0.0010580864
-3.5226295e-05
0.0010543045
-3.9206343e-05
-4.5502281e-05
0.0010496888
0.0010751778
-4.095497e-05
0.0010710009
-3.614489e-05
0.0010673493
-3.255303e-05
0.0010640081
-3.050273e-05
0.0010607373
-3.0189685e-05
0.0010572716
-3.1760504e-05
0.0010533184
-3.5253235e-05
-4.0751787e-05
0.001048568
0.0010751891
-3.5997122e-05
0.0010709039
-3.1859677e-05
0.0010671203
-2.8769383e-05
0.0010636296
-2.7012037e-05
0.0010601985
-2.6758614e-05
0.0010565702
-2.8132221e-05
0.0010524695
-3.1152464e-05
-3.5887443e-05
0.0010476051
0.0010752095
-3.0973893e-05
0.0010708303
-2.7480488e-05
0.0010669317
-2.4870794e-05
0.0010633111
-2.3391457e-05
0.0010597413
-2.3188773e-05
0.0010559735
-2.4364457e-05
0.001051747
-2.6925939e-05
-3.0927648e-05
0.0010467872
0.001075234
-2.5895147e-05
0.0010707749
-2.3021378e-05
0.0010667784
-2.0874254e-05
0.0010630471
-1.9660212e-05
0.0010593595
-1.9501183e-05
0.0010554742
-2.0479158e-05
0.0010511425
-2.259417e-05
-2.5888804e-05
0.0010461036
0.0010752592
-2.077044e-05
0.0010707339
-1.8496124e-05
0.0010666561
-1.6796481e-05
0.0010628332
-1.5837275e-05
0.0010590484
-1.5716371e-05
0.0010550666
-1.6497345e-05
0.0010506488
-1.8176417e-05
-2.0786002e-05
0.001045546
0.0010752823
-1.5609183e-05
0.0010707044
-1.3918298e-05
0.0010665619
-1.2653991e-05
0.001062666
-1.1941368e-05
0.001058804
-1.1854332e-05
0.0010547459
-1.2439283e-05
0.0010502605
-1.3691022e-05
-1.5633218e-05
0.0010451078
0.0010753015
-1.0420808e-05
0.0010706846
-9.3014429e-06
0.0010664938
-8.463187e-06
0.0010625435
-7.9909913e-06
0.0010586239
-7.9348317e-06
0.0010545092
-8.3245773e-06
0.0010499738
-9.1555821e-06
-1.0443765e-05
0.0010447844
0.0010753173
-5.214558e-06
0.001070675
-4.6591573e-06
0.0010664523
-4.2404469e-06
0.0010624659
-4.0045983e-06
0.0010585084
-3.977358e-06
0.0010543563
-4.1724892e-06
0.0010497877
-4.5870273e-06
-5.2301324e-06
0.0010445741
0.0010753395
0.0010706803
0.0010664398
0.0010624352
0.0010584579
0.0010542854
0.0010496984
0.0010444682
0.00027195897
9.2549156e-05
0.00022863959
4.3319376e-05
0.00021182365
1.6815936e-05
0.00020732594
4.497696e-06
0.00020660202
7.239154e-07
0.00020660362
-1.6060422e-09
0.0002066137
-1.0075335e-08
0.00020639325
2.2044835e-07
0.00020589955
4.9370773e-07
0.00020521878
6.8077501e-07
0.00020444486
7.7392468e-07
0.00020363262
8.122423e-07
0.00020281079
8.2184916e-07
0.00020199726
8.1352367e-07
0.00020120395
7.9329372e-07
0.0002004379
7.6602881e-07
0.00019970235
7.3554494e-07
0.00019899801
7.0432689e-07
0.00019832409
6.7390121e-07
0.00019768034
6.4371606e-07
0.00019706415
6.161554e-07
0.00019648018
5.8394309e-07
0.00019590811
5.7203909e-07
0.00019539928
5.0881745e-07
0.0001947738
6.2546085e-07
0.00019451448
2.5929193e-07
0.00019311928
1.3951629e-06
-1.2318564e-06
0.00065211977
0.00014054976
0.00061513521
8.0303935e-05
0.00058544581
4.6505329e-05
0.00056507618
2.4867319e-05
0.00055217577
1.3624321e-05
0.00054365371
8.5204404e-06
0.00053758989
6.0537549e-06
0.00053298614
4.824199e-06
0.0005292382
4.2416504e-06
0.00052598488
3.934102e-06
0.00052303858
3.7202309e-06
0.00052030644
3.5443896e-06
0.00051773943
3.3888751e-06
0.00051531058
3.2423735e-06
0.00051300507
3.0987933e-06
0.00051081403
2.9570349e-06
0.00050873101
2.8185633e-06
0.00050675012
2.6852074e-06
0.00050486588
2.5581164e-06
0.00050307259
2.4369722e-06
0.00050136596
2.3227502e-06
0.0004997384
2.211472e-06
0.00049818826
2.1221551e-06
0.00049670112
1.9959296e-06
0.00049525554
2.071018e-06
0.00049393196
1.582841e-06
0.00049215495
3.1721431e-06
-8.3383703e-07
0.00085817288
0.00016057158
0.00084096806
9.7508756e-05
0.00082348195
6.3991434e-05
0.00080810734
4.0241926e-05
0.00079607495
2.5656707e-05
0.00078660702
1.7988371e-05
0.00077886426
1.3796517e-05
0.00077236232
1.1326132e-05
0.00076675982
9.844159e-06
0.00076179889
8.8950278e-06
0.00075730992
8.2092012e-06
0.00075318694
7.6673741e-06
0.00074935984
7.215981e-06
0.00074577993
6.8222859e-06
0.0007424129
6.4658107e-06
0.00073923393
6.1360014e-06
0.00073622412
5.8283668e-06
0.00073336837
5.5409552e-06
0.00073065416
5.2723193e-06
0.00072807061
5.0205094e-06
0.00072560877
4.7845786e-06
0.00072325905
4.5611813e-06
0.00072101526
4.3659351e-06
0.0007188645
4.1466844e-06
0.00071679232
4.1431972e-06
0.00071482419
3.5509567e-06
0.00071270879
5.2875238e-06
6.589842e-07
0.0009761202
0.00016961899
0.00096757648
0.00010605247
0.00095855987
7.3008035e-05
0.00094967552
4.912627e-05
0.00094212814
3.3204085e-05
0.00093580496
2.4311548e-05
0.00093029517
1.9306309e-05
0.00092537763
1.6243671e-05
0.00092090613
1.4315662e-05
0.00091675696
1.3044209e-05
0.00091284726
1.2118902e-05
0.00090913029
1.1384355e-05
0.00090557836
1.0767919e-05
0.00090217341
1.0227233e-05
0.00089890328
9.7359319e-06
0.00089575942
9.279846e-06
0.00089273533
8.8524538e-06
0.00088982549
8.4507789e-06
0.0008870249
8.0728877e-06
0.00088432869
7.7167007e-06
0.00088173218
7.381063e-06
0.00087923077
7.0625631e-06
0.00087681954
6.7771508e-06
0.00087449452
6.4716847e-06
0.00087224083
6.3968667e-06
0.00087008073
5.7110414e-06
0.00086790473
7.4634963e-06
2.6292178e-06
0.0010431689
0.00017180936
0.001039012
0.0001102093
0.0010343395
7.7680539e-05
0.0010291802
5.4285621e-05
0.0010245613
3.7822952e-05
0.0010206661
2.8206743e-05
0.0010172516
2.2720819e-05
0.0010141674
1.9327885e-05
0.0010113239
1.7159189e-05
0.0010086378
1.5730283e-05
0.0010060493
1.4707378e-05
0.0010035263
1.3907326e-05
0.001001053
1.3241275e-05
0.00099862131
1.2658906e-05
0.00099622812
1.2129126e-05
0.00099387314
1.1634817e-05
0.00099155772
1.116788e-05
0.00098928375
1.0724742e-05
0.00098705303
1.0303597e-05
0.00098486695
9.9027767e-06
0.00098272626
9.5217523e-06
0.00098063194
9.156874e-06
0.00097858326
8.8258293e-06
0.00097658302
8.4719294e-06
0.00097462397
8.3559219e-06
0.00097271731
7.6176953e-06
0.00097088113
9.2996634e-06
4.5672458e-06
0.0010749848
0.00016870143
0.001074296
0.00011089809
0.0010727165
7.9260104e-05
0.0010701656
5.6836485e-05
0.001067546
4.0442571e-05
0.0010652905
3.0462251e-05
0.0010633231
2.4688148e-05
0.0010615575
2.1093468e-05
0.0010599468
1.8769982e-05
0.0010584364
1.7240618e-05
0.0010569793
1.616448e-05
0.0010555472
1.5339426e-05
0.0010541249
1.466363e-05
0.0010527036
1.4080151e-05
0.0010512791
1.3553696e-05
0.0010498498
1.3064095e-05
0.0010484165
1.2601187e-05
0.001046981
1.2160225e-05
0.0010455455
1.1739054e-05
0.0010441121
1.1336102e-05
0.0010426826
1.0951264e-05
0.0010412592
1.0580229e-05
0.0010398431
1.0241965e-05
0.0010384385
9.8764561e-06
0.0010370482
9.746267e-06
0.0010356608
9.0050205e-06
0.0010344201
1.0540395e-05
6.1460842e-06
0.0010849887
0.00016221387
0.001086787
0.00010909984
0.0010874371
7.8609957e-05
0.0010868861
5.738748e-05
0.0010858461
4.1482645e-05
0.0010848788
3.1429493e-05
0.0010840388
2.5528206e-05
0.0010832918
2.18404e-05
0.0010826264
1.9435417e-05
0.0010820165
1.7850503e-05
0.0010814309
1.675005e-05
0.001080849
1.5921345e-05
0.0010802592
1.5253402e-05
0.0010796545
1.4684884e-05
0.0010790305
1.41777e-05
0.0010783852
1.370936e-05
0.0010777185
1.3267935e-05
0.0010770312
1.2847527e-05
0.0010763247
1.2445587e-05
0.0010756002
1.2060579e-05
0.0010748588
1.1692671e-05
0.0010741022
1.1336813e-05
0.0010733318
1.1012359e-05
0.0010725505
1.0657795e-05
0.00107177
1.0526708e-05
0.0010709542
9.8208532e-06
0.0010703457
1.114892e-05
7.2421597e-06
0.0010845479
0.00015405755
0.0010877772
0.00010587048
0.0010897338
7.6653375e-05
0.001090491
5.6630337e-05
0.0010905556
4.1417957e-05
0.0010905111
3.1474032e-05
0.0010904916
2.5547666e-05
0.0010904934
2.1838662e-05
0.0010905235
1.940531e-05
0.0010905751
1.7798863e-05
0.0010906295
1.6695737e-05
0.0010906722
1.5878606e-05
0.0010906956
1.5230037e-05
0.0010906948
1.4685698e-05
0.0010906666
1.4205864e-05
0.0010906096
1.3766376e-05
0.0010905236
1.3353933e-05
0.0010904094
1.2961711e-05
0.001090268
1.2586924e-05
0.0010901005
1.2228105e-05
0.0010899074
1.1885718e-05
0.00108969
1.1554216e-05
0.0010894499
1.1252417e-05
0.0010891879
1.0919809e-05
0.0010889233
1.079129e-05
0.0010886003
1.0143786e-05
0.0010885179
1.1231377e-05
7.8740698e-06
0.001080701
0.00014528495
0.0010846625
0.00010190896
0.0010872574
7.4058475e-05
0.0010887418
5.5145926e-05
0.0010894623
4.0697435e-05
0.0010899687
3.0967672e-05
0.0010904443
2.5072097e-05
0.0010909041
2.1378795e-05
0.0010913634
1.8945999e-05
0.0010918267
1.7335605e-05
0.0010922832
1.6239181e-05
0.0010927228
1.5439049e-05
0.0010931397
1.4813104e-05
0.0010935305
1.4294947e-05
0.0010938926
1.3843768e-05
0.0010942247
1.343421e-05
0.0010945269
1.3051808e-05
0.0010947995
1.268904e-05
0.0010950436
1.2342848e-05
0.0010952599
1.2011865e-05
0.0010954488
1.1696812e-05
0.0010956111
1.1391889e-05
0.0010957489
1.1114662e-05
0.0010958609
1.0807762e-05
0.0010959714
1.0680782e-05
0.0010960143
1.0100912e-05
0.0010963011
1.0944566e-05
8.1291254e-06
0.0010765254
0.00013637745
0.0010809038
9.7530589e-05
0.0010838115
7.1150795e-05
0.0010856882
5.3269222e-05
0.0010867806
3.9604977e-05
0.0010875858
3.0162538e-05
0.0010883204
2.4337475e-05
0.001089017
2.0682166e-05
0.0010896957
1.8267348e-05
0.0010903687
1.6662563e-05
0.0010910322
1.5575741e-05
0.0010916789
1.4792309e-05
0.0010923049
1.4187161e-05
0.0010929074
1.369238e-05
0.0010934846
1.3266613e-05
0.0010940351
1.288366e-05
0.0010945588
1.2528157e-05
0.0010950559
1.2191941e-05
0.001095527
1.1871728e-05
0.0010959726
1.1566223e-05
0.0010963931
1.1276268e-05
0.0010967889
1.0996065e-05
0.0010971621
1.074142e-05
0.0010975104
1.0459536e-05
0.0010978595
1.0331638e-05
0.0010981419
9.8184638e-06
0.0010986484
1.0438123e-05
8.1113162e-06
0.0010728607
0.00012750937
0.0010775504
9.2840902e-05
0.0010806661
6.8035128e-05
0.0010827936
5.1141648e-05
0.0010841303
3.8268368e-05
0.0010851165
2.9176332e-05
0.001085992
2.3461968e-05
0.0010868081
1.9866058e-05
0.0010875899
1.7485485e-05
0.0010883565
1.5895943e-05
0.0010891103
1.4821996e-05
0.0010898475
1.4055142e-05
0.0010905657
1.3468916e-05
0.0010912635
1.2994534e-05
0.0010919396
1.2590513e-05
0.0010925931
1.2230237e-05
0.0010932236
1.1897669e-05
0.0010938313
1.1584193e-05
0.0010944167
1.1286295e-05
0.0010949803
1.1002699e-05
0.0010955223
1.0734293e-05
0.0010960428
1.0475509e-05
0.0010965441
1.0240114e-05
0.0010970231
9.9806032e-06
0.001097505
9.849785e-06
0.001097927
9.396423e-06
0.0010985394
9.8256863e-06
7.9117633e-06
0.001069733
0.00011873925
0.0010746939
8.7879976e-05
0.0010779989
6.4730181e-05
0.0010803283
4.8812224e-05
0.0010818638
3.6732799e-05
0.0010829925
2.8047627e-05
0.0010839676
2.2486922e-05
0.0010848594
1.8974267e-05
0.0010856991
1.6645764e-05
0.0010865116
1.5083428e-05
0.0010873054
1.4028241e-05
0.0010880803
1.3280213e-05
0.001088836
1.2713221e-05
0.0010895723
1.2258211e-05
0.0010902888
1.1874038e-05
0.001090985
1.1534015e-05
0.0010916609
1.1221772e-05
0.0010923168
1.0928343e-05
0.001092953
1.0650068e-05
0.00109357
1.0385608e-05
0.0010941684
1.013588e-05
0.0010947483
9.8956799e-06
0.0010953116
9.6767187e-06
0.0010958554
9.4368957e-06
0.0010964025
9.3026654e-06
0.0010968986
8.9002794e-06
0.0010975468
9.1774886e-06
7.5965073e-06
0.0010670242
0.00011009104
0.0010722222
8.2681985e-05
0.0010757134
6.1238965e-05
0.0010782236
4.630205e-05
0.0010799394
3.5016996e-05
0.0010812003
2.6786687e-05
0.0010822646
2.1422592e-05
0.0010832207
1.8018175e-05
0.0010841064
1.5760066e-05
0.0010849516
1.4238218e-05
0.0010857704
1.3209498e-05
0.0010865662
1.2484386e-05
0.0010873407
1.1938736e-05
0.001088095
1.1503854e-05
0.0010888297
1.1139348e-05
0.0010895449
1.0818841e-05
0.0010902408
1.052586e-05
0.0010909178
1.0251313e-05
0.0010915766
9.9913178e-06
0.0010922177
9.7445465e-06
0.0010928417
9.5118743e-06
0.0010934488
9.2885448e-06
0.0010940412
9.084389e-06
0.0010946158
8.8623561e-06
0.0010951927
8.7257643e-06
0.0010957268
8.3661221e-06
0.0010963767
8.5276641e-06
7.2075643e-06
0.001064649
0.00010157594
0.0010700464
7.7284558e-05
0.0010737164
5.7568925e-05
0.0010763909
4.362763e-05
0.0010782718
3.3136069e-05
0.001079659
2.5399425e-05
0.0010808093
2.0272353e-05
0.0010818266
1.7000812e-05
0.0010827561
1.4830638e-05
0.0010836318
1.3362517e-05
0.0010844727
1.2368565e-05
0.0010852859
1.1671195e-05
0.0010860749
1.1149774e-05
0.0010868421
1.0736643e-05
0.0010875889
1.0392533e-05
0.001088316
1.009172e-05
0.001089024
9.8179022e-06
0.0010897133
9.5619436e-06
0.0010903848
9.3198611e-06
0.0010910391
9.0902446e-06
0.001091677
8.8739424e-06
0.0010922988
8.666687e-06
0.0010929065
8.4766729e-06
0.0010934975
8.2713604e-06
0.0010940889
8.134439e-06
0.001094644
7.8109695e-06
0.0010952838
7.8878979e-06
6.7698464e-06
0.0010625582
9.3196718e-05
0.0010681182
7.1724617e-05
0.0010719547
5.3732416e-05
0.0010747773
4.0804965e-05
0.0010768075
3.1105927e-05
0.0010783134
2.3893467e-05
0.0010795457
1.9040083e-05
0.0010806216
1.592495e-05
0.0010815932
1.3858966e-05
0.0010824987
1.2457026e-05
0.0010833613
1.1505988e-05
0.0010841912
1.0841238e-05
0.0010849939
1.034709e-05
0.001085773
9.9575576e-06
0.0010865306
9.6348951e-06
0.001087268
9.3543326e-06
0.001087986
9.0999783e-06
0.0010886852
8.8626909e-06
0.0010893666
8.6385221e-06
0.0010900308
8.4260125e-06
0.0010906789
8.2258644e-06
0.0010913112
8.0344519e-06
0.0010919295
7.8583787e-06
0.0010925316
7.6692367e-06
0.0010931317
7.53435e-06
0.0010937006
7.2421383e-06
0.0010943292
7.259317e-06
6.2984503e-06
0.0010607192
8.4949849e-05
0.0010664089
6.603484e-05
0.0010703972
4.9744145e-05
0.0010733531
3.7849056e-05
0.0010755166
2.8942471e-05
0.0010771322
2.227784e-05
0.0010784414
1.7730854e-05
0.001079572
1.4794321e-05
0.0010805836
1.2847433e-05
0.0010815175
1.1523071e-05
0.0010824008
1.0622747e-05
0.0010832467
9.9952777e-06
0.0010840625
9.5312921e-06
0.0010848529
9.1672126e-06
0.0010856207
8.8670891e-06
0.0010863677
8.607346e-06
0.0010870949
8.3727804e-06
0.0010878031
8.1544067e-06
0.0010884934
7.9482846e-06
0.0010891665
7.7528733e-06
0.0010898234
7.5689742e-06
0.0010904646
7.39329e-06
0.0010910917
7.2312617e-06
0.001091703
7.0578747e-06
0.0010923099
6.9274563e-06
0.0010928891
6.6629756e-06
0.0010935089
6.6395409e-06
5.8032086e-06
0.0010591058
7.6827735e-05
0.0010648979
6.0242741e-05
0.0010690223
4.5619698e-05
0.0010720978
3.4773613e-05
0.0010743795
2.6660697e-05
0.0010760951
2.0562247e-05
0.0010774756
1.6350353e-05
0.0010786569
1.3613072e-05
0.0010797054
1.1798919e-05
0.0010806659
1.0562539e-05
0.0010815685
9.7201445e-06
0.0010824293
9.1344351e-06
0.0010832573
8.7033295e-06
0.0010840581
8.3664081e-06
0.0010848353
8.0898469e-06
0.0010855911
7.8515933e-06
0.0010863268
7.637112e-06
0.0010870433
7.4378847e-06
0.0010877417
7.2499167e-06
0.0010884228
7.0717848e-06
0.0010890877
6.9041211e-06
0.0010897368
6.7441782e-06
0.0010903718
6.5962937e-06
0.0010909912
6.438527e-06
0.001091604
6.3146165e-06
0.0010921917
6.0753601e-06
0.0010928051
6.0260682e-06
5.2910719e-06
0.0010576961
6.882035e-05
0.0010635679
5.4370963e-05
0.0010678131
4.1374562e-05
0.0010709953
3.159139e-05
0.0010733815
2.4274441e-05
0.0010751873
1.8756488e-05
0.0010766331
1.4904493e-05
0.0010778607
1.2385553e-05
0.001078943
1.0716548e-05
0.001079928
9.5775819e-06
0.0010808483
8.7998193e-06
0.0010817228
8.2599655e-06
0.0010825618
7.8642799e-06
0.0010833721
7.556144e-06
0.0010841578
7.3041386e-06
0.0010849215
7.0878839e-06
0.0010856648
6.8938566e-06
0.0010863888
6.7138555e-06
0.0010870945
6.54422e-06
0.0010877828
6.3834598e-06
0.0010884548
6.232158e-06
0.0010891111
6.0878862e-06
0.001089753
5.9543742e-06
0.0010903795
5.8120202e-06
0.0010909976
5.6965477e-06
0.0010915924
5.4805997e-06
0.0010922013
5.4171448e-06
4.766896e-06
0.0010564717
6.0916559e-05
0.001062405
4.8437759e-05
0.0010667556
3.7023918e-05
0.0010700327
2.8314339e-05
0.0010725104
2.1796681e-05
0.0010743966
1.6870262e-05
0.0010759018
1.3399365e-05
0.0010771712
1.1116171e-05
0.0010782841
9.6035669e-06
0.0010792913
8.5703532e-06
0.0010802278
7.8633251e-06
0.0010811146
7.3732127e-06
0.0010819636
7.0152522e-06
0.0010827823
6.7374084e-06
0.0010835756
6.5108723e-06
0.0010843464
6.3171357e-06
0.0010850964
6.1438062e-06
0.001085827
5.9832751e-06
0.0010865391
5.8321048e-06
0.0010872339
5.6887659e-06
0.0010879121
5.5538951e-06
0.0010885747
5.4253908e-06
0.0010892227
5.3063107e-06
0.0010898555
5.1792499e-06
0.0010904782
5.0738816e-06
0.0010910789
4.8799475e-06
0.0010916845
4.811527e-06
4.2342291e-06
0.0010554172
5.3104525e-05
0.0010613971
4.2457778e-05
0.0010658387
3.2582313e-05
0.0010691992
2.4953902e-05
0.0010717565
1.9239351e-05
0.0010737136
1.4913179e-05
0.0010752717
1.1841266e-05
0.0010765785
9.8093482e-06
0.0010777189
8.4631844e-06
0.001078746
7.5432051e-06
0.001079697
6.9124021e-06
0.0010805947
6.4754698e-06
0.0010814525
6.1574215e-06
0.0010822788
5.9111331e-06
0.0010830787
5.7109544e-06
0.0010838557
5.5401872e-06
0.0010846116
5.3878729e-06
0.001085348
5.2468594e-06
0.0010860659
5.114267e-06
0.0010867661
4.9884815e-06
0.0010874499
4.8701348e-06
0.0010881179
4.7574072e-06
0.0010887713
4.6529435e-06
0.0010894095
4.5410361e-06
0.0010900362
4.4472303e-06
0.0010906419
4.2742676e-06
0.0010912447
4.2087007e-06
3.6955579e-06
0.0010545195
4.5372254e-05
0.0010605347
3.6442543e-05
0.0010650535
2.8063542e-05
0.0010684862
2.1521192e-05
0.0010711119
1.6613713e-05
0.0010731303
1.2894686e-05
0.001074735
1.0236565e-05
0.0010760748
8.4695626e-06
0.0010772392
7.2988025e-06
0.001078284
6.4984116e-06
0.0010792477
5.9486638e-06
0.0010801551
5.5681024e-06
0.0010810207
5.2917905e-06
0.0010818535
5.0783155e-06
0.0010826592
4.9052575e-06
0.0010834415
4.7578745e-06
0.0010842026
4.626763e-06
0.001084944
4.5055104e-06
0.0010856668
4.3915357e-06
0.0010863719
4.2833854e-06
0.0010870604
4.1816766e-06
0.0010877331
4.0847318e-06
0.001088391
3.994986e-06
0.0010890339
3.898224e-06
0.0010896639
3.8172441e-06
0.0010902738
3.6643264e-06
0.0010908741
3.6084126e-06
3.1526686e-06
0.0010537681
3.7707757e-05
0.0010598095
3.0401157e-05
0.0010643926
2.348051e-05
0.0010678868
1.8026982e-05
0.00107057
1.3930468e-05
0.0010726407
1.0823959e-05
0.0010742855
8.5917822e-06
0.0010756537
7.1013554e-06
0.0010768388
6.1136977e-06
0.0010778988
5.4384315e-06
0.0010788736
4.9739032e-06
0.0010797893
4.6524011e-06
0.0010806615
4.419525e-06
0.0010814999
4.2398821e-06
0.0010823106
4.0945552e-06
0.0010830975
3.9710037e-06
0.001083863
3.8612868e-06
0.0010846086
3.7599094e-06
0.0010853355
3.6646381e-06
0.0010860447
3.5742327e-06
0.0010867372
3.4892166e-06
0.0010874139
3.4080487e-06
0.0010880756
3.3332305e-06
0.0010887224
3.2515321e-06
0.001089355
3.1845717e-06
0.0010899686
3.050792e-06
0.0010905661
3.0108996e-06
2.6066903e-06
0.0010531545
3.0099324e-05
0.0010592149
2.4340667e-05
0.0010638502
1.8845295e-05
0.0010673953
1.4481841e-05
0.001070126
1.1199767e-05
0.0010722399
8.710086e-06
0.0010739182
6.9134421e-06
0.0010753102
5.7093447e-06
0.0010765126
4.9112848e-06
0.0010775854
4.3656512e-06
0.0010785695
3.989834e-06
0.0010794921
3.7297409e-06
0.0010803699
3.5416817e-06
0.0010812131
3.3967679e-06
0.0010820278
3.2797645e-06
0.0010828186
3.1803022e-06
0.0010835876
3.0922961e-06
0.0010843367
3.0107925e-06
0.001085067
2.9344083e-06
0.0010857795
2.8617385e-06
0.0010864752
2.7935259e-06
0.001087155
2.7282235e-06
0.0010878199
2.6684361e-06
0.0010884697
2.6017237e-06
0.0010891043
2.5499767e-06
0.0010897209
2.434155e-06
0.001090315
2.4167686e-06
2.0583107e-06
0.0010526718
2.2535285e-05
0.0010587458
1.8266633e-05
0.0010634219
1.4169267e-05
0.0010670076
1.0896076e-05
0.001069776
8.4314575e-06
0.0010719242
6.5618223e-06
0.0010736295
5.2082285e-06
0.0010750406
4.298211e-06
0.0010762569
3.6949676e-06
0.0010773399
3.282627e-06
0.0010783314
2.9983163e-06
0.0010792596
2.801524e-06
0.0010801418
2.6593766e-06
0.0010809886
2.5500192e-06
0.0010818066
2.4616823e-06
0.0010826002
2.3867829e-06
0.001083372
2.3204135e-06
0.0010841238
2.2591582e-06
0.0010848566
2.2015538e-06
0.0010855716
2.1468694e-06
0.0010862696
2.0954471e-06
0.0010869518
2.0461313e-06
0.0010876187
2.0014583e-06
0.0010882707
1.9498247e-06
0.0010889063
1.9142837e-06
0.0010895255
1.8150295e-06
0.0010901151
1.8272915e-06
1.5075691e-06
0.0010523154
1.5004282e-05
0.0010583985
1.2183488e-05
0.0010631046
9.4631301e-06
0.0010667209
7.2798596e-06
0.0010695172
5.6351411e-06
0.0010716911
4.3879794e-06
0.0010734164
3.4828918e-06
0.0010748418
2.8727615e-06
0.0010760685
2.4683373e-06
0.0010771591
2.1920047e-06
0.001078156
2.0013351e-06
0.0010790882
1.8693192e-06
0.0010799735
1.7739682e-06
0.0010808229
1.7007271e-06
0.001081643
1.6414676e-06
0.0010824385
1.5913498e-06
0.0010832121
1.5468384e-06
0.0010839655
1.5058639e-06
0.0010846997
1.4672553e-06
0.0010854161
1.4305748e-06
0.0010861154
1.3961412e-06
0.0010867987
1.3628554e-06
0.0010874666
1.3335483e-06
0.0010881196
1.2968987e-06
0.0010887552
1.2786888e-06
0.0010893762
1.1940761e-06
0.0010899591
1.2444032e-06
9.5461119e-07
0.0010520831
7.4952535e-06
0.0010581713
6.0952972e-06
0.0010628968
4.7376724e-06
0.0010665328
3.6438497e-06
0.0010693473
2.8206708e-06
0.0010715376
2.1976693e-06
0.001073276
1.7445737e-06
0.0010747105
1.4382258e-06
0.0010759436
1.2352196e-06
0.0010770388
1.0967705e-06
0.0010780389
1.0011625e-06
0.0010789734
9.3485768e-07
0.0010798603
8.8697187e-07
0.0010807109
8.502029e-07
0.0010815319
8.2038196e-07
0.0010823281
7.9520267e-07
0.0010831021
7.7279833e-07
0.0010838558
7.5223932e-07
0.0010845903
7.3281968e-07
0.0010853066
7.1430845e-07
0.0010860057
6.9703609e-07
0.0010866888
6.7986078e-07
0.0010873561
6.6617079e-07
0.0010880085
6.445481e-07
0.0010886424
6.4476861e-07
0.0010892645
5.720375e-07
0.0010898375
6.7147575e-07
3.9757033e-07
0.0010519635
0.0010580588
0.0010627965
0.0010664403
0.001069261
0.0010714587
0.0010732032
0.0010746415
0.0010758767
0.0010769734
0.0010779746
0.0010789095
0.0010797964
0.0010806466
0.001081467
0.0010822622
0.001083035
0.0010837873
0.0010845201
0.0010852344
0.0010859314
0.0010866113
0.0010872775
0.001087922
0.0010885668
0.0010891388
0.0010898103
)
;

boundaryField
{
    inlet
    {
        type            calculated;
        value           nonuniform List<scalar> 
27
(
-0.0010074074
-0.0010074074
-0.0010074074
-0.0010074074
-0.0010074074
-0.0010074074
-0.0010074074
-0.0010074074
-0.0010074074
-0.0010074074
-0.0010074074
-0.0010074074
-0.0010074074
-0.0010074074
-0.0010074074
-0.0010074074
-0.0010074074
-0.0010074074
-0.0010074074
-0.0010074074
-0.0010074074
-0.0010074074
-0.0010074074
-0.0010074074
-0.0010074074
-0.0010074074
-0.0010074074
)
;
    }
    outlet
    {
        type            calculated;
        value           nonuniform List<scalar> 
27
(
0.00019435109
0.00049175688
0.00071121595
0.00086593447
0.00096894309
0.0010328412
0.0010692496
0.0010878859
0.0010960461
0.0010986662
0.001098739
0.001097862
0.0010967656
0.0010957215
0.0010948005
0.0010940041
0.0010933173
0.0010927254
0.0010922172
0.0010917833
0.001091417
0.0010911121
0.0010908634
0.0010906657
0.001090512
0.0010903945
0.0010902079
)
;
    }
    hydrofoilFlap
    {
        type            calculated;
        value           uniform 0;
    }
    farfield
    {
        type            calculated;
        value           uniform 0;
    }
    frontAndBack
    {
        type            empty;
    }
}


// ************************************************************************* //
