/*--------------------------------*- C++ -*----------------------------------*\
| =========                 |                                                 |
| \\      /  F ield         | OpenFOAM: The Open Source CFD Toolbox           |
|  \\    /   O peration     | Version:  2512                                  |
|   \\  /    A nd           | Website:  www.openfoam.com                      |
|    \\/     M anipulation  |                                                 |
\*---------------------------------------------------------------------------*/
FoamFile
{
    version     2.0;
    format      ascii;
    arch        "LSB;label=32;scalar=64";
    class       volVectorField;
    location    "70";
    object      U;
}
// * * * * * * * * * * * * * * * * * * * * * * * * * * * * * * * * * * * * * //

dimensions      [0 1 -1 0 0 0 0];

internalField   nonuniform List<vector> 
2052
(
(3.0861732 0.065570556 0)
(2.530326 0.092319479 0)
(2.0084103 0.069833179 0)
(1.5737349 0.040139194 0)
(1.270651 0.016165799 0)
(1.0822375 0.0016145051 0)
(0.9695103 -0.0045298499 0)
(0.90259771 -0.0056174413 0)
(0.86194635 -0.0045739189 0)
(0.83431454 -0.0030381754 0)
(0.81194216 -0.0017084197 0)
(0.7907065 -0.00073822354 0)
(0.77097105 -0.0001718865 0)
(0.74589417 0.00045200671 0)
(3.5192311 0.10943624 0)
(3.6396918 0.16954453 0)
(3.58124 0.16298331 0)
(3.4071995 0.13871056 0)
(3.1974801 0.10688004 0)
(2.9974031 0.07532308 0)
(2.8230266 0.050144974 0)
(2.6768793 0.032916455 0)
(2.5557509 0.022374098 0)
(2.4541951 0.01648977 0)
(2.3670408 0.013453598 0)
(2.289901 0.011922111 0)
(2.2213703 0.011262085 0)
(2.1539343 0.01077342 0)
(3.4241831 0.075868793 0)
(3.5460119 0.12628937 0)
(3.6586249 0.13605236 0)
(3.7191454 0.13375751 0)
(3.7272998 0.11894397 0)
(3.6954668 0.097176072 0)
(3.6386853 0.076360343 0)
(3.5702882 0.060243648 0)
(3.4989426 0.049055778 0)
(3.4286633 0.041683416 0)
(3.3607646 0.036877404 0)
(3.2951673 0.033561329 0)
(3.2324245 0.031421681 0)
(3.1690692 0.029217267 0)
(3.4105097 0.055147787 0)
(3.4712764 0.10217891 0)
(3.5458445 0.11372628 0)
(3.6138302 0.11449599 0)
(3.6698337 0.10588431 0)
(3.7083386 0.091289905 0)
(3.727548 0.076560877 0)
(3.7312048 0.064748132 0)
(3.724547 0.056248195 0)
(3.711364 0.050442953 0)
(3.6938366 0.046568245 0)
(3.6729463 0.043852472 0)
(3.6497708 0.042199906 0)
(3.6231608 0.040250293 0)
(3.4084466 0.044914903 0)
(3.4536019 0.092484226 0)
(3.5056585 0.10471687 0)
(3.5493627 0.1041167 0)
(3.5872771 0.09594228 0)
(3.6199444 0.08319128 0)
(3.645365 0.070509816 0)
(3.6639271 0.060492781 0)
(3.6776264 0.053460016 0)
(3.6880376 0.048843497 0)
(3.695971 0.045971368 0)
(3.7016334 0.044155612 0)
(3.7053607 0.043287643 0)
(3.7066522 0.042256947 0)
(3.4063658 0.037261443 0)
(3.4437369 0.082039522 0)
(3.4893231 0.095158737 0)
(3.5262772 0.095281043 0)
(3.5550687 0.088649571 0)
(3.5782581 0.077601865 0)
(3.5960947 0.066105257 0)
(3.6097271 0.056800564 0)
(3.6211401 0.050197059 0)
(3.6317062 0.045847931 0)
(3.6419844 0.043170966 0)
(3.6520062 0.041566982 0)
(3.6617925 0.040881294 0)
(3.6710929 0.040346952 0)
(3.4048263 0.031128736 0)
(3.435542 0.072201754 0)
(3.4762179 0.086283336 0)
(3.510971 0.087601818 0)
(3.5378679 0.082573405 0)
(3.5588083 0.073235952 0)
(3.5742724 0.062960203 0)
(3.5854265 0.05433331 0)
(3.5942657 0.048030461 0)
(3.6023075 0.043750223 0)
(3.6102809 0.041023278 0)
(3.6183974 0.039356168 0)
(3.6267658 0.038574734 0)
(3.6353253 0.038156334 0)
(3.4037473 0.026278298 0)
(3.4291577 0.06369723 0)
(3.4651326 0.078388984 0)
(3.497539 0.080604555 0)
(3.52322 0.076748623 0)
(3.5435373 0.068876334 0)
(3.5588834 0.059806081 0)
(3.5700616 0.051937339 0)
(3.5787274 0.046040537 0)
(3.5862914 0.041934413 0)
(3.5935038 0.039242985 0)
(3.6006542 0.037561074 0)
(3.6079143 0.036711777 0)
(3.6153212 0.036314581 0)
(3.4029705 0.022410077 0)
(3.4242084 0.056267283 0)
(3.4560146 0.071101592 0)
(3.4860385 0.07401337 0)
(3.5103889 0.071117817 0)
(3.5299992 0.064528554 0)
(3.545272 0.05658343 0)
(3.5567623 0.049457925 0)
(3.5657993 0.043989339 0)
(3.5736301 0.040102501 0)
(3.5809596 0.037498872 0)
(3.588086 0.035845899 0)
(3.595185 0.034972769 0)
(3.6023417 0.03458766 0)
(3.402401 0.019272049 0)
(3.4203272 0.04974503 0)
(3.4485088 0.064384542 0)
(3.4763008 0.067877784 0)
(3.4993859 0.065801478 0)
(3.5182614 0.060309635 0)
(3.5333331 0.053367428 0)
(3.5450027 0.046927701 0)
(3.5543403 0.041868226 0)
(3.5624487 0.038205281 0)
(3.5699912 0.035705923 0)
(3.5772696 0.034097988 0)
(3.5844583 0.03322097 0)
(3.5916744 0.032844488 0)
(3.4019771 0.016685655 0)
(3.4172575 0.044018191 0)
(3.4423013 0.058215811 0)
(3.4680263 0.062160054 0)
(3.4899396 0.060764018 0)
(3.5081296 0.056197662 0)
(3.5229685 0.050148384 0)
(3.5347476 0.04434942 0)
(3.5443196 0.039687274 0)
(3.5526538 0.036253318 0)
(3.5603752 0.033870957 0)
(3.5677897 0.032318454 0)
(3.5750745 0.031448419 0)
(3.5823693 0.031075128 0)
(3.4016566 0.014522796 0)
(3.4148096 0.038976708 0)
(3.4371466 0.052545429 0)
(3.4609684 0.056803683 0)
(3.4817919 0.055969714 0)
(3.4993484 0.052188567 0)
(3.5139485 0.04693701 0)
(3.5258 0.041737876 0)
(3.5355722 0.0374608 0)
(3.544108 0.034257926 0)
(3.5519922 0.03200181 0)
(3.559531 0.030512799 0)
(3.5669053 0.029658168 0)
(3.5742678 0.02928526 0)
(3.4014104 0.012688877 0)
(3.4128417 0.034519663 0)
(3.4328504 0.047326848 0)
(3.4549332 0.051771839 0)
(3.4747422 0.051400332 0)
(3.491712 0.048285635 0)
(3.5060717 0.043742048 0)
(3.5179648 0.039099714 0)
(3.5279085 0.035192966 0)
(3.5366281 0.032220881 0)
(3.5446664 0.030098287 0)
(3.552326 0.028680354 0)
(3.5597901 0.027849361 0)
(3.5672184 0.027477692 0)
(3.4012184 0.011113272 0)
(3.4112479 0.030559196 0)
(3.4292584 0.042517201 0)
(3.4497643 0.047033804 0)
(3.4686314 0.047036096 0)
(3.4850574 0.044485159 0)
(3.4991793 0.040566734 0)
(3.5110881 0.036439239 0)
(3.5211763 0.032888048 0)
(3.5300618 0.030145462 0)
(3.5382442 0.028162069 0)
(3.54602 0.026821942 0)
(3.5535736 0.026022016 0)
(3.5610673 0.025654257 0)
(3.4010666 0.0097427174 0)
(3.4099483 0.027019602 0)
(3.4262475 0.038075055 0)
(3.4453338 0.042561202 0)
(3.46333 0.042857367 0)
(3.4792534 0.040782192 0)
(3.4931437 0.037414597 0)
(3.5050477 0.033761927 0)
(3.5152558 0.030551267 0)
(3.5242891 0.028035593 0)
(3.5326046 0.026195319 0)
(3.5404903 0.024938639 0)
(3.5481309 0.024176269 0)
(3.5556885 0.023815923 0)
(3.4009452 0.008536511 0)
(3.408883 0.02383597 0)
(3.4237194 0.033960765 0)
(3.4415368 0.038328166 0)
(3.4587325 0.038846241 0)
(3.4741926 0.037171383 0)
(3.4878612 0.034288335 0)
(3.4997446 0.031072392 0)
(3.5100507 0.028186975 0)
(3.5192148 0.025894706 0)
(3.5276517 0.024200224 0)
(3.5356399 0.023031783 0)
(3.5433631 0.022312663 0)
(3.5509818 0.021963615 0)
(3.4008472 0.0074631009 0)
(3.4080059 0.020952848 0)
(3.4215951 0.0301369 0)
(3.4382866 0.034310768 0)
(3.4547519 0.034986069 0)
(3.4697875 0.033646541 0)
(3.4832464 0.031189336 0)
(3.495098 0.028374376 0)
(3.505483 0.025799085 0)
(3.5147615 0.02372622 0)
(3.5233083 0.022179256 0)
(3.5313908 0.021103027 0)
(3.5391913 0.020432081 0)
(3.5468677 0.020098289 0)
(3.4007675 0.0064976647 0)
(3.407282 0.018322897 0)
(3.4198111 0.026568397 0)
(3.4355115 0.030486479 0)
(3.4513164 0.031261184 0)
(3.4659653 0.030200891 0)
(3.4792288 0.028118007 0)
(3.4910412 0.025671027 0)
(3.5014889 0.0233912 0)
(3.5108667 0.021533424 0)
(3.5195117 0.020134913 0)
(3.5276801 0.01915411 0)
(3.5355518 0.018535595 0)
(3.5432816 0.018220959 0)
(3.4007024 0.0056203737 0)
(3.4066843 0.015905604 0)
(3.4183166 0.023222591 0)
(3.4331522 0.026833878 0)
(3.448366 0.027656768 0)
(3.4626663 0.026827314 0)
(3.4757502 0.025073912 0)
(3.4875193 0.022964878 0)
(3.4980158 0.020966526 0)
(3.507479 0.019319372 0)
(3.516211 0.018069651 0)
(3.5244564 0.017186855 0)
(3.5323928 0.016624467 0)
(3.5401715 0.0163327 0)
(3.4006492 0.0048151349 0)
(3.4061921 0.013666134 0)
(3.4170705 0.020069159 0)
(3.4311596 0.023332478 0)
(3.4458512 0.024158703 0)
(3.4598408 0.023518455 0)
(3.4727622 0.022055864 0)
(3.4844867 0.020257859 0)
(3.4950207 0.018527896 0)
(3.5045564 0.017086933 0)
(3.5133645 0.015985935 0)
(3.5216781 0.015203219 0)
(3.5296722 0.014700143 0)
(3.537495 0.014434649 0)
(3.400606 0.0040686727 0)
(3.405789 0.011574318 0)
(3.4160399 0.017079976 0)
(3.4294933 0.019962587 0)
(3.4437307 0.020753456 0)
(3.4574476 0.020266844 0)
(3.4702248 0.019062048 0)
(3.4819058 0.017551316 0)
(3.492468 0.016077721 0)
(3.5020645 0.014838674 0)
(3.510938 0.013886057 0)
(3.5193111 0.01320507 0)
(3.5273559 0.012764029 0)
(3.5352176 0.012527854 0)
(3.4005711 0.003369847 0)
(3.4054626 0.0096038066 0)
(3.4151987 0.014228924 0)
(3.4281201 0.016705152 0)
(3.4419705 0.017427874 0)
(3.4554531 0.017064963 0)
(3.4681052 0.016090304 0)
(3.4797457 0.014846394 0)
(3.4903287 0.013618449 0)
(3.4999753 0.012577337 0)
(3.5089041 0.011772557 0)
(3.5173278 0.011194523 0)
(3.5254161 0.010817729 0)
(3.5333114 0.01061346 0)
(3.4005434 0.0027091107 0)
(3.4052033 0.0077313274 0)
(3.414526 0.011491854 0)
(3.4270135 0.013541824 0)
(3.440543 0.014168904 0)
(3.45383 0.013904619 0)
(3.4663767 0.013137169 0)
(3.4779813 0.012142857 0)
(3.4885792 0.011151362 0)
(3.498266 0.010304788 0)
(3.5072403 0.0096474227 0)
(3.515706 0.0091734282 0)
(3.5238306 0.0088628034 0)
(3.5317541 0.0086926993 0)
(3.4005221 0.0020780942 0)
(3.4050036 0.0059355317 0)
(3.4140058 0.0088461764 0)
(3.4261521 0.010455979 0)
(3.439426 0.010965936 0)
(3.4525562 0.010780214 0)
(3.4650182 0.010201391 0)
(3.4765927 0.0094422194 0)
(3.487201 0.0086789805 0)
(3.4969191 0.0080235518 0)
(3.5059293 0.0075127946 0)
(3.5144285 0.0071434232 0)
(3.5225821 0.0069003763 0)
(3.5305282 0.0067662457 0)
(3.4005066 0.0014701845 0)
(3.4048584 0.0041957256 0)
(3.4136262 0.0062658199 0)
(3.4255201 0.0074244868 0)
(3.4386029 0.0078013102 0)
(3.4516153 0.0076799051 0)
(3.4640133 0.0072769634 0)
(3.4755645 0.0067431713 0)
(3.4861799 0.006202862 0)
(3.4959209 0.0057365811 0)
(3.5049579 0.0053720902 0)
(3.5134823 0.0051078274 0)
(3.5216576 0.0049333341 0)
(3.5296208 0.004836386 0)
(3.4004957 0.00088456774 0)
(3.4047623 0.0025091315 0)
(3.4133782 0.0037462983 0)
(3.4251066 0.0044432563 0)
(3.438063 0.0046714929 0)
(3.4509972 0.0046001642 0)
(3.4633528 0.0043606098 0)
(3.4748882 0.0040428925 0)
(3.4855076 0.0037205432 0)
(3.4952634 0.0034417496 0)
(3.5043178 0.0032235852 0)
(3.5128586 0.0030653416 0)
(3.5210482 0.0029607711 0)
(3.5290225 0.0029025426 0)
(3.4004932 0.00029883998 0)
(3.4047216 0.00084036555 0)
(3.4132662 0.001252025 0)
(3.4249136 0.0014838594 0)
(3.4378057 0.0015587609 0)
(3.450699 0.0015335169 0)
(3.4630313 0.001452662 0)
(3.4745567 0.0013463331 0)
(3.4851761 0.0012387762 0)
(3.4949377 0.0011458887 0)
(3.5039998 0.0010733287 0)
(3.5125481 0.001020822 0)
(3.5207445 0.00098622495 0)
(3.5287242 0.00096704039 0)
(0.73565095 0.0015980082 2.0585353e-23)
(0.73005387 0.0026134145 1.1553506e-23)
(0.72049146 0.0030958256 0)
(0.70739194 0.0031976124 0)
(0.69364534 0.0031289354 0)
(0.6803093 0.0030336291 1.1636658e-18)
(0.66736419 0.0029642454 2.3394241e-18)
(0.65469455 0.0029256815 0)
(0.64215322 0.0029180452 0)
(0.62944163 0.0029468409 -1.1884905e-18)
(0.61615952 0.0030171025 -1.1957707e-18)
(0.60162693 0.0031481553 0)
(0.58545538 0.0033269822 0)
(0.56532029 0.0036823849 0)
(0.54409192 0.0038764549 0)
(0.50590753 0.0052531845 0)
(0.49034286 0.0036293306 0)
(0.35937929 0.010581039 -1.3454855e-18)
(2.1048287 0.011811966 -6.353017e-19)
(2.0638119 0.012907032 -2.2678081e-23)
(2.0252841 0.013573363 -6.4824643e-19)
(1.9875632 0.013838108 0)
(1.9510201 0.013772477 -6.6220693e-19)
(1.9159274 0.013526386 6.6931351e-19)
(1.8821868 0.013241674 -6.7634617e-19)
(1.8495824 0.01300267 6.8335294e-19)
(1.8178157 0.012864691 0)
(1.7864245 0.012879277 -2.7111803e-24)
(1.754787 0.013106069 7.0442065e-19)
(1.7219098 0.013614954 -7.1200843e-19)
(1.6869197 0.014519567 -7.2040482e-19)
(1.6468647 0.01594226 -7.3003688e-19)
(1.6035611 0.018094929 7.4211938e-19)
(1.5393722 0.021614434 -7.5603126e-19)
(1.4938519 0.025190481 7.8055441e-19)
(1.3154847 0.037704049 7.9315884e-19)
(3.1159641 0.029618778 0)
(3.067954 0.029923564 -4.8835632e-23)
(3.022148 0.029680206 4.5980428e-19)
(2.9775036 0.029144109 0)
(2.9341479 0.028413175 4.6791829e-19)
(2.8921834 0.027591664 -4.7204206e-19)
(2.8515001 0.026808147 0)
(2.8119102 0.0261598 4.7673902e-24)
(2.7731556 0.025723337 0)
(2.7348415 0.025580289 9.7651607e-19)
(2.6964126 0.025838013 -9.8448134e-19)
(2.6570072 0.026625825 9.9256569e-19)
(2.6156806 0.028182509 5.0053458e-19)
(2.5700989 0.03067634 5.0506767e-19)
(2.5204114 0.034876146 -2.8620434e-22)
(2.4542976 0.040661317 5.1578996e-19)
(2.3963985 0.050595047 -6.7748103e-22)
(2.2344073 0.066096187 0)
(3.597592 0.040981649 0)
(3.572903 0.041379465 -7.9311087e-19)
(3.5479064 0.041091143 0)
(3.5220318 0.040518945 0)
(3.4954747 0.039764168 0)
(3.4684475 0.03889603 0)
(3.4410216 0.038045615 0)
(3.4132161 0.037337445 -8.0761281e-19)
(3.384998 0.036880795 -4.0533374e-19)
(3.3562214 0.036794942 -8.1376154e-19)
(3.3266027 0.037236818 4.0843632e-19)
(3.2956112 0.038400777 -8.1978091e-19)
(3.2626042 0.040628902 0)
(3.2259623 0.044185294 -4.1259691e-19)
(3.185498 0.050228385 -8.2793861e-19)
(3.132915 0.05824062 -4.1492861e-19)
(3.0835808 0.073913511 -9.9585294e-22)
(2.9613811 0.092034752 -4.1313718e-19)
(3.7059882 0.043432273 0)
(3.7049862 0.044281751 3.8299235e-19)
(3.7030307 0.044434729 0)
(3.699556 0.044294881 0)
(3.6945913 0.043963895 0)
(3.6882504 0.043490625 -3.7858793e-19)
(3.6805738 0.043001687 0)
(3.6715996 0.042633991 3.7745942e-19)
(3.6613653 0.042515103 7.5404566e-19)
(3.6498532 0.042788451 7.5323447e-19)
(3.6369679 0.043645546 0)
(3.6224466 0.045329228 7.5139811e-19)
(3.6059877 0.0482533 0)
(3.5865767 0.052772989 7.4841282e-19)
(3.5643131 0.060259367 3.7312051e-19)
(3.5337469 0.070159166 7.4237168e-19)
(3.5049656 0.08960262 -3.6835285e-19)
(3.431872 0.11063852 7.2459283e-19)
(3.679394 0.041488251 0)
(3.6880533 0.042526235 0)
(3.6965899 0.042980941 0)
(3.7043588 0.043164825 1.899106e-19)
(3.7112105 0.043188445 -1.8886824e-19)
(3.717124 0.043089579 3.7579095e-19)
(3.7220325 0.04297769 0)
(3.725886 0.042985027 0)
(3.7286689 0.043242484 -3.7059587e-19)
(3.7303582 0.043902221 -5.533851e-19)
(3.7309094 0.045172232 0)
(3.7301863 0.047320358 -3.6542048e-19)
(3.7280945 0.050798924 0)
(3.724052 0.05602053 -5.413518e-19)
(3.7184399 0.064430182 0)
(3.7080196 0.075641254 -3.5435606e-19)
(3.6992497 0.0967441 0)
(3.6693448 0.12063335 -3.4050232e-19)
(3.6438655 0.038991833 0)
(3.6532391 0.039939828 0)
(3.6631185 0.040439375 0)
(3.672924 0.040696891 -1.9157612e-19)
(3.6824664 0.040836931 1.9037791e-19)
(3.6917001 0.040894757 1.8922242e-19)
(3.7005367 0.040961579 0)
(3.708894 0.041161314 0)
(3.7167279 0.041624101 0)
(3.7240038 0.042503785 1.8478503e-19)
(3.7306905 0.044012995 0)
(3.7367107 0.046427581 0)
(3.7420651 0.050210281 -1.8081582e-19)
(3.7464549 0.055804217 1.7929805e-19)
(3.7503482 0.064616447 0)
(3.752162 0.076531902 0)
(3.7556812 0.097679178 0)
(3.7534712 0.12358795 -1.653542e-19)
(3.6229121 0.036872344 0)
(3.6312785 0.037662386 1.954402e-19)
(3.6402387 0.038116552 0)
(3.6493315 0.038350778 0)
(3.6583866 0.038495764 0)
(3.6673828 0.038589112 -1.9059831e-19)
(3.6762654 0.038708243 0)
(3.684974 0.038970368 1.8829418e-19)
(3.6934799 0.039505431 1.8712274e-19)
(3.7017676 0.040467606 1.8590471e-19)
(3.7098302 0.042069294 1.8460481e-19)
(3.7176367 0.044586996 1.8317765e-19)
(3.7252337 0.048477261 3.6321928e-19)
(3.7325045 0.054201822 1.7964379e-19)
(3.7398808 0.063061605 1.7725361e-19)
(3.7468537 0.075236028 1.7431384e-19)
(3.7554877 0.095573011 1.7008752e-19)
(3.766291 0.12228339 7.3239328e-22)
(3.6096369 0.034958212 1.9755459e-19)
(3.617527 0.035609116 -1.9637533e-19)
(3.6259176 0.036018226 0)
(3.6344422 0.036229602 0)
(3.6429412 0.036367726 0)
(3.6514033 0.036473888 0)
(3.6597993 0.036615528 1.9045833e-19)
(3.6680914 0.036903645 -3.7861714e-19)
(3.6762695 0.037467675 -1.7431033e-23)
(3.6843398 0.038461456 -1.8691366e-19)
(3.6923195 0.040094944 -1.8559915e-19)
(3.7002153 0.042642562 -7.8595569e-23)
(3.7081014 0.046547243 -1.8248993e-19)
(3.7159787 0.052283986 -1.7545323e-22)
(3.7242234 0.061025485 -1.7810426e-19)
(3.7329312 0.073201314 -1.7507435e-19)
(3.7432723 0.092478547 -3.4122871e-19)
(3.758818 0.11895726 3.2912983e-19)
(3.598996 0.033087883 -1.0895631e-23)
(3.6067831 0.03362253 0)
(3.6149875 0.033994885 1.9592144e-19)
(3.6233152 0.034195147 0)
(3.6316106 0.034333171 1.9356071e-19)
(3.6398574 0.034453991 0)
(3.6480371 0.034618026 -1.9125841e-19)
(3.6561228 0.034929789 1.9010213e-19)
(3.6641133 0.035516851 -1.8891652e-19)
(3.6720272 0.036531386 0)
(3.6798982 0.038179084 0)
(3.6877614 0.040730496 -1.8484402e-19)
(3.6957121 0.044611994 -1.8301473e-19)
(3.7038343 0.050306285 -1.8110693e-19)
(3.7124745 0.05886277 0)
(3.722061 0.070886433 0)
(3.7333718 0.089118323 1.7113631e-19)
(3.7508157 0.11471385 -1.6501349e-19)
(3.5897575 0.031224513 -1.9900848e-19)
(3.5975257 0.031658877 0)
(3.6056525 0.031995704 -1.966416e-19)
(3.6139044 0.032187967 0)
(3.6221338 0.032327259 -1.815812e-24)
(3.6303181 0.032461667 0)
(3.6384442 0.032646952 0)
(3.6464925 0.032980919 0)
(3.6544668 0.033587633 0)
(3.662394 0.034616057 0)
(3.6703204 0.036266141 0)
(3.678305 0.038802987 0)
(3.6864648 0.042635083 1.8365829e-19)
(3.6949502 0.048245884 0)
(3.7041061 0.056574422 0)
(3.7145653 0.068328093 0)
(3.7269438 0.085564336 0)
(3.7457778 0.10992167 0)
(3.5817131 0.029362978 1.996441e-19)
(3.589473 0.029711485 -1.9849033e-19)
(3.5975424 0.030012533 1.9729546e-19)
(3.6057389 0.030196102 0)
(3.613928 0.030335163 -2.0172904e-24)
(3.6220831 0.030479601 -1.9376398e-19)
(3.630196 0.030682097 1.9259231e-19)
(3.6382547 0.031033564 -1.9140251e-19)
(3.6462681 0.031653034 1.9017181e-19)
(3.6542714 0.03268498 1.8886882e-19)
(3.6623229 0.034322683 -1.8745078e-19)
(3.6705046 0.03682444 0)
(3.6789564 0.040579881 -1.8401434e-19)
(3.6878863 0.046065721 1.8180579e-19)
(3.6976544 0.054122845 -1.7905655e-19)
(3.7090331 0.065503151 1.7558341e-19)
(3.7225694 0.081762705 -1.7103409e-19)
(3.7427419 0.10469564 1.6469572e-19)
(3.574716 0.02750118 -2.0024758e-19)
(3.582475 0.027777431 1.9910383e-19)
(3.5904991 0.028043237 -1.9791246e-19)
(3.5986487 0.028216854 0)
(3.6068044 0.028354135 -1.9554424e-19)
(3.6149383 0.028505149 1.9437057e-19)
(3.6230465 0.028720185 -1.9319164e-19)
(3.6311245 0.029083102 1.9199374e-19)
(3.6391875 0.029706759 -1.9075472e-19)
(3.6472786 0.030730304 -3.1768255e-23)
(3.6554693 0.032339822 1.8801762e-19)
(3.6638629 0.034785474 0)
(3.6726234 0.038436896 1.8457029e-19)
(3.6820082 0.043756908 -1.8236071e-19)
(3.6924009 0.05149815 1.7962587e-19)
(3.7046696 0.062415313 -1.7617541e-19)
(3.7193329 0.07769302 1.7171569e-19)
(3.740741 0.099105022 -1.655163e-19)
(3.5686155 0.025637016 0)
(3.5763809 0.025852966 0)
(3.5843722 0.026084949 0)
(3.5924841 0.02624765 0)
(3.6006137 0.026382067 0)
(3.6087331 0.026536736 -1.9493011e-19)
(3.6168421 0.026759595 0)
(3.6249434 0.027127497 0)
(3.6330587 0.027746548 0)
(3.6412395 0.028750076 -1.8995202e-19)
(3.6495697 0.030316482 0)
(3.6581732 0.032686239 1.8680558e-19)
(3.6672375 0.036207585 0)
(3.6770619 0.041323159 1.8258668e-19)
(3.688056 0.048705534 0)
(3.7011518 0.059083895 0)
(3.7168585 0.073365205 -1.7156539e-19)
(3.7393541 0.093210887 1.6529631e-19)
(3.563285 0.023768567 0)
(3.5710622 0.023934649 -2.0019458e-19)
(3.5790309 0.02413508 0)
(3.5871137 0.024286337 1.978275e-19)
(3.5952239 0.02441699 0)
(3.6033349 0.024572538 1.9546158e-19)
(3.6114497 0.024798388 0)
(3.6195775 0.025164772 -1.9303449e-19)
(3.6277468 0.025770894 0)
(3.6360174 0.026743827 0)
(3.6444852 0.028253527 -1.8891858e-19)
(3.6532931 0.030528951 -3.7456377e-19)
(3.6626508 0.033895443 0)
(3.6728934 0.038770437 -1.4698335e-22)
(3.684456 0.04575352 -1.8009811e-19)
(3.698311 0.055530349 0)
(3.714967 0.068798988 3.7897159e-22)
(3.7384087 0.087064565 -4.7328346e-22)
(3.5586243 0.021894765 0)
(3.5664164 0.022020104 4.0139888e-19)
(3.5743705 0.022191797 0)
(3.5824314 0.022331314 -1.9833525e-19)
(3.5905274 0.022457136 0)
(3.5986346 0.022610711 0)
(3.6067588 0.022834783 0)
(3.6149153 0.02319353 1.9352726e-19)
(3.6231391 0.023779239 -1.922308e-19)
(3.6314982 0.024712099 1.9086122e-19)
(3.6401 0.02615254 3.7877017e-19)
(3.6491048 0.028316102 6.6332534e-23)
(3.6587427 0.031503958 1.8571181e-19)
(3.669379 0.036104715 -3.6686378e-19)
(3.6814731 0.042651284 3.6113974e-19)
(3.6960212 0.051775224 -1.768568e-19)
(3.7135334 0.064016346 3.4493941e-19)
(3.7377992 0.080707761 -1.6660854e-19)
(3.5545531 0.020015151 0)
(3.562362 0.020107683 -1.0059042e-19)
(3.5703074 0.02025363 0)
(3.5783521 0.020381153 0)
(3.5864381 0.020500856 -9.8811347e-20)
(3.5945449 0.020649667 9.8213795e-20)
(3.6026808 0.020867595 -9.7608254e-20)
(3.6108667 0.021213264 0)
(3.6191443 0.02177193 2.8903781e-19)
(3.6275893 0.02265604 -9.5677868e-20)
(3.6363197 0.024015288 -9.4937988e-20)
(3.6455113 0.026050123 1.8815521e-19)
(3.6554134 0.029036682 -9.3150309e-20)
(3.6664166 0.033332403 2.7576968e-19)
(3.6790023 0.03940906 -9.0614104e-20)
(3.6941789 0.047838656 1.775053e-19)
(3.7124576 0.059040027 -8.6688232e-20)
(3.7374417 0.07417466 8.335764e-20)
(3.5510068 0.018129677 1.0138721e-19)
(3.5588333 0.018196215 -1.1867055e-24)
(3.5667744 0.018319297 1.0022654e-19)
(3.5748074 0.018434569 -9.9633097e-20)
(3.5828866 0.018546792 1.1558518e-24)
(3.5909952 0.018688327 -9.843998e-20)
(3.5991442 0.018896332 9.7833109e-20)
(3.6073595 0.019224151 -9.720635e-20)
(3.6156891 0.019749739 -9.6563843e-20)
(3.6242157 0.020576893 -9.5875395e-20)
(3.6330675 0.021843473 -1.9022913e-19)
(3.6424341 0.02373355 9.4252196e-20)
(3.6525819 0.026497759 -1.8656891e-19)
(3.663923 0.03046094 -1.842281e-19)
(3.6769583 0.036038441 -8.2716303e-23)
(3.6927005 0.04374055 -8.8852066e-20)
(3.7116596 0.053892644 -1.7337965e-19)
(3.7372681 0.067493393 -8.383619e-20)
(3.547933 0.016238515 -1.0160513e-19)
(3.5557771 0.016284805 -1.0103248e-19)
(3.5637171 0.016387663 -2.0088828e-19)
(3.5717418 0.016490488 9.951495e-25)
(3.5798166 0.016593983 9.9254515e-20)
(3.5879286 0.016726109 0)
(3.5960912 0.016920957 9.8042387e-20)
(3.6043351 0.017226635 4.5866581e-24)
(3.6127138 0.01771348 0)
(3.6213168 0.018475852 -9.6068056e-20)
(3.6302813 0.019638921 1.7942381e-23)
(3.6398093 0.021369447 -9.4482488e-20)
(3.6501824 0.023892319 3.8370092e-23)
(3.661831 0.027498911 5.4238625e-23)
(3.6752723 0.032552002 -9.0938573e-20)
(3.6915187 0.039500106 1.0044187e-22)
(3.7110764 0.048595632 1.2937972e-22)
(3.7372241 0.060687012 -8.3992519e-20)
(3.5452892 0.014341995 1.0181495e-19)
(3.5531501 0.014372821 0)
(3.5610911 0.014457831 1.00652e-19)
(3.5691103 0.014548133 1.0005794e-19)
(3.5771824 0.014641839 0)
(3.5852988 0.014762745 0)
(3.5934751 0.01494159 -2.5425301e-24)
(3.6017459 0.015221171 4.201996e-24)
(3.61017 0.015663947 0)
(3.6188432 0.016354242 1.0680518e-23)
(3.6279104 0.017403895 1.6200143e-23)
(3.6375848 0.018961639 -9.465857e-20)
(3.6481614 0.021226436 9.3711227e-20)
(3.6600857 0.024455633 9.2560565e-20)
(3.6738888 0.028962591 0)
(3.6905791 0.035135285 8.9293002e-23)
(3.7106576 0.04316869 8.7306826e-20)
(3.7372666 0.053774621 1.3861335e-22)
(3.5430407 0.012440484 5.8155309e-25)
(3.5509172 0.012459843 -1.0143833e-19)
(3.5588605 0.012529147 0)
(3.5668762 0.012606987 0)
(3.5749471 0.012690013 0)
(3.5830683 0.012798119 0)
(3.5912575 0.012958413 -9.8443718e-20)
(3.5995531 0.013208274 3.7613375e-24)
(3.6080183 0.013602106 9.7158052e-20)
(3.6167544 0.014213761 1.92935e-19)
(3.6259135 0.015141227 1.4323115e-23)
(3.6357182 0.016514613 1.8974252e-19)
(3.6464752 0.01850676 0)
(3.6586425 0.02134065 9.2736694e-20)
(3.6727625 0.025282827 -9.1343623e-20)
(3.6898379 0.030662728 1.7934172e-19)
(3.7103635 0.037629884 -8.7518346e-20)
(3.7373621 0.046772642 1.6962083e-19)
(3.5411596 0.010534469 -1.5331271e-19)
(3.54905 0.010545638 1.5244445e-19)
(3.5569964 0.010601105 0)
(3.5650101 0.010666614 -5.0222819e-20)
(3.5730806 0.010738198 0)
(3.5812065 0.010832114 0)
(3.5894077 0.010971611 -4.9314848e-20)
(3.5977254 0.011188546 1.4700441e-19)
(3.6062267 0.011529147 -4.8678559e-20)
(3.615018 0.012056456 -4.8334827e-20)
(3.6242572 0.012854158 9.5913428e-20)
(3.6341753 0.014033214 -4.7549525e-20)
(3.6450886 0.015740158 0)
(3.6574653 0.018163447 -1.3948995e-19)
(3.671857 0.021525016 1.3745427e-19)
(3.6892598 0.026098099 -8.9996379e-20)
(3.7101622 0.031996187 1.3188815e-19)
(3.7374844 0.039695859 -4.2688493e-20)
(3.5396234 0.0086246799 5.119687e-20)
(3.5475257 0.0086303377 -5.0906557e-20)
(3.5554754 0.0086735498 0)
(3.5634881 0.0087268639 5.0314393e-20)
(3.5715588 0.0087863268 0)
(3.5796892 0.008864827 -4.9712353e-20)
(3.5879009 0.0089815834 4.940642e-20)
(3.5962375 0.0091628364 -4.9092668e-20)
(3.6047697 0.0094465464 -2.1872066e-24)
(3.6136077 0.0098846598 -4.8423345e-20)
(3.6229148 0.010546174 0)
(3.6329283 0.011522446 -7.5100407e-24)
(3.643973 0.012933549 0)
(3.6565252 0.014933403 4.6619462e-20)
(3.6711432 0.017701199 -9.1895305e-20)
(3.688817 0.02145629 0)
(3.7100287 0.026283531 -4.4156887e-20)
(3.7376134 0.032557647 -4.1486228e-23)
(3.5384145 0.0067113008 0)
(3.5463267 0.0067136318 -5.099452e-20)
(3.5542795 0.0067459569 0)
(3.5622918 0.0067872919 5.0401768e-20)
(3.570363 0.0068341432 0)
(3.5784973 0.0068962653 4.9800168e-20)
(3.5867178 0.006988729 0)
(3.5950699 0.0071320692 -4.9179294e-20)
(3.6036272 0.0073559039 -4.885587e-20)
(3.6125031 0.0077008642 -4.8511366e-20)
(3.621865 0.0082209434 -4.8142046e-20)
(3.6319558 0.0089875414 -9.547355e-20)
(3.6431063 0.01009417 0)
(3.6557992 0.011660294 0)
(3.6705982 0.013823929 1.6154437e-23)
(3.6884875 0.016752618 0)
(3.7099436 0.020508462 -4.4321917e-20)
(3.7377336 0.025371719 -4.308687e-20)
(3.5375199 0.0047958961 0)
(3.5454397 0.0047963246 2.5539591e-20)
(3.5533949 0.0048186197 0)
(3.5614072 0.0048480017 -5.0486092e-20)
(3.569479 0.0048817509 0)
(3.5776164 0.0049266691 0)
(3.5858435 0.004993576 0)
(3.5942075 0.005097205 2.4633017e-20)
(3.6027839 0.0052587514 0)
(3.6116885 0.0055073433 4.8602892e-20)
(3.6210919 0.0058817091 2.4121038e-20)
(3.631241 0.0064330037 4.7839442e-20)
(3.6424713 0.0072280798 2.3690881e-20)
(3.6552701 0.008352018 2.3427489e-20)
(3.6702047 0.0099028455 2.3125258e-20)
(3.6882552 0.011997913 2.2733343e-20)
(3.7098924 0.01468128 4.4552481e-20)
(3.7378358 0.018142474 0)
(3.5369299 0.0028780627 0)
(3.5448547 0.0028780436 2.5580089e-20)
(3.5528116 0.0028912345 -1.2716106e-20)
(3.5608239 0.0029088826 1.2641672e-20)
(3.568896 0.0029293027 -1.2566732e-20)
(3.5770355 0.0029565372 1.2491183e-20)
(3.5852672 0.0029971316 0)
(3.5936392 0.0030599865 2.4673668e-20)
(3.6022283 0.0031578661 0)
(3.6111523 0.0033083207 0)
(3.6205836 0.0035347012 2.4165591e-20)
(3.6307717 0.0038677936 0)
(3.6420556 0.0043478532 -2.374938e-20)
(3.6549253 0.0050256908 -2.3495199e-20)
(3.6699506 0.0059604937 2.3193887e-20)
(3.6881088 0.0072200742 -2.2830116e-20)
(3.7098658 0.0088352136 0)
(3.7379131 0.010904006 0)
(3.5366359 0.00095905836 0)
(3.5445633 0.00095917331 0)
(3.5525212 0.00096365871 1.1764365e-20)
(3.5605337 0.00096962408 -1.1696425e-20)
(3.5686062 0.00097651561 1.1628034e-20)
(3.5767469 0.00098569275 -1.1559129e-20)
(3.5849812 0.00099936563 0)
(3.5933575 0.0010205309 0)
(3.6019536 0.0010534709 0)
(3.6108879 0.0011040688 0)
(3.6203342 0.0011801564 0)
(3.6305434 0.0012920361 0)
(3.641856 0.0014532155 0)
(3.6547639 0.0016805594 0)
(3.6698377 0.0019941171 0)
(3.6880547 0.0024154344 0)
(3.7098755 0.0029572145 0)
(3.7379809 0.0036453641 0)
(0.40424185 0.0081990705 0)
(0.48745215 0.023427811 1.8638109e-21)
(0.56705416 0.042149785 0)
(0.63219188 0.056130259 1.7282036e-18)
(0.69074725 0.066383043 0)
(0.74733883 0.075153617 -1.5317767e-18)
(0.79976097 0.083252777 0)
(0.85427494 0.090192427 1.4235609e-18)
(1.3382067 0.03979419 0)
(1.4137423 0.051898997 2.8774184e-21)
(1.4917849 0.07107242 0)
(1.5615624 0.089274747 0)
(1.6283199 0.10516856 0)
(1.6945364 0.11996675 8.0679464e-19)
(1.7575436 0.1339745 -7.7750407e-19)
(1.8220742 0.14708185 7.6448441e-19)
(2.2414451 0.081231149 -6.2114556e-19)
(2.2999399 0.093860625 3.0481763e-21)
(2.3595892 0.11047216 0)
(2.4116394 0.12710823 -5.7723057e-19)
(2.4619544 0.14263753 0)
(2.512798 0.15743044 -5.5798339e-19)
(2.5617636 0.17143266 5.5069549e-19)
(2.6119263 0.18499518 -1.0900331e-18)
(2.9585852 0.11586613 4.8258249e-19)
(2.997821 0.12850854 4.7029049e-19)
(3.0379888 0.14226558 -4.6199561e-19)
(3.072171 0.15674496 4.6213668e-19)
(3.105368 0.17132158 0)
(3.1396348 0.185591 4.5415186e-19)
(3.1732109 0.19915544 -4.4596818e-19)
(3.207716 0.21260809 4.4807603e-19)
(3.4265457 0.13804395 -4.154096e-19)
(3.4492508 0.15052945 0)
(3.4731921 0.16255134 8.1460176e-19)
(3.4933375 0.17530844 -4.046057e-19)
(3.5130773 0.18863102 0)
(3.5341175 0.20180065 0)
(3.5554675 0.21430159 4.0141723e-19)
(3.5776927 0.22669922 0)
(3.6671938 0.1477051 3.9099934e-19)
(3.6791242 0.15954583 0)
(3.6925973 0.17047385 -3.8417713e-19)
(3.7043037 0.18179707 3.8382241e-19)
(3.7160774 0.19366034 0)
(3.7291662 0.20543805 0)
(3.7431774 0.21666423 0)
(3.7580691 0.22772121 0)
(3.7563623 0.14832471 3.7632003e-19)
(3.763183 0.15915276 3.7278122e-19)
(3.7716327 0.16931236 3.7229431e-19)
(3.7797174 0.17955068 3.7193345e-19)
(3.788193 0.19011363 3.7144636e-19)
(3.7978506 0.20060838 3.7053844e-19)
(3.8086286 0.21067651 3.692086e-19)
(3.8202525 0.22049902 3.7038376e-19)
(3.7733999 0.14431096 -2.7764199e-21)
(3.7787386 0.15398475 -7.420609e-19)
(3.7855391 0.16340518 -7.4138965e-19)
(3.7926884 0.17273736 -2.4593816e-21)
(3.8004164 0.18218153 -7.3970635e-19)
(3.8091605 0.19155013 -7.379474e-19)
(3.8189772 0.20059725 -3.6889418e-19)
(3.8295787 0.20937118 -7.3786394e-19)
(3.768728 0.13867125 -3.7452226e-19)
(3.7741372 0.14721734 3.7111145e-19)
(3.7807071 0.15581459 3.7080933e-19)
(3.7878627 0.16430315 -3.7039545e-19)
(3.7956911 0.17278577 3.6979922e-19)
(3.8044061 0.18118904 3.6886928e-19)
(3.8140666 0.18935144 0)
(3.8244393 0.19726004 3.6882069e-19)
(3.7625711 0.13260593 0)
(3.7684346 0.14015295 0)
(3.7751576 0.14789405 3.6788018e-19)
(3.7824657 0.15557587 0)
(3.7904747 0.16321392 0)
(3.7992841 0.17077349 0)
(3.8089191 0.17814711 0)
(3.8191989 0.18530381 0)
(3.7588939 0.12632406 0)
(3.765193 0.1330293 0)
(3.7721159 0.13995871 -3.6903213e-19)
(3.7795414 0.14688172 0)
(3.7876523 0.15376258 0)
(3.7965033 0.1605707 0)
(3.8060889 0.16723092 0)
(3.8162616 0.17371164 0)
(3.7569485 0.1197847 3.7092059e-19)
(3.7635955 0.125783 3.6695917e-19)
(3.7707024 0.13198212 0)
(3.7782203 0.13820679 3.6592999e-19)
(3.7863851 0.14440282 3.6514403e-19)
(3.7952408 0.15053556 3.6411678e-19)
(3.8047625 0.1565481 0)
(3.8148223 0.16241167 3.6420917e-19)
(3.7558418 0.11297233 -3.7198429e-19)
(3.7627608 0.11836243 -1.4840138e-21)
(3.7700302 0.12391461 -3.6590361e-19)
(3.7776338 0.129505 -3.6678439e-19)
(3.7858387 0.13507977 -1.4999421e-21)
(3.7946893 0.14060181 -3.6487455e-19)
(3.8041512 0.14602458 -3.6213038e-19)
(3.8141091 0.15132155 -1.4303549e-21)
(3.7551912 0.10591424 1.8510946e-19)
(3.7623236 0.11076602 -3.6737236e-19)
(3.769732 0.1157426 3.6676973e-19)
(3.7774169 0.12075878 1.8236799e-19)
(3.7856585 0.12576826 -3.6521682e-19)
(3.7945037 0.13073446 1.8138798e-19)
(3.8039139 0.13561737 3.6282223e-19)
(3.8137835 0.14039213 -3.6414512e-19)
(3.7548556 0.098650119 -3.7057841e-19)
(3.7621554 0.10301467 -1.8285943e-19)
(3.7696798 0.1074732 0)
(3.7774379 0.11196753 -3.6491378e-19)
(3.7857131 0.11645995 -1.816947e-19)
(3.7945533 0.12091638 -3.62881e-19)
(3.8039182 0.12530172 0)
(3.8137109 0.12959284 -1.8116875e-19)
(3.7547548 0.091216814 1.8545119e-19)
(3.7621863 0.095133095 3.6603425e-19)
(3.7698052 0.099119206 0)
(3.7776265 0.10313538 1.8253633e-19)
(3.7859308 0.10715136 3.6357388e-19)
(3.7947654 0.11113647 1.8148701e-19)
(3.8040894 0.11505995 0)
(3.8138142 0.11890078 3.6246183e-19)
(3.7548244 0.083645103 -1.8488013e-19)
(3.7623596 0.08714364 -3.6584516e-19)
(3.7700544 0.090693346 0)
(3.7779283 0.094267002 -1.8187665e-19)
(3.7862562 0.097840343 -1.8187428e-19)
(3.7950838 0.1013864 -1.80805e-19)
(3.8043703 0.10487853 0)
(3.8140346 0.10829808 -1.8129137e-19)
(3.7550106 0.075959734 3.7020383e-19)
(3.7626276 0.079064831 3.6575137e-19)
(3.7703826 0.082206733 0)
(3.778299 0.085366891 3.6406759e-19)
(3.7866449 0.088525848 1.8130999e-19)
(3.7954641 0.091660347 3.6186774e-19)
(3.8047161 0.094747615 0)
(3.8143264 0.097771379 1.8072913e-19)
(3.7552698 0.068180216 -1.8531705e-19)
(3.7629513 0.070911623 -1.830653e-19)
(3.7707535 0.073668869 0)
(3.7787035 0.076439543 -1.821888e-19)
(3.7870626 0.079208087 -1.8166744e-19)
(3.7958724 0.081954769 -3.7756413e-22)
(3.8050929 0.08466034 -1.8001605e-19)
(3.8146552 0.087310719 -1.8105353e-19)
(3.7555668 0.060322126 1.8503339e-19)
(3.7632992 0.062696301 1.8275879e-19)
(3.7711382 0.065088121 1.8230928e-19)
(3.7791144 0.067489566 1.8184625e-19)
(3.7874828 0.069888265 1.8131279e-19)
(3.796283 0.072267685 -3.2803357e-22)
(3.805475 0.074611699 1.8034875e-19)
(3.814995 0.07690818 1.8069627e-19)
(3.7558739 0.052398508 -2.7804292e-19)
(3.7636462 0.054429403 -1.8315903e-19)
(3.7715139 0.056471969 -1.8269533e-19)
(3.7795106 0.058521269 -2.7318581e-19)
(3.7878853 0.060567543 -2.7236638e-19)
(3.7966761 0.062597125 -2.7143279e-19)
(3.8058431 0.06459664 0)
(3.815326 0.066555733 -2.7140283e-19)
(3.7561696 0.044420999 9.279769e-20)
(3.7639732 0.046120579 -9.1520117e-20)
(3.771863 0.047827641 9.1280676e-20)
(3.7798754 0.049539271 9.1154234e-20)
(3.7882544 0.051247834 1.1864384e-22)
(3.7970364 0.052942223 9.055888e-20)
(3.8061817 0.054611502 9.0096161e-20)
(3.8156329 0.056247017 1.1391112e-22)
(3.756438 0.036399386 0)
(3.7642658 0.037777185 9.1720987e-20)
(3.7721725 0.039159532 -9.1475168e-20)
(3.7801967 0.040544905 0)
(3.7885784 0.041927524 9.0938731e-20)
(3.7973525 0.043298571 0)
(3.8064793 0.044649281 -9.0267152e-20)
(3.8159041 0.045972634 9.0598007e-20)
(3.7566659 0.028346125 -4.6465458e-20)
(3.7645118 0.029410653 -4.587616e-20)
(3.772431 0.030477203 0)
(3.7804641 0.031545358 -4.5621044e-20)
(3.7888476 0.032611139 -4.5476033e-20)
(3.7976153 0.033667903 -4.5313641e-20)
(3.8067273 0.034708952 0)
(3.8161309 0.035728917 -4.5302325e-20)
(3.7568481 0.020260932 4.6572294e-20)
(3.7647059 0.021018294 9.1929245e-20)
(3.7726328 0.021776038 -4.5822236e-20)
(3.7806716 0.022534772 4.5716885e-20)
(3.7890559 0.023291821 9.111152e-20)
(3.7978185 0.024042285 4.5403815e-20)
(3.8069193 0.024781366 -4.5198624e-20)
(3.8163069 0.025505519 9.0751761e-20)
(3.7569791 0.012172681 -2.3318535e-20)
(3.764844 0.012623253 -4.6053946e-20)
(3.7727763 0.013073091 4.5921907e-20)
(3.7808197 0.013524696 0)
(3.7892051 0.013976529 -4.5636459e-20)
(3.7979643 0.014425019 0)
(3.8070577 0.014866901 4.5287065e-20)
(3.8164346 0.015301132 -4.5450396e-20)
(3.7570737 0.0040681057 2.2944281e-20)
(3.7649394 0.0042164286 0)
(3.7728755 0.0043640114 0)
(3.7809244 0.0045127753 0)
(3.7893132 0.0046623101 0)
(3.7980727 0.0048111656 0)
(3.807165 0.0049580433 0)
(3.8165387 0.0051031989 0)
(0.93275984 0.097921317 -1.6371958e-17)
(1.0146008 0.10759982 1.5256947e-17)
(1.0790711 0.11537135 -1.4178558e-17)
(1.1363122 0.12162482 0)
(1.1868094 0.12664722 0)
(1.2442525 0.13111312 1.7061074e-20)
(1.2856254 0.13337778 0)
(1.4357218 0.14290536 -9.1193308e-18)
(1.9267886 0.16835124 1.0264252e-17)
(2.0599427 0.19560725 0)
(2.1759583 0.21787057 1.8009455e-17)
(2.2824006 0.2358871 0)
(2.3810505 0.24978772 0)
(2.4833831 0.26144465 7.1970803e-18)
(2.5727966 0.26445331 6.4960842e-18)
(2.7415682 0.27694752 5.8499985e-18)
(2.6955626 0.20790696 -7.5256325e-18)
(2.8070471 0.23682129 -7.2268343e-18)
(2.909032 0.26051085 -1.3796927e-17)
(3.0065635 0.27949069 -6.5168482e-18)
(3.1009291 0.29353003 0)
(3.1994077 0.30418578 0)
(3.2921808 0.30429127 -5.1997436e-18)
(3.4341477 0.31013577 0)
(3.2674258 0.23530848 9.4643763e-18)
(3.3500307 0.26384417 3.0883045e-18)
(3.428818 0.28717521 5.9221086e-18)
(3.5069408 0.30544104 5.655918e-18)
(3.5849403 0.31810588 2.6692735e-18)
(3.6674856 0.32645253 0)
(3.7478485 0.3232819 0)
(3.859804 0.32362095 -2.1243772e-18)
(3.6192839 0.24801977 -1.7872975e-20)
(3.6803671 0.2749957 2.8090918e-18)
(3.7421026 0.29696449 2.7111253e-18)
(3.8059689 0.31376103 2.6061462e-18)
(3.871649 0.32467656 -2.4866669e-18)
(3.9417713 0.33065734 2.3405986e-18)
(4.0115214 0.32520555 0)
(4.0998821 0.32079035 2.002588e-18)
(3.7891255 0.24740468 -2.7393604e-18)
(3.8380628 0.27260609 0)
(3.8904733 0.29307829 -1.1351027e-20)
(3.94667 0.3084951 -2.5218737e-18)
(4.005748 0.31807493 0)
(4.068841 0.32237966 -2.2722776e-18)
(4.1325734 0.31598412 0)
(4.2057102 0.30810773 0)
(3.8466602 0.2386008 0)
(3.8904276 0.26204733 0)
(3.9389791 0.28104554 -2.5802716e-18)
(3.9919712 0.29520061 0)
(4.0482274 0.30372685 0)
(4.1079464 0.30681908 0)
(4.1687208 0.30024052 0)
(4.2333845 0.28992789 0)
(3.8544271 0.22602127 0)
(3.896432 0.24781053 2.625107e-18)
(3.9435985 0.26543292 0)
(3.9952837 0.27845707 0)
(4.0502374 0.28612977 0)
(4.1081354 0.28835706 0)
(4.1671246 0.28195148 0)
(4.2271719 0.27027919 0)
(3.8487405 0.21256658 0)
(3.8899504 0.23276841 -2.6336631e-18)
(3.9363068 0.24908601 2.5574947e-18)
(3.9870501 0.26105326 -2.4731502e-18)
(4.0409288 0.26796485 0)
(4.0973318 0.26953152 2.2561823e-18)
(4.1546854 0.26339121 -2.1263528e-18)
(4.2117663 0.25121732 0)
(3.8431044 0.1993357 2.6570642e-18)
(3.8835756 0.21799112 0)
(3.9290629 0.23305133 -2.5650121e-18)
(3.9787661 0.2440112 4.9537535e-18)
(4.0314441 0.25021659 0)
(4.0863153 0.25126494 -2.2625886e-18)
(4.1419473 0.24540938 -4.8426615e-21)
(4.1966633 0.23333631 0)
(3.8397605 0.18653439 -1.1716859e-20)
(3.8794427 0.20369232 -2.6184528e-18)
(3.9239809 0.21754354 0)
(3.9725679 0.22754664 -2.4800636e-18)
(4.0239709 0.23309742 -2.3787556e-18)
(4.0772996 0.23374116 2.2702365e-18)
(4.1312051 0.22818408 2.1464266e-18)
(4.1838527 0.21658173 0)
(3.8379324 0.17409366 -2.6647178e-18)
(3.8768487 0.18981195 2.6261517e-18)
(3.9204472 0.2025041 0)
(3.9679327 0.2116031 0)
(4.0180823 0.21655231 2.3845242e-18)
(4.0699367 0.21688652 -2.2764473e-18)
(4.1222085 0.21164769 0)
(4.173039 0.2007252 0)
(3.8368713 0.16193105 -2.6535552e-18)
(3.8750852 0.1762727 -2.6163216e-18)
(3.9177989 0.18785711 -2.555077e-18)
(3.9642412 0.1961057 0)
(4.0132045 0.20050673 0)
(4.0636898 0.20061092 -2.2845884e-18)
(4.1144624 0.1957109 0)
(4.163714 0.18557693 0)
(3.8362392 0.14999385 2.6630485e-18)
(3.873818 0.16302284 7.6512684e-21)
(3.9157113 0.17355055 5.9291984e-21)
(3.9611797 0.18100083 0)
(4.0090364 0.18490443 -2.3909689e-18)
(4.0582651 0.18484342 -8.9621911e-22)
(4.1076799 0.18029835 0)
(4.1555654 0.17100016 -2.0784751e-18)
(3.8358954 0.13824686 0)
(3.8729006 0.15002644 5.242252e-18)
(3.914038 0.15954782 2.5628699e-18)
(3.9586036 0.16624967 2.4826402e-18)
(4.0054366 0.16970311 1.4159732e-21)
(4.0535194 0.16952924 4.5990913e-18)
(4.1017129 0.16534946 0)
(4.1484156 0.15689709 2.088217e-18)
(3.835758 0.12666282 0)
(3.8722462 0.13725489 -2.6259641e-18)
(3.9126915 0.14581942 1.2799486e-18)
(3.9564263 0.15181999 -2.4893503e-18)
(4.0023198 0.15486629 1.2019591e-18)
(4.0493643 0.154621 -2.3072152e-18)
(4.0964662 0.15081087 0)
(4.1421431 0.14319155 0)
(3.8357653 0.11521972 0)
(3.8717894 0.12468405 1.3113078e-18)
(3.9116061 0.13233948 -2.5652472e-18)
(3.9545831 0.13768239 0)
(3.9996218 0.14035953 1.2042136e-18)
(4.045732 0.14007472 -1.1581581e-18)
(4.091864 0.13663318 0)
(4.1366516 0.12982099 -1.0616625e-18)
(3.8358691 0.1038998 1.3330687e-18)
(3.8714796 0.11229282 -1.3157149e-18)
(3.9107303 0.119084 1.285434e-18)
(3.9530226 0.12380849 1.2475911e-18)
(3.9972908 0.12614898 0)
(4.042567 0.12584839 1.1620246e-18)
(4.0878432 0.12277026 1.1155738e-18)
(4.131861 0.1167327 1.0667152e-18)
(3.8360325 0.092688149 -2.5670911e-21)
(3.8712775 0.10006157 -1.3155217e-18)
(3.9100239 0.10602942 0)
(3.951704 0.11016995 -1.2513561e-18)
(3.9952851 0.11220099 -1.2101676e-18)
(4.0398236 0.11190193 1.1666768e-18)
(4.0843507 0.10917942 -2.2410752e-18)
(4.1277049 0.10388209 0)
(3.836228 0.081571489 -1.3410588e-18)
(3.871153 0.087971402 1.3201739e-18)
(3.9094553 0.093152328 1.2884858e-18)
(3.9505951 0.096738705 0)
(3.993571 0.098482907 1.2140278e-18)
(4.0374643 0.098198011 -1.1707475e-18)
(4.081342 0.095822148 2.252063e-18)
(4.1241283 0.091231631 -1.0821611e-18)
(3.8364345 0.070536472 0)
(3.871083 0.076003076 1.3213515e-18)
(3.9090002 0.080428975 -1.2927551e-18)
(3.9496704 0.083486879 0)
(3.9921212 0.084963191 0)
(4.0354582 0.084701899 0)
(4.0787806 0.082663727 -1.1310503e-18)
(4.1210858 0.07874929 -1.2818135e-21)
(3.8366357 0.059571638 -6.731294e-19)
(3.8710498 0.064139164 -6.6380847e-19)
(3.9086394 0.067837386 0)
(3.9489097 0.070388577 0)
(3.990914 0.07161271 0)
(4.0337804 0.071382141 0)
(4.0766362 0.06967327 0)
(4.1185403 0.066407669 1.0937602e-18)
(3.8368194 0.048663268 6.7594448e-19)
(3.8710396 0.05236088 -1.3292423e-18)
(3.9083582 0.055354938 0)
(3.9482972 0.057417782 0)
(3.9899321 0.0584026 0)
(4.0324107 0.058208063 0)
(4.0748842 0.056821006 0)
(4.1164618 0.054180964 -5.5043499e-19)
(3.8369765 0.037802678 0)
(3.8710429 0.040653505 6.6686984e-19)
(3.9081459 0.042962802 0)
(3.9478211 0.044552433 0)
(3.9891624 0.045308185 6.1453968e-19)
(4.0313338 0.045153407 0)
(4.0735058 0.044081511 0)
(4.1148269 0.042047466 1.1063756e-18)
(3.8371006 0.02697594 3.4009264e-19)
(3.8710528 0.028996882 0)
(3.9079954 0.030635843 0)
(3.9474739 0.031763882 3.1781526e-19)
(3.9885962 0.032298623 -6.1664325e-19)
(4.0305392 0.032186835 2.9829637e-19)
(4.0724877 0.031425852 0)
(4.1136196 0.029983868 -8.3401976e-19)
(3.8371934 0.016181412 -5.1229145e-19)
(3.8710708 0.017386969 0)
(3.9079085 0.018365567 -1.6384766e-19)
(3.9472572 0.019038733 -4.7832655e-19)
(3.9882348 0.019355664 0)
(4.030027 0.019285518 -4.4907614e-19)
(4.0718279 0.018828219 -1.4463823e-19)
(4.1128348 0.017964148 2.7936872e-19)
(3.8372805 0.0053974856 1.6169927e-19)
(3.8711205 0.0057982539 0)
(3.907906 0.0061235044 1.5474405e-19)
(3.9471882 0.0063468657 1.5039671e-19)
(3.9880903 0.006450846 0)
(4.0298029 0.0064254878 1.4096378e-19)
(4.0715245 0.0062712906 1.3610956e-19)
(4.1124625 0.0059815886 0)
(1.287848 0.078372261 0)
(0.9910755 0.037276651 0)
(0.8520466 0.022463561 4.5077543e-18)
(0.83500709 0.01981485 -4.541766e-18)
(0.84000433 0.021527582 -4.4560217e-18)
(0.84274873 0.023291959 4.3258476e-18)
(0.8466099 0.02425567 -4.178443e-18)
(0.85125482 0.024796881 4.0210193e-18)
(0.85480696 0.025123982 -3.8479807e-18)
(0.8571529 0.025294003 3.6685104e-18)
(0.85891926 0.025372232 3.5050977e-18)
(0.86048366 0.025413379 -3.3237836e-18)
(0.86198219 0.025441007 -3.7494114e-21)
(0.86349269 0.025464337 -2.9565588e-18)
(0.86507957 0.025491915 0)
(0.86678745 0.025531089 -2.5841786e-18)
(0.86864265 0.025583126 2.3870469e-18)
(0.87066031 0.025642254 -2.1932899e-18)
(0.8728412 0.02570121 -3.7146211e-21)
(0.87519237 0.025757039 -1.7933357e-18)
(0.87768034 0.0258157 -3.9272352e-22)
(0.88038504 0.025878311 -1.397568e-18)
(0.88306085 0.025960265 1.1854508e-18)
(0.88636742 0.02601483 -9.7500279e-19)
(0.88848194 0.02615704 7.5946271e-19)
(0.89390372 0.026053526 -1.0885529e-18)
(0.89157459 0.026631723 -3.2062291e-19)
(0.90198953 0.025398567 -5.5500227e-22)
(2.7140043 0.19838232 2.2222069e-18)
(2.5393674 0.13898375 2.4638951e-18)
(2.3909973 0.1035712 -2.6497201e-18)
(2.3078504 0.082168535 0)
(2.260621 0.072003855 0)
(2.2311962 0.068076667 -5.4166312e-18)
(2.2141851 0.066625563 1.3153412e-21)
(2.2054651 0.066201919 -2.5757501e-18)
(2.2012652 0.066225789 2.4854772e-18)
(2.1994563 0.066362993 -2.3854415e-18)
(2.1991309 0.0664798 2.284078e-18)
(2.1998511 0.066559606 -4.2475124e-21)
(2.2013568 0.066611958 -2.0633861e-18)
(2.2035044 0.066647343 0)
(2.2062252 0.066680984 0)
(2.2094851 0.066730744 0)
(2.2132636 0.066807369 -1.5939214e-18)
(2.2175468 0.066907812 0)
(2.2223171 0.067019626 -1.3403264e-18)
(2.2275692 0.067133119 0)
(2.2332575 0.067250897 0)
(2.2394513 0.067381098 0)
(2.2458829 0.067539809 -1.0490453e-21)
(2.2532249 0.067688724 0)
(2.259559 0.067954806 -5.1756533e-19)
(2.2696271 0.067867947 3.7292396e-19)
(2.2716785 0.069098564 0)
(2.2886007 0.066676044 -7.9113482e-20)
(3.465977 0.23216945 -3.6274741e-18)
(3.4035873 0.17539904 1.5044824e-20)
(3.3322961 0.14393063 -4.8459222e-22)
(3.2838818 0.122715 -2.0349368e-18)
(3.2499742 0.11014709 -9.7478536e-22)
(3.2246942 0.10357211 7.3063394e-23)
(3.2073123 0.099948442 -9.3979858e-22)
(3.196368 0.097828221 9.4785656e-22)
(3.1897633 0.096593627 1.7593603e-21)
(3.1860798 0.095847796 -1.7731173e-18)
(3.1845707 0.095358061 -1.6976094e-18)
(3.1847741 0.095017096 1.6179558e-18)
(3.1863591 0.094770128 8.5354864e-23)
(3.1890994 0.09458495 2.842182e-21)
(3.1928455 0.094450114 -1.381716e-21)
(3.1974937 0.094369453 0)
(3.2029665 0.09434784 0)
(3.2092058 0.09437872 0)
(3.2161634 0.094443997 2.0052447e-18)
(3.2238102 0.094526282 1.86713e-21)
(3.2320952 0.094621251 -8.0691197e-19)
(3.2410512 0.094736036 -7.0549379e-19)
(3.250472 0.094887596 -6.0243226e-19)
(3.2608335 0.095039875 -8.6322616e-22)
(3.2706954 0.095341786 -3.8680798e-19)
(3.2837232 0.095217673 -4.3222383e-22)
(3.2902959 0.096794432 4.3189095e-22)
(3.3112975 0.093717024 -5.9987253e-20)
(3.9050855 0.24889424 8.0924325e-19)
(3.8883503 0.19309871 -2.5902753e-18)
(3.8602718 0.16400251 0)
(3.8441369 0.14356148 2.6602178e-18)
(3.8344175 0.13016363 0)
(3.8276198 0.12270566 2.5870726e-18)
(3.8243825 0.11854543 -8.4167884e-19)
(3.8245004 0.11608123 0)
(3.8268834 0.11461594 -7.8942323e-19)
(3.8307553 0.11372516 2.2727111e-18)
(3.8357673 0.11313977 1.3800845e-21)
(3.84173 0.1127242 -6.924806e-19)
(3.8485103 0.11241156 -6.5472055e-19)
(3.8560249 0.11216543 -1.2480283e-21)
(3.8642281 0.11197281 -5.8214365e-19)
(3.8730918 0.11183823 -1.1037857e-21)
(3.8825935 0.1117695 5.0488736e-19)
(3.8927156 0.11176348 -4.6530833e-19)
(3.9034429 0.11180321 -8.5394213e-19)
(3.9147727 0.11186877 -3.8397799e-19)
(3.926683 0.11195103 6.8402906e-19)
(3.9392122 0.11205378 3.0166904e-19)
(3.9522096 0.11219414 2.5584777e-19)
(3.9660578 0.11233728 -7.3364315e-22)
(3.9796048 0.11264825 4.9541048e-19)
(3.9959476 0.11250194 -1.185445e-19)
(4.0065067 0.11423062 0)
(4.0319701 0.11088761 2.5122718e-20)
(4.1540041 0.25470754 8.0172216e-19)
(4.1627658 0.20119481 8.1849547e-19)
(4.1571525 0.17294831 8.3750263e-19)
(4.1582487 0.15284128 -8.2834352e-19)
(4.1630935 0.13899029 -8.1793799e-19)
(4.1690198 0.13110402 -7.9995931e-19)
(4.1769214 0.12678154 1.5590223e-18)
(4.1870118 0.12427287 -1.4434707e-21)
(4.1985505 0.12281615 2.7412239e-21)
(4.2109462 0.12198319 -6.9828116e-19)
(4.2239461 0.12148838 0)
(4.2374236 0.1211763 -1.2698298e-18)
(4.2512928 0.12096904 6.028714e-19)
(4.2655099 0.1208244 -5.6807132e-19)
(4.2800644 0.12072531 5.339198e-19)
(4.2949595 0.12067402 -4.9878631e-19)
(4.310201 0.12067883 -4.6491677e-19)
(4.3257964 0.12073978 1.903519e-21)
(4.3417553 0.12084365 -1.4460588e-21)
(4.3580985 0.12097156 7.0442155e-19)
(4.3748306 0.12111191 1.143891e-21)
(4.3920062 0.12126396 -9.7585662e-22)
(4.4095128 0.12144478 -1.0020879e-21)
(4.4277035 0.12161766 1.9205951e-19)
(4.4455623 0.12196662 -1.4929179e-19)
(4.4660102 0.12183803 1.8025363e-22)
(4.4805883 0.12362778 0)
(4.5115853 0.12035661 4.7655191e-20)
(4.2673871 0.25161137 -8.147934e-19)
(4.2954607 0.20146258 0)
(4.3062189 0.17419542 -8.1161477e-19)
(4.3191099 0.15497186 -1.1722869e-21)
(4.3335912 0.14125753 1.5801762e-18)
(4.3478411 0.13318364 -7.410616e-22)
(4.3630322 0.12873153 1.3397807e-21)
(4.3797779 0.12615655 0)
(4.3976414 0.12467723 6.9713283e-19)
(4.4161703 0.12387514 0)
(4.4351701 0.12345561 6.3795406e-19)
(4.4545402 0.12324438 6.0691263e-19)
(4.4742018 0.12315075 5.7503149e-19)
(4.4941087 0.12312526 5.4257927e-19)
(4.5142446 0.12314508 0)
(4.5346063 0.12320736 4.7559926e-19)
(4.5551928 0.12331761 0)
(4.5760054 0.12347688 4.0457805e-19)
(4.5970501 0.12367562 1.5168259e-21)
(4.6183467 0.12389729 -3.3285277e-19)
(4.639904 0.12412839 -1.2328403e-21)
(4.6617783 0.12436217 2.5942257e-19)
(4.6838701 0.12461354 -2.2180701e-19)
(4.7065214 0.12484311 -1.8122682e-19)
(4.7287547 0.12524868 0)
(4.7535268 0.12517798 1.0205253e-19)
(4.771944 0.12695685 0)
(4.8089343 0.12399858 -2.2771526e-20)
(4.2984696 0.24257535 8.1276052e-19)
(4.3391865 0.19660722 0)
(4.3616274 0.17061708 -8.1130285e-19)
(4.3831428 0.15258093 0)
(4.4047853 0.13934709 -1.5601969e-18)
(4.4252565 0.1312612 7.3005149e-22)
(4.4458199 0.1267509 -7.3776245e-19)
(4.4673791 0.12415066 -7.0921758e-22)
(4.4897589 0.12266413 1.3078529e-21)
(4.5126387 0.12188248 -1.3092312e-21)
(4.5358922 0.12151139 -6.2652666e-19)
(4.5594615 0.12136641 1.1914193e-21)
(4.5832913 0.12135006 -5.6395127e-19)
(4.6073457 0.12140986 1.0679752e-21)
(4.6316115 0.1215193 9.3968952e-22)
(4.6560845 0.12167026 -9.3982889e-22)
(4.6807594 0.12186407 -1.6142203e-21)
(4.7056311 0.12210173 1.6144244e-21)
(4.7306987 0.1223775 0)
(4.7559765 0.12267815 0)
(4.7814699 0.122989 0)
(4.8072326 0.12329704 0)
(4.8331656 0.12361358 7.6478912e-22)
(4.8596104 0.12389804 -7.6485546e-22)
(4.8855732 0.12435299 0)
(4.914153 0.12436121 0)
(4.9357669 0.12605465 0)
(4.978207 0.123553 0)
(4.2919017 0.23082303 0)
(4.3391444 0.1891801 0)
(4.3686168 0.16443721 8.1148949e-19)
(4.3954482 0.1475241 8.0005356e-19)
(4.4217246 0.13489959 7.7768394e-19)
(4.4464313 0.12692824 7.5368508e-22)
(4.470713 0.12243212 0)
(4.4956 0.11985113 7.1028667e-19)
(4.5210948 0.11837688 -5.7435197e-23)
(4.5469667 0.11761207 -6.524908e-19)
(4.573135 0.11727186 -1.182395e-21)
(4.5995757 0.11716913 2.3035803e-21)
(4.6262558 0.11720352 -1.1210497e-21)
(4.6531517 0.11732156 0)
(4.6802572 0.1174937 4.922958e-19)
(4.7075718 0.11770633 9.3066228e-22)
(4.7350911 0.11795615 -4.2606369e-19)
(4.7628089 0.11824396 0)
(4.7907217 0.11856816 -3.5684612e-19)
(4.8188408 0.11891959 1.1859181e-21)
(4.8471693 0.11928348 -2.2299626e-21)
(4.8757602 0.11964181 1.9447585e-21)
(4.9045132 0.12000236 -2.1208822e-19)
(4.9337792 0.12032621 -1.4857408e-22)
(4.9625237 0.12081145 -1.3632712e-19)
(4.9940273 0.12090273 0)
(5.0179837 0.12245067 5.5617749e-20)
(5.0647068 0.12045838 0)
(4.274286 0.21816948 0)
(4.3242412 0.18066489 0)
(4.3575518 0.15711629 0)
(4.3871994 0.14119681 -8.0243649e-19)
(4.4159822 0.12922205 7.8390919e-19)
(4.4431258 0.12143236 -7.2933546e-22)
(4.4695792 0.11697209 7.3195342e-22)
(4.4963984 0.11441263 -9.5869948e-22)
(4.5237072 0.11294427 1.3577168e-21)
(4.5513361 0.11218075 6.5079088e-19)
(4.5792293 0.11185031 1.181323e-21)
(4.6073833 0.11176661 5.8795186e-19)
(4.63578 0.11182767 0)
(4.6644032 0.11197916 0)
(4.6932503 0.11218842 -4.9212528e-19)
(4.7223231 0.11243646 0)
(4.7516183 0.11271574 4.2324249e-19)
(4.7811295 0.11302696 1.5915736e-21)
(4.8108513 0.11337235 3.5558775e-19)
(4.8407924 0.11374681 1.1809596e-21)
(4.8709537 0.11413635 -1.1801718e-21)
(4.9013888 0.11451999 2.4696071e-19)
(4.9319955 0.11490297 2.1257547e-19)
(4.9631395 0.11525065 -7.5015952e-22)
(4.9937392 0.11574829 1.3499207e-19)
(5.0272506 0.11591708 9.6705063e-20)
(5.052737 0.11728576 -5.5295616e-20)
(5.1024368 0.11578433 0)
(4.2566204 0.20536234 -8.7158271e-19)
(4.3075626 0.17173248 0)
(4.3431319 0.14941072 -8.2937226e-19)
(4.3743096 0.13438791 -8.1212132e-19)
(4.4043679 0.12306359 -1.5744407e-18)
(4.4328065 0.11549172 -7.6341568e-19)
(4.4603949 0.11107262 0)
(4.4881696 0.1085277 -1.4233621e-18)
(4.516351 0.10705602 -6.7948574e-19)
(4.5448226 0.1062791 -6.5340979e-19)
(4.5735471 0.10593919 -6.2133585e-19)
(4.6025362 0.1058535 -1.1787182e-18)
(4.6317839 0.10591933 -1.12052e-21)
(4.6612796 0.1060813 -5.254275e-19)
(4.691023 0.10630377 -9.2939602e-22)
(4.7210171 0.10656321 -4.5795564e-19)
(4.7512598 0.1068488 -4.2486556e-19)
(4.7817446 0.10716123 -3.8891274e-19)
(4.8124646 0.1075056 -3.5686579e-19)
(4.8434257 0.10788018 -3.1880208e-19)
(4.874626 0.10827255 -2.841998e-19)
(4.9061193 0.10866121 -4.954707e-19)
(4.9378022 0.10905016 -1.4490643e-22)
(4.9700556 0.10941021 -1.738118e-19)
(5.0017542 0.10990711 0)
(5.0364986 0.11014099 -1.9302405e-19)
(5.0628656 0.11132052 -5.4767802e-20)
(5.1143962 0.11024414 -2.3233738e-20)
(4.2415365 0.19263802 8.7962041e-19)
(4.2928624 0.16259782 0)
(4.3300659 0.14157411 8.3414252e-19)
(4.3623177 0.12739149 8.1368512e-19)
(4.3931546 0.11671382 7.907102e-19)
(4.4223729 0.10940018 7.6624532e-19)
(4.4506073 0.10504172 0)
(4.4788558 0.10251611 7.1426044e-19)
(4.5074213 0.10104142 6.8103143e-19)
(4.5362412 0.10024551 6.5484144e-19)
(4.565297 0.099885702 6.2146016e-19)
(4.5946148 0.099785368 5.9230115e-19)
(4.6242009 0.099841646 0)
(4.6540508 0.099997866 5.2639506e-19)
(4.684167 0.100216 0)
(4.7145545 0.10046949 4.5963919e-19)
(4.7452133 0.10074543 4.2392549e-19)
(4.7761381 0.10104435 3.9252422e-19)
(4.8073215 0.10137289 3.5588168e-19)
(4.8387668 0.10173187 3.2155346e-19)
(4.8704696 0.10211136 2.8319305e-19)
(4.9024846 0.10249169 2.4786546e-19)
(4.9347071 0.10287648 7.5000636e-22)
(4.9675324 0.10324143 1.7304553e-19)
(4.9997987 0.10372821 -1.492907e-22)
(5.0352145 0.10400942 9.6053587e-20)
(5.0620129 0.1050059 5.4798876e-20)
(5.1145245 0.10426598 2.3236378e-20)
(4.2288425 0.18004387 8.9930445e-19)
(4.2803463 0.15329671 0)
(4.3189167 0.13364032 8.4472778e-19)
(4.352128 0.12027625 -8.2279611e-19)
(4.3836041 0.11024723 7.9764009e-19)
(4.4134293 0.10323758 7.7141647e-19)
(4.4421471 0.098970538 -7.4007112e-22)
(4.4707066 0.096478011 7.1392974e-19)
(4.4994798 0.095008626 1.3681289e-21)
(4.5284588 0.094197256 0)
(4.5576451 0.093816699 -6.2521993e-19)
(4.5870786 0.093698115 5.9238783e-19)
(4.6167776 0.093738817 5.6120826e-19)
(4.6467446 0.093880933 -5.2733846e-19)
(4.6769852 0.094085193 4.9410304e-19)
(4.7075073 0.094323691 -4.6037624e-19)
(4.7383139 0.094582413 4.2616186e-19)
(4.769402 0.094861184 0)
(4.8007643 0.095166937 3.5632281e-19)
(4.8324026 0.095502381 3.2190084e-19)
(4.8643106 0.095860888 -2.858183e-19)
(4.896544 0.096226248 2.4805777e-19)
(4.9289975 0.096601854 -2.1013993e-19)
(4.9620789 0.096966483 1.724879e-19)
(4.9945978 0.097435658 -1.346316e-19)
(5.0303376 0.097743763 -2.9510842e-22)
(5.0573031 0.098572302 2.9465495e-22)
(5.1102596 0.098079145 -2.3510241e-20)
(4.2179605 0.16759536 -9.0695029e-19)
(4.2695306 0.14384255 0)
(4.3092787 0.12560087 -8.4808467e-19)
(4.3434053 0.1130531 8.2376029e-19)
(4.3754854 0.10367387 -7.9909108e-19)
(4.4058612 0.097009018 -7.7176226e-19)
(4.4350206 0.092866532 0)
(4.4638579 0.090424731 -7.1676535e-19)
(4.4928003 0.088973329 -1.3121604e-21)
(4.521893 0.088155622 2.5639143e-21)
(4.5511578 0.087759305 6.2275165e-19)
(4.580647 0.087624243 -5.9109019e-19)
(4.6103902 0.087648569 -5.6114988e-19)
(4.6403967 0.087773872 5.2720365e-19)
(4.6706757 0.087960984 -4.9589147e-19)
(4.7012381 0.088181954 4.6209063e-19)
(4.7320899 0.088422016 -4.2847132e-19)
(4.7632306 0.088679656 3.0619761e-21)
(4.7946535 0.088961126 -3.5835372e-19)
(4.8263598 0.089270714 -3.2240348e-19)
(4.8583415 0.089605552 2.8729682e-19)
(4.8906554 0.089953478 -2.4857093e-19)
(4.9231956 0.090317139 2.110521e-19)
(4.9563799 0.090676342 -1.7423378e-19)
(4.9889965 0.091121003 1.3481916e-19)
(5.0248786 0.091436272 0)
(5.0518832 0.092116586 0)
(5.1050005 0.091794404 2.3537564e-20)
(4.2085015 0.15529998 -2.1898185e-22)
(4.2600507 0.13425577 -2.0073656e-22)
(4.3007981 0.11745055 4.2784025e-22)
(4.335784 0.10572521 0)
(4.3684406 0.096993582 0)
(4.3993291 0.090706036 7.4318421e-22)
(4.4289096 0.086720063 7.4744078e-19)
(4.4580204 0.084347938 1.3740994e-21)
(4.4871297 0.082928602 -5.9633513e-23)
(4.5163327 0.082115626 -1.3146139e-21)
(4.5456717 0.08171065 0)
(4.5752097 0.081562971 -1.1297713e-21)
(4.6049866 0.08157264 1.1287375e-21)
(4.6350183 0.081681674 0)
(4.6653173 0.081851989 0)
(4.6958973 0.082056238 0)
(4.7267669 0.082278878 0)
(4.7579281 0.082516658 0)
(4.7893752 0.08277476 0)
(4.8211089 0.083058858 -1.1859421e-21)
(4.8531199 0.083369737 1.184639e-21)
(4.8854655 0.083698956 -8.9881697e-22)
(4.9180392 0.084047753 8.9781528e-22)
(4.9512662 0.084395586 -6.0258231e-22)
(4.9839183 0.08480956 1.4994374e-22)
(5.0198622 0.085116177 7.4647668e-22)
(5.046858 0.085670217 5.4157209e-20)
(5.1000119 0.085463168 0)
(4.2002362 0.14315973 0)
(4.251699 0.12456108 0)
(4.2932798 0.10919131 0)
(4.3290535 0.098297664 0)
(4.362251 0.090209687 0)
(4.3936107 0.08432458 7.7867417e-19)
(4.4235868 0.080524796 -7.4820181e-19)
(4.4529635 0.078241395 6.5888181e-22)
(4.4822383 0.076868096 -1.3774548e-21)
(4.5115521 0.076071038 6.5900643e-19)
(4.5409673 0.075664941 -1.1945253e-21)
(4.5705566 0.075509219 1.1935362e-21)
(4.6003691 0.075507122 5.6281302e-19)
(4.6304269 0.075601934 0)
(4.6607458 0.075757154 0)
(4.6913417 0.075946216 0)
(4.7222257 0.076152823 4.2637394e-19)
(4.753402 0.076372029 1.6027194e-21)
(4.7848659 0.076608007 0)
(4.8166181 0.0768676 3.2070865e-19)
(4.8486481 0.077154594 1.185889e-21)
(4.8810132 0.07746345 0)
(4.9136056 0.077793634 0)
(4.946856 0.078123944 1.7364994e-19)
(4.9795241 0.078502838 -4.5212586e-22)
(5.0154986 0.07879058 4.516604e-22)
(5.0424746 0.079240855 -8.4647904e-23)
(5.095622 0.079111508 0)
(4.193009 0.1311691 0)
(4.2443423 0.1147806 -4.5189399e-19)
(4.286611 0.10082807 4.3585161e-19)
(4.3230953 0.090776326 -1.2240818e-21)
(4.3567931 0.083328411 4.0757807e-19)
(4.3885807 0.077865372 -3.9085846e-19)
(4.4189217 0.074279078 0)
(4.4485509 0.072103246 3.6110172e-19)
(4.4779851 0.07078952 0)
(4.5074064 0.070019208 -3.2994148e-19)
(4.5368969 0.069619534 3.1300301e-19)
(4.5665382 0.069460566 1.1953129e-21)
(4.5963873 0.069449939 -2.807304e-19)
(4.6264725 0.069532831 -1.0678524e-21)
(4.6568127 0.069674478 2.4754575e-19)
(4.6874256 0.069849188 2.3416155e-19)
(4.7183245 0.070040193 -2.1762874e-19)
(4.7495156 0.070241323 1.3571113e-22)
(4.7809956 0.070456013 1.8052004e-19)
(4.8127654 0.070691898 -3.2228518e-19)
(4.8448133 0.070954812 1.4189365e-19)
(4.877196 0.071241234 1.2556924e-19)
(4.9098043 0.071549018 7.5321778e-22)
(4.9430727 0.071856774 -8.7716989e-20)
(4.9757518 0.072198782 -4.5230374e-22)
(5.0117454 0.072462699 4.9009099e-20)
(5.0387039 0.072830377 -2.7577696e-20)
(5.0918334 0.072754039 1.1899032e-20)
(4.1866984 0.11931719 0)
(4.2378778 0.10493242 9.1136043e-19)
(4.2807106 0.092367412 -8.7630809e-19)
(4.3178286 0.083167538 -4.2167086e-22)
(4.3519849 0.076357717 -4.0631286e-19)
(4.3841581 0.071332463 -3.9270657e-19)
(4.4148315 0.067984608 0)
(4.4446966 0.065934767 -3.617046e-19)
(4.4742813 0.064693549 0)
(4.5038042 0.063960175 -3.3054433e-19)
(4.5333666 0.063574125 -6.3049331e-19)
(4.5630581 0.063416482 2.331638e-21)
(4.5929428 0.063400253 -2.8329221e-19)
(4.6230549 0.063472969 -2.6557672e-19)
(4.6534162 0.063601714 -2.4785221e-19)
(4.684046 0.063761923 -4.62703e-19)
(4.7149596 0.063936893 -2.1623967e-19)
(4.7461651 0.064119849 -1.9697442e-19)
(4.7776607 0.064313732 -1.7925755e-19)
(4.8094475 0.06452651 -1.1894803e-21)
(4.8415131 0.064765132 -1.4295467e-19)
(4.873913 0.065027398 -1.2271364e-19)
(4.9065364 0.06531 -8.9996401e-22)
(4.9398208 0.065592075 -1.7390503e-19)
(4.9725097 0.065897647 0)
(5.0085173 0.06613618 -4.8310785e-20)
(5.0354631 0.066439273 -2.7240542e-20)
(5.0885729 0.066398274 -2.3825207e-20)
(4.1812051 0.10759042 2.291311e-22)
(4.23222 0.095031304 1.5903358e-21)
(4.275513 0.083817562 4.4084394e-19)
(4.3131902 0.075478615 -4.2407349e-22)
(4.3477631 0.069306842 0)
(4.3802818 0.064732182 0)
(4.4112551 0.061645145 0)
(4.4413377 0.059738782 0)
(4.4710626 0.058582051 0)
(4.5006799 0.057894805 0)
(4.5303095 0.057528848 -1.2271704e-21)
(4.560048 0.057376452 1.1985635e-21)
(4.5899663 0.057356813 -2.8142513e-19)
(4.6201037 0.057420319 2.6482171e-19)
(4.6504847 0.057536118 0)
(4.6811304 0.057681128 2.3200887e-19)
(4.7120577 0.057839308 1.6097801e-21)
(4.7432765 0.058003826 1.9558106e-19)
(4.7747866 0.058177317 0)
(4.8065895 0.058367633 -1.1905008e-21)
(4.8386717 0.058582091 2.2361872e-21)
(4.871088 0.058819299 -1.0458539e-21)
(4.9037256 0.059075306 0)
(4.9370243 0.059330291 8.7017655e-20)
(4.9697222 0.059601113 0)
(5.0057409 0.059814001 0)
(5.032678 0.060066394 0)
(5.0857679 0.060046549 1.1925419e-20)
(4.1764476 0.095974746 0)
(4.2272975 0.085089784 -4.6299194e-19)
(4.2709637 0.075188344 4.4528007e-19)
(4.3091293 0.06771796 -4.2637974e-22)
(4.3440767 0.062185776 7.8588481e-22)
(4.3769027 0.058072072 -7.8727583e-22)
(4.4081438 0.055265339 0)
(4.4384244 0.053518421 3.6333357e-19)
(4.4682781 0.052456825 0)
(4.497982 0.0518236 0)
(4.5276733 0.051483205 3.1429058e-19)
(4.5574554 0.051339191 2.3375114e-21)
(4.5874046 0.051317656 2.8168572e-19)
(4.6175652 0.051372399 0)
(4.6479643 0.051474954 -9.410299e-22)
(4.6786244 0.051604099 9.3991063e-22)
(4.709564 0.05174494 0)
(4.7407948 0.05189096 -1.4731916e-21)
(4.772318 0.052044556 1.4714242e-21)
(4.8041356 0.052213148 -1.1914636e-21)
(4.8362332 0.052403924 1.1900323e-21)
(4.8686645 0.052615947 9.0223736e-22)
(4.901315 0.052844992 1.0513008e-19)
(4.9346262 0.053072472 0)
(4.9673322 0.05331043 0)
(5.0033597 0.053497455 0)
(5.030291 0.053709233 0)
(5.0833611 0.053698675 -1.1934e-20)
(4.1723592 0.084456907 2.3351898e-22)
(4.2230509 0.075118671 2.1140706e-22)
(4.2670178 0.066490508 -4.4762428e-19)
(4.3056047 0.059894559 -4.2999852e-19)
(4.3408845 0.05500445 -4.1252307e-19)
(4.3739809 0.051359889 1.5470876e-21)
(4.4054583 0.048849862 -3.8069372e-19)
(4.4359166 0.047276417 -3.6388548e-19)
(4.465887 0.046319073 3.4808918e-19)
(4.4956692 0.045746372 -3.3206314e-19)
(4.5254163 0.045436023 -1.2027595e-21)
(4.5552379 0.045302881 3.0081011e-19)
(4.5852151 0.045280574 0)
(4.6153966 0.045326893 -2.6644233e-19)
(4.6458119 0.045416088 2.4955308e-19)
(4.676485 0.045529085 0)
(4.7074355 0.045652457 -2.1349374e-19)
(4.738677 0.045780189 -1.6108262e-21)
(4.7702118 0.04591448 0)
(4.8020425 0.046062082 -1.6286603e-19)
(4.834154 0.046229766 1.4232886e-22)
(4.8665988 0.0464168 1.0473128e-21)
(4.8992608 0.046618987 -2.12217e-19)
(4.9325828 0.04681894 0)
(4.9652958 0.047025728 -6.8028417e-20)
(5.0013303 0.04718647 4.5244488e-22)
(5.0282575 0.047365062 2.721038e-20)
(5.0813081 0.047354159 3.4224137e-24)
(4.1688853 0.073024408 2.355715e-22)
(4.219431 0.065126764 2.1298387e-22)
(4.263638 0.05773452 -2.025684e-23)
(4.3025832 0.052016949 -1.8021745e-21)
(4.3381532 0.047771777 4.1446266e-19)
(4.3714844 0.044602701 -7.5941152e-22)
(4.403167 0.042402879 5.6424535e-22)
(4.433782 0.041014981 0)
(4.4638561 0.040169603 -6.9716389e-19)
(4.4937079 0.039662777 3.3373083e-19)
(4.5235046 0.039386208 -2.4705918e-21)
(4.5533614 0.039266067 -2.9986767e-19)
(4.5833635 0.039244017 1.1386317e-21)
(4.6135634 0.039282368 2.6569966e-19)
(4.6439932 0.039358378 -2.487879e-19)
(4.6746776 0.039455305 -2.3265349e-19)
(4.7056377 0.039561392 2.1530601e-19)
(4.7368886 0.039671204 -1.9769674e-19)
(4.7684337 0.039786732 1.7986232e-19)
(4.8002759 0.03991391 1.6181397e-19)
(4.8323996 0.040058933 -1.434956e-19)
(4.8648562 0.040221125 0)
(4.8975282 0.040396583 1.0618031e-19)
(4.9308593 0.040569038 0)
(4.9635781 0.040746154 6.7175452e-20)
(4.9996182 0.040880216 -4.7886147e-20)
(5.0265422 0.041031693 -2.723103e-20)
(5.0795736 0.041012882 2.3892282e-20)
(4.1659815 0.061665823 2.3753823e-22)
(4.2163972 0.055121248 -2.3773587e-22)
(4.2607938 0.048930317 0)
(4.3000381 0.044093154 2.1626383e-19)
(4.3358562 0.040495652 0)
(4.3693873 0.03780681 -7.6141655e-22)
(4.4012448 0.035928018 3.8145453e-19)
(4.4319948 0.034735824 7.2903247e-22)
(4.4621592 0.034008878 1.7316729e-19)
(4.4920713 0.033572344 2.6006171e-21)
(4.5219111 0.03333276 -1.6079637e-19)
(4.5517985 0.033227607 2.3452395e-21)
(4.5818222 0.033206936 -1.1397535e-21)
(4.6120382 0.033238018 -1.3448364e-19)
(4.6424803 0.033301306 1.9526431e-21)
(4.6731745 0.033382543 1.1374191e-19)
(4.704143 0.033471715 1.3458327e-22)
(4.7354019 0.033564072 1.9800259e-19)
(4.7669557 0.03366133 -1.7853784e-19)
(4.7988079 0.033768532 8.0955639e-20)
(4.830942 0.033891147 7.181524e-20)
(4.8634087 0.034028505 0)
(4.896089 0.034177263 0)
(4.9294276 0.03432229 0)
(4.9621507 0.03447122 -4.5329065e-22)
(4.9981951 0.034578459 2.4353828e-20)
(5.0251161 0.034708501 1.3901482e-20)
(5.0781285 0.034675834 -1.1952086e-20)
(4.1636122 0.050368961 -2.5140555e-19)
(4.2139167 0.045106569 -2.3864366e-19)
(4.2584603 0.040086215 -8.8988127e-22)
(4.2979479 0.036130231 4.3632427e-19)
(4.3339724 0.033183271 -8.3167624e-22)
(4.3676693 0.030978692 -1.9885857e-19)
(4.3996715 0.029429875 1.9041493e-19)
(4.4305347 0.028442039 -1.3979739e-21)
(4.4607753 0.027838987 1.7617005e-19)
(4.4907383 0.027476323 1.2707962e-21)
(4.5206144 0.027276272 -2.4827218e-21)
(4.5505277 0.027187664 6.3042488e-23)
(4.5805696 0.027169252 1.1408182e-21)
(4.610799 0.02719361 1.3258234e-19)
(4.6412514 0.027244537 1.2706175e-19)
(4.6719538 0.027310301 1.1733513e-19)
(4.7029291 0.027382775 1.0768484e-19)
(4.7341944 0.027457903 -1.6146826e-21)
(4.7657554 0.027537155 0)
(4.7976156 0.02762453 -7.3382617e-24)
(4.8297581 0.027724716 7.1849546e-20)
(4.8622328 0.027836975 0)
(4.8949196 0.027958867 5.2377678e-20)
(4.9282638 0.028076354 1.3604627e-21)
(4.9609894 0.028198458 3.277098e-20)
(4.9970367 0.028278688 2.4646426e-20)
(5.023954 0.028392916 -2.7222829e-20)
(5.0769465 0.028341141 0)
(4.1617498 0.039123451 2.5352648e-19)
(4.211964 0.035086729 2.3988266e-19)
(4.2566181 0.031209653 0)
(4.2962968 0.028133386 -2.1748737e-19)
(4.332486 0.02583866 -1.6335912e-21)
(4.366315 0.024121269 2.0081657e-19)
(4.3984325 0.022909673 -1.9221676e-19)
(4.4293864 0.022133753 2.1315599e-21)
(4.4596885 0.021659742 -1.3984474e-21)
(4.4896925 0.021374556 1.2722204e-21)
(4.5195977 0.021216793 1.5737803e-19)
(4.5495317 0.021146643 1.1433186e-21)
(4.5795881 0.021131766 -2.2198369e-21)
(4.609828 0.021150384 -1.326246e-19)
(4.6402883 0.021189695 -1.261561e-19)
(4.6709968 0.021240613 -1.1566522e-19)
(4.7019771 0.021296851 -1.0790401e-19)
(4.7332471 0.021355256 0)
(4.764813 0.021416929 -9.01263e-20)
(4.7966788 0.021484926 -8.1069927e-20)
(4.8288272 0.021562936 -7.0833209e-20)
(4.8613072 0.021650195 6.1540986e-20)
(4.8939978 0.021745308 -1.0633134e-19)
(4.927345 0.021835472 0)
(4.9600706 0.021932245 -3.3851055e-20)
(4.9961189 0.021985571 -2.4193291e-20)
(5.0230306 0.022090346 1.3615688e-20)
(5.0760009 0.022014203 0)
(4.160375 0.027918161 -1.2739448e-19)
(4.2105206 0.025067475 1.2064738e-19)
(4.2552538 0.022314442 0)
(4.2950735 0.020117323 1.0963475e-19)
(4.331386 0.018476092 1.0481098e-19)
(4.3653137 0.017247251 -7.6685695e-22)
(4.397517 0.01637707 9.6704114e-20)
(4.4285387 0.015817354 9.3145378e-20)
(4.4588867 0.015474762 8.6217749e-20)
(4.488921 0.015268294 1.2735686e-21)
(4.5188475 0.015153519 7.6921811e-20)
(4.5487964 0.015101968 7.5335551e-20)
(4.5788627 0.015090382 1.1427841e-21)
(4.6091094 0.015102942 1.997e-19)
(4.6395745 0.015130249 6.4608218e-20)
(4.6702863 0.015165883 1.1575326e-19)
(4.7012688 0.015205297 5.2368735e-20)
(4.7325407 0.015246408 1.3694749e-22)
(4.7641086 0.015289867 9.1667965e-20)
(4.7959766 0.015337916 0)
(4.828127 0.015393079 1.078962e-19)
(4.8606086 0.015454606 -6.2632125e-20)
(4.8932991 0.015522162 7.9032767e-20)
(4.9266458 0.015584304 -2.106486e-20)
(4.9593672 0.015656101 0)
(4.9954137 0.015680638 3.6013389e-20)
(5.0223163 0.015783873 7.0990611e-21)
(5.0752584 0.015673265 0)
(4.1594797 0.016728788 6.444619e-20)
(4.2095783 0.015030175 -1.8207506e-19)
(4.2543602 0.013385634 -9.02787e-22)
(4.2942707 0.012069149 -1.1037659e-19)
(4.3306633 0.011086311 -1.0422518e-19)
(4.3646545 0.010351687 -7.6845992e-22)
(4.3969127 0.0098310317 -9.5316531e-20)
(4.4279775 0.0094956601 -9.185896e-20)
(4.4583544 0.0092906374 -8.9052904e-20)
(4.4884071 0.0091675449 2.6121883e-21)
(4.5183459 0.0090995516 -8.0746941e-20)
(4.5483027 0.009069607 -7.4190266e-20)
(4.5783736 0.0090637739 -2.2234368e-21)
(4.6086226 0.0090725003 -6.5876501e-20)
(4.6390885 0.009090006 -6.3644013e-20)
(4.6697998 0.0091124931 -8.1224384e-22)
(4.700781 0.009137204 -5.3890733e-20)
(4.7320508 0.009163046 1.6179925e-21)
(4.7636161 0.009190366 0)
(4.7954812 0.0092205469 0)
(4.8276282 0.0092551169 -3.598633e-20)
(4.8601055 0.009293097 9.0577828e-22)
(4.8927903 0.00933578 -2.7515043e-20)
(4.9261309 0.0093714961 2.2439946e-20)
(4.9588422 0.0094236726 7.4080992e-21)
(4.9948827 0.0094152915 -1.1654563e-20)
(5.0217694 0.0095334857 -6.8076662e-21)
(5.0746767 0.0093805483 0)
(4.1590449 0.0055669055 5.9439317e-20)
(4.2091124 0.0049990149 5.5728799e-20)
(4.2539113 0.0044489043 0)
(4.2938614 0.0040079185 -7.7261841e-22)
(4.3302897 0.0036788834 3.257785e-23)
(4.364309 0.0034332051 3.0906504e-23)
(4.3965912 0.0032587384 7.030175e-22)
(4.4276749 0.0031456458 0)
(4.4580639 0.0030756874 0)
(4.488124 0.0030327513 1.1663712e-21)
(4.5180671 0.0030078725 -5.7421617e-23)
(4.5480259 0.0029953901 -2.1516669e-21)
(4.5780967 0.0029907076 1.0450253e-21)
(4.6083438 0.0029906903 -9.2570367e-22)
(4.638806 0.0029934235 1.78824e-21)
(4.6695119 0.0029976924 -8.6265179e-22)
(4.7004854 0.0030025876 0)
(4.7317456 0.0030078062 0)
(4.7632997 0.0030134427 0)
(4.7951526 0.0030199464 -1.0905027e-21)
(4.827287 0.0030278417 1.088593e-21)
(4.8597521 0.0030365115 0)
(4.8924235 0.0030472024 -6.8891663e-22)
(4.9257515 0.0030534954 6.8771016e-22)
(4.958443 0.003070811 -8.1097871e-21)
(4.9944713 0.0030512379 4.1186741e-22)
(5.0213325 0.0031140102 0)
(5.074179 0.0030207111 0)
)
;

boundaryField
{
    inlet
    {
        type            fixedValue;
        value           uniform (3.4 0 0);
    }
    outlet
    {
        type            inletOutlet;
        inletValue      uniform (0 0 0);
        value           nonuniform List<vector> 
27
(
(0.90198953 0.025398567 -5.5500227e-22)
(2.2886007 0.066676044 -7.9113482e-20)
(3.3112975 0.093717024 -5.9987253e-20)
(4.0319701 0.11088761 2.5122718e-20)
(4.5115853 0.12035661 4.7655191e-20)
(4.8089343 0.12399858 -2.2771526e-20)
(4.978207 0.123553 0)
(5.0647068 0.12045838 0)
(5.1024368 0.11578433 0)
(5.1143962 0.11024414 -2.3233738e-20)
(5.1145245 0.10426598 2.3236378e-20)
(5.1102596 0.098079145 -2.3510241e-20)
(5.1050005 0.091794404 2.3537564e-20)
(5.1000119 0.085463168 0)
(5.095622 0.079111508 0)
(5.0918334 0.072754039 1.1899032e-20)
(5.0885729 0.066398274 -2.3825207e-20)
(5.0857679 0.060046549 1.1925419e-20)
(5.0833611 0.053698675 -1.1934e-20)
(5.0813081 0.047354159 3.4224137e-24)
(5.0795736 0.041012882 2.3892282e-20)
(5.0781285 0.034675834 -1.1952086e-20)
(5.0769465 0.028341141 0)
(5.0760009 0.022014203 0)
(5.0752584 0.015673265 0)
(5.0746767 0.0093805483 0)
(5.074179 0.0030207111 0)
)
;
    }
    hydrofoilFlap
    {
        type            noSlip;
    }
    farfield
    {
        type            slip;
    }
    frontAndBack
    {
        type            empty;
    }
}


// ************************************************************************* //
