/*--------------------------------*- C++ -*----------------------------------*\
| =========                 |                                                 |
| \\      /  F ield         | OpenFOAM: The Open Source CFD Toolbox           |
|  \\    /   O peration     | Version:  2512                                  |
|   \\  /    A nd           | Website:  www.openfoam.com                      |
|    \\/     M anipulation  |                                                 |
\*---------------------------------------------------------------------------*/
FoamFile
{
    version     2.0;
    format      ascii;
    arch        "LSB;label=32;scalar=64";
    class       volScalarField;
    location    "73";
    object      p;
}
// * * * * * * * * * * * * * * * * * * * * * * * * * * * * * * * * * * * * * //

dimensions      [0 2 -2 0 0 0 0];

internalField   nonuniform List<scalar> 
2052
(
7.9875219
7.4095754
7.1183559
6.9747054
6.8591878
6.7816555
6.7467983
6.7348672
6.7276729
6.7176146
6.7035098
6.6859858
6.6669983
6.6452467
7.7889732
7.3794767
7.1234448
6.9831773
6.8693105
6.7906716
6.7533878
6.7392967
6.7305636
6.7194944
6.7047714
6.6868897
6.6676803
6.6456568
7.6697849
7.3835
7.1402962
6.9983341
6.890292
6.8117771
6.7691437
6.7490964
6.7359603
6.7221955
6.7060473
6.6875215
6.6679567
6.64584
7.5858811
7.3729748
7.1455381
7.0059056
6.9052561
6.8291041
6.7832391
6.7587227
6.7419997
6.7257907
6.7081194
6.6887105
6.6685014
6.6463398
7.5147621
7.3502479
7.1459676
7.011762
6.9169743
6.8431959
6.7952094
6.7672612
6.7476167
6.7292854
6.7101857
6.6898898
6.6690141
6.6467394
7.454511
7.3262072
7.1461786
7.0174781
6.9267656
6.8552298
6.8058024
6.774961
6.7527468
6.7325334
6.7121461
6.6910321
6.6695229
6.6469682
7.4035627
7.3022619
7.1443739
7.0216671
6.9345387
6.8654514
6.815251
6.7820175
6.757547
6.7356531
6.7140814
6.6921788
6.6700426
6.6470992
7.3601005
7.2787953
7.1406079
7.0246994
6.9409835
6.8743017
6.8237734
6.7885697
6.7621052
6.7386849
6.7160024
6.693327
6.6705728
6.6472066
7.3227093
7.2564125
7.1355482
7.0268788
6.9463696
6.8819022
6.8313743
6.7945936
6.766387
6.7415909
6.7178808
6.6944644
6.6711156
6.6473239
7.2903289
7.2354616
7.1295949
7.0282329
6.9508018
6.888383
6.8381183
6.8001143
6.7703978
6.7443641
6.7197083
6.6955872
6.6716703
6.6474586
7.2621374
7.2160822
7.1230627
7.0288477
6.9544369
6.8939193
6.8440946
6.8051611
6.774141
6.7469949
6.7214709
6.6966848
6.6722295
6.6476099
7.2374877
7.1983095
7.1162298
7.0288406
6.9574027
6.8986462
6.8493694
6.8097514
6.7776166
6.7494747
6.7231576
6.6977496
6.6727878
6.6477779
7.215867
7.1821191
7.1093212
7.0283232
6.9597956
6.9026746
6.854008
6.8139082
6.7808298
6.7518001
6.7247609
6.6987752
6.6733397
6.6479601
7.1968653
7.167452
7.1025111
7.0274025
6.9616987
6.9061025
6.8580746
6.8176559
6.7837861
6.7539681
6.7262739
6.699755
6.6738793
6.6481532
7.1801521
7.154232
7.0959324
7.0261798
6.9631859
6.9090139
6.8616281
6.8210181
6.7864911
6.7559768
6.7276911
6.7006836
6.6744015
6.6483533
7.1654589
7.1423766
7.0896846
7.024748
6.9643225
6.9114797
6.8647219
6.8240182
6.788951
6.7578257
6.7290084
6.7015558
6.6749015
6.6485564
7.1525662
7.1318038
7.0838403
7.02319
6.9651675
6.9135608
6.8674041
6.8266793
6.7911729
6.7595147
6.7302223
6.7023677
6.6753748
6.6487584
7.1412939
7.1224358
7.0784514
7.0215786
6.9657735
6.915309
6.8697178
6.8290233
6.7931636
6.7610444
6.7313304
6.7031153
6.6758173
6.6489554
7.1314934
7.1142012
7.0735542
7.0199765
6.966188
6.916769
6.871701
6.8310709
6.7949304
6.7624157
6.7323309
6.7037958
6.6762256
6.6491434
7.1230425
7.1070362
7.0691731
7.0184368
6.9664532
6.9179787
6.8733864
6.8328413
6.7964802
6.7636298
6.7332223
6.7044064
6.6765963
6.6493192
7.1158405
7.1008848
7.0653241
7.0170041
6.9666062
6.9189708
6.8748027
6.8343517
6.7978197
6.7646881
6.7340036
6.7049448
6.6769265
6.6494796
7.1098049
7.0956987
7.062017
7.0157148
6.966679
6.9197727
6.8759741
6.8356175
6.7989552
6.765592
6.7346742
6.7054094
6.6772138
6.649622
7.1048692
7.0914375
7.0592575
7.0145987
6.9666988
6.9204071
6.8769204
6.8366518
6.7998922
6.7663429
6.7352335
6.7057987
6.6774564
6.6497441
7.1009804
7.0880679
7.0570481
7.0136795
6.9666889
6.9208936
6.8776586
6.8374659
6.8006356
6.7669418
6.7356811
6.7061112
6.6776522
6.649844
7.0980981
7.0855645
7.0553881
7.0129727
6.9666653
6.9212456
6.8782012
6.8380689
6.80119
6.7673906
6.7360174
6.7063466
6.6778004
6.6499204
7.0961921
7.0839157
7.0542843
7.012495
6.9666431
6.9214742
6.8785564
6.8384656
6.8015566
6.7676883
6.736241
6.7065035
6.6778995
6.6499718
7.0952217
7.0830931
7.0537309
7.0122546
6.9666335
6.9215912
6.878736
6.838665
6.8017406
6.7678378
6.736353
6.7065819
6.6779489
6.6499974
6.6316496
6.6014789
6.5691451
6.5388886
6.5094391
6.4805733
6.4527262
6.4260634
6.4006126
6.3764993
6.3540146
6.3335513
6.3158933
6.3014237
6.2931279
6.2869149
6.3033156
6.2915888
6.6318872
6.601612
6.5692908
6.5390762
6.50967
6.4808131
6.4529527
6.4262695
6.4007928
6.3766467
6.3541226
6.333612
6.3158984
6.3013546
6.292995
6.2865537
6.3032298
6.289593
6.6308437
6.6010124
6.5691042
6.5391146
6.5098595
6.4810542
6.4531664
6.4264139
6.4008348
6.3765486
6.3538364
6.3330772
6.3150196
6.3000328
6.2909606
6.2837072
6.2988117
6.2813857
6.6290446
6.6001981
6.5688732
6.5390576
6.5099441
6.4812058
6.4532757
6.4263984
6.4006208
6.3760471
6.3529315
6.3316152
6.3127695
6.2967159
6.2859377
6.2767209
6.2869271
6.2651692
6.6271672
6.5993903
6.5686813
6.5389973
6.5100138
6.4813533
6.4533706
6.4263261
6.4002744
6.3752957
6.3516009
6.3294687
6.3094568
6.2917752
6.2784427
6.2660607
6.2687062
6.2426516
6.6256637
6.5986447
6.5685037
6.5389405
6.510059
6.4814627
6.4534186
6.4261892
6.3998322
6.3743968
6.3500382
6.3269568
6.3055707
6.2859405
6.2695559
6.2532581
6.2470317
6.2162756
6.6245663
6.597949
6.5683135
6.538882
6.510074
6.4815236
6.4534158
6.4260006
6.3993334
6.37343
6.3483857
6.3243165
6.3014901
6.279807
6.2602083
6.2397377
6.2245467
6.1883716
6.6237752
6.5973129
6.5681117
6.5388209
6.5100632
6.4815409
6.4533678
6.4257682
6.3987912
6.3724211
6.3466928
6.3216377
6.297372
6.2736395
6.2508552
6.2262292
6.2026868
6.1605227
6.623199
6.596751
6.5679052
6.5387557
6.5100325
6.4815223
6.4532804
6.4254967
6.398211
6.371378
6.3449731
6.3189442
6.2932597
6.2675128
6.241642
6.2129724
6.1819194
6.1335429
6.6227772
6.5962682
6.5677
6.5386857
6.5099874
6.4814753
6.4531599
6.4251926
6.3976003
6.3703097
6.343238
6.3162503
6.2891734
6.2614558
6.2326184
6.2000492
6.1623101
6.1078159
6.6224709
6.5958611
6.5675009
6.5386113
6.5099319
6.4814054
6.4530118
6.4248624
6.3969679
6.3692276
6.341502
6.3135745
6.2851375
6.2555018
6.2238301
6.1875299
6.1438449
6.0835391
6.6222534
6.5955229
6.5673125
6.5385334
6.5098682
6.4813172
6.4528411
6.4245126
6.3963231
6.368144
6.3397806
6.3109369
6.2811798
6.24969
6.2153283
6.1754914
6.1265158
6.0608195
6.6221045
6.5952451
6.5671378
6.5384532
6.5097981
6.4812147
6.4526532
6.4241503
6.395675
6.3670703
6.3380883
6.308357
6.2773279
6.2440605
6.2071637
6.1640051
6.1103205
6.0397062
6.6220084
6.5950196
6.5669787
6.5383718
6.5097229
6.4811018
6.4524538
6.4237825
6.3950321
6.3660168
6.3364384
6.3058535
6.2736086
6.2386515
6.1993826
6.153131
6.0952562
6.0202086
6.6219533
6.5948385
6.5668357
6.5382903
6.5096443
6.4809825
6.4522482
6.4234155
6.3944017
6.3649929
6.3348437
6.303445
6.2700483
6.233499
6.1920256
6.1429172
6.0813167
6.0023104
6.6219295
6.5946947
6.5667086
6.5382101
6.5095642
6.4808605
6.4520415
6.4230546
6.3937906
6.3640075
6.3333171
6.30115
6.2666719
6.2286351
6.1851278
6.133401
6.0684941
5.9859805
6.6219291
6.5945816
6.5665968
6.5381325
6.5094844
6.480739
6.4518378
6.4227049
6.3932049
6.3630694
6.3318712
6.2989859
6.2635023
6.2240886
6.1787186
6.1246111
6.0567793
5.971181
6.6219454
6.5944937
6.5664994
6.5380591
6.5094068
6.4806207
6.4516406
6.4223705
6.3926506
6.3621874
6.3305183
6.2969689
6.2605597
6.2198838
6.1728227
6.11657
6.0461636
5.9578725
6.6219732
6.5944262
6.5664157
6.5379909
6.5093327
6.4805077
6.4514532
6.422056
6.3921337
6.3613698
6.3292696
6.2951138
6.2578622
6.2160421
6.1674614
6.1092957
6.0366389
5.9460168
6.6220078
6.5943752
6.5663446
6.5379287
6.5092635
6.480402
6.4512785
6.4217654
6.3916601
6.3606243
6.328135
6.2934329
6.2554251
6.2125819
6.1626532
6.1028028
6.0281974
5.9355778
6.6220455
6.5943373
6.566285
6.5378733
6.5092003
6.4803054
6.4511195
6.4215027
6.3912346
6.3599576
6.3271232
6.2919375
6.2532623
6.2095196
6.1584141
6.0971028
6.0208319
5.9265216
6.6220832
6.5943097
6.566236
6.537825
6.5091441
6.4802195
6.4509785
6.4212712
6.3908617
6.3593753
6.3262416
6.2906372
6.2513859
6.2068695
6.1547575
6.0922045
6.0145349
5.9188177
6.6221184
6.5942901
6.5661966
6.5377842
6.5090958
6.4801458
6.4508578
6.4210739
6.3905451
6.3588823
6.3254969
6.2895406
6.2498064
6.2046434
6.1516947
6.0881148
6.0092992
5.9124394
6.6221489
6.5942765
6.566166
6.5377513
6.5090562
6.4800853
6.4507591
6.4209131
6.3902881
6.3584829
6.3248944
6.2886548
6.2485325
6.2028512
6.1492345
6.0848384
6.0051186
5.9073647
6.6221733
6.5942676
6.5661436
6.5377264
6.5090259
6.4800391
6.4506838
6.4207908
6.390093
6.3581803
6.3244385
6.2879853
6.2475708
6.2015002
6.147383
6.082378
6.0019865
5.9035735
6.6221902
6.5942623
6.566129
6.5377097
6.5090056
6.480008
6.4506331
6.4207085
6.389962
6.3579776
6.3241333
6.2875375
6.2469282
6.2005983
6.1461485
6.0807402
5.9999048
5.901063
6.6221985
6.5942595
6.5661216
6.5377012
6.5089951
6.4799921
6.4506072
6.4206666
6.3898954
6.3578743
6.3239781
6.28731
6.2466019
6.200141
6.1455232
6.0799129
5.9988515
5.8998088
6.3826177
6.3722988
6.346825
6.3204808
6.2877269
6.245253
6.1940752
6.1382399
6.3935098
6.3604915
6.3270754
6.303431
6.2720358
6.2285083
6.176396
6.1216093
6.3909281
6.3327163
6.2892106
6.2694985
6.2417284
6.1990448
6.1479294
6.0952226
6.3603565
6.2960781
6.2476858
6.2272751
6.2004183
6.1584484
6.1084883
6.0569962
6.3056151
6.2512462
6.2041557
6.1793605
6.1509665
6.1101957
6.0622586
6.012117
6.2418986
6.2019971
6.1602683
6.1312986
6.1007263
6.0612989
6.0156291
5.9669488
6.1826311
6.1529957
6.1169462
6.0857051
6.0534046
6.0150609
5.9714592
5.924453
6.1328128
6.1073931
6.0753685
6.0436978
6.010571
5.9730636
5.9311841
5.8858871
6.0916472
6.0665531
6.0366879
6.0054904
5.9722001
5.935311
5.8947564
5.8509969
6.0567613
6.030514
6.0014795
5.9708787
5.9377451
5.9013508
5.8618127
5.8193561
6.0262579
5.9986842
5.9697669
5.9395735
5.9066904
5.870726
5.8319868
5.7906049
5.9990344
5.9703823
5.9412917
5.9112962
5.8786484
5.8430665
5.8049771
5.7644856
5.9745066
5.9450588
5.915721
5.8857847
5.8533243
5.8180817
5.7805397
5.7407983
5.9523383
5.9223168
5.8927453
5.8627986
5.8304818
5.7955398
5.758471
5.7193721
5.9323056
5.9018725
5.8721093
5.8421271
5.8099247
5.7752501
5.738596
5.7000528
5.9142441
5.8835183
5.8536101
5.8235912
5.7914864
5.7570503
5.7207605
5.6826994
5.8980277
5.8670979
5.8370872
5.8070402
5.7750224
5.7407977
5.7048268
5.6671836
5.8835566
5.8524884
5.8224099
5.7923448
5.7604053
5.7263664
5.6906724
5.6533909
5.8707485
5.8395892
5.8094685
5.7793933
5.7475233
5.7136458
5.6781912
5.6412225
5.8595323
5.8283149
5.7981695
5.7680896
5.7362807
5.7025425
5.6672941
5.6305952
5.8498459
5.8185929
5.7884339
5.7583528
5.7265972
5.6929786
5.6579068
5.6214391
5.8416363
5.8103621
5.7801972
5.750118
5.7184088
5.6848921
5.6499696
5.613697
5.8348578
5.8035709
5.7734046
5.7433294
5.7116602
5.6782284
5.6434298
5.6073181
5.8294787
5.7981857
5.7680213
5.7379505
5.706313
5.6729483
5.6382478
5.6022636
5.825454
5.7941631
5.7640072
5.7339427
5.7023301
5.6690164
5.6343894
5.5985003
5.8227775
5.7914957
5.761346
5.7312817
5.6996842
5.6664052
5.6318277
5.5960027
5.8214353
5.7901871
5.7600406
5.7299663
5.6983687
5.6651033
5.6305468
5.5947438
5.9973873
5.7903834
5.5656216
5.3182143
5.0525717
4.772481
4.4547328
4.143763
5.9825029
5.7748812
5.5502254
5.3030499
5.0377971
4.7580784
4.4424071
4.1347529
5.9596046
5.7554941
5.5336552
5.2892475
5.0269286
4.7504329
4.4413995
4.142368
5.9281438
5.7298068
5.5121057
5.2721618
5.0147386
4.7436507
4.4445653
4.1557486
5.8918105
5.7005184
5.4881674
5.2542243
5.0033679
4.7394173
4.4522062
4.1737464
5.8544733
5.6703677
5.4639235
5.2366108
4.993036
4.7369877
4.4621119
4.1938326
5.8183952
5.641087
5.4406792
5.2200688
4.9839231
4.7359981
4.4730864
4.2152127
5.7846855
5.6135528
5.4190232
5.2048756
4.9759639
4.7360255
4.4842805
4.2368318
5.7535408
5.5879372
5.3990074
5.190997
4.9689983
4.7367534
4.4952541
4.2578545
5.7249084
5.5642312
5.3805747
5.1783634
4.9629087
4.7379769
4.5057898
4.277731
5.6986612
5.5423626
5.3636323
5.1668821
4.9575811
4.7395289
4.5157563
4.2961712
5.6746704
5.5222624
5.3481041
5.1564736
4.9529224
4.7412817
4.5250786
4.3130692
5.6528125
5.5038621
5.333919
5.1470595
4.9488464
4.7431306
4.533712
4.3284191
5.6329677
5.4870895
5.3210075
5.1385651
4.9452766
4.7449954
4.5416387
4.3422707
5.61502
5.4718687
5.3093015
5.130921
4.9421476
4.7468174
4.5488607
4.3547009
5.5988588
5.4581233
5.2987357
5.124065
4.9394054
4.7485564
4.5553942
4.3657982
5.5843806
5.4457797
5.2892507
5.1179437
4.9370068
4.750186
4.561263
4.3756523
5.5714917
5.4347703
5.2807935
5.1125117
4.934917
4.7516895
4.5664944
4.3843479
5.5601097
5.4250345
5.2733175
5.1077301
4.9331075
4.7530557
4.5711149
4.3919613
5.5501633
5.4165185
5.2667809
5.1035648
4.931554
4.7542769
4.5751498
4.3985604
5.5415908
5.4091742
5.261146
5.0999854
4.9302355
4.7553479
4.5786225
4.4042049
5.5343398
5.4029595
5.2563795
5.0969652
4.9291342
4.7562658
4.5815548
4.4089471
5.528365
5.3978372
5.2524518
5.0944813
4.9282356
4.7570292
4.5839663
4.4128315
5.52363
5.3937767
5.2493385
5.0925158
4.9275296
4.7576392
4.585875
4.4158959
5.5201059
5.3907525
5.2470181
5.0910521
4.9270059
4.758095
4.587294
4.4181696
5.5177735
5.3887529
5.2454807
5.0900832
4.9266612
4.758398
4.5882324
4.4196712
5.5166013
5.3877562
5.2447127
5.0896006
4.9264941
4.7585563
4.5887085
4.4204308
3.5095714
3.5331453
3.5377353
3.4490364
3.3552868
3.2645136
3.1621239
3.0477144
2.9263004
2.8005128
2.6711571
2.5387157
2.4035912
2.2660136
2.1260743
1.9837972
1.839175
1.6921834
1.5427852
1.3909419
1.2365767
1.0796797
0.92000157
0.75797675
0.59212296
0.42626895
0.25064398
0.090173779
3.5345791
3.5399093
3.5424858
3.4519135
3.355836
3.2641128
3.1614101
3.0467719
2.9252194
2.799383
2.6700092
2.5375508
2.4024078
2.2648108
2.1248519
1.9825575
1.8379221
1.6909197
1.5415088
1.3896471
1.2352576
1.0783353
0.9186326
0.75658981
0.59069722
0.42485344
0.2490185
0.089287351
3.6003476
3.5648127
3.5550221
3.4595723
3.3586491
3.264647
3.1612609
3.0462887
2.9245424
2.7986359
2.6692354
2.5367496
2.4015755
2.2639467
2.1239572
1.9816384
1.8369899
1.6899846
1.5405713
1.388697
1.2342817
1.0773267
0.91759294
0.75552627
0.58958356
0.42375574
0.24750851
0.089571791
3.6777111
3.5956146
3.5692483
3.4704993
3.3645894
3.2671353
3.1623128
3.046598
2.9243778
2.798225
2.6687076
2.536151
2.4009231
2.2632485
2.1232179
1.9808672
1.8362038
1.6892007
1.5397952
1.3879171
1.2334781
1.0764845
0.91671104
0.75460776
0.58860425
0.42277592
0.24597611
0.090699562
3.7544241
3.6302081
3.5852639
3.4838208
3.372849
3.2709796
3.1641232
3.047436
2.9246026
2.7981054
2.6684169
2.5357601
2.4004579
2.2627209
2.122635
1.9802403
1.8355534
1.6885497
1.5391546
1.3872781
1.2328181
1.0757826
0.91595989
0.75380676
0.58772298
0.42189289
0.24442806
0.092324399
3.824841
3.6672228
3.6026942
3.4980647
3.3822901
3.2756655
3.1664609
3.0486884
2.9251616
2.7982398
2.6683255
2.5355365
2.4001397
2.262327
2.1221771
1.9797324
1.8350171
1.6880096
1.5386253
1.3867548
1.2322798
1.0752049
0.91532765
0.75311481
0.58693151
0.42110999
0.24291349
0.094164458
3.8861833
3.7042349
3.6204784
3.512087
3.3921458
3.2808792
3.1691536
3.050211
2.9259413
2.798541
2.6683621
2.5354199
2.3999169
2.262022
2.1218057
1.9793099
1.8345639
1.6875484
1.5381716
1.3863083
1.2318244
1.074716
0.91478289
0.75250391
0.58620614
0.42040743
0.24148177
0.095978388
3.9379779
3.7396451
3.6381581
3.5254837
3.4019862
3.2863688
3.1720389
3.0518768
2.9268551
2.7989539
2.6684866
2.5353764
2.3997581
2.2617764
2.1214933
1.9789478
1.8341696
1.6871404
1.5377648
1.3859073
1.2314192
1.0742845
0.91429711
0.7519492
0.58552935
0.41976848
0.2401817
0.097607316
3.9814015
3.7727725
3.6555588
3.5381323
3.4115282
3.2919382
3.1750111
3.0536119
2.9278505
2.7994421
2.6686694
2.5353785
2.399638
2.2615674
2.1212198
1.9786276
1.8338165
1.6867673
1.5373847
1.3855293
1.2310402
1.0738862
0.91384824
0.75143264
0.5848922
0.41918374
0.23904669
0.098976142
4.0180368
3.8033311
3.6725261
3.5500331
3.4206405
3.2974865
3.1780271
3.0553828
2.9288967
2.7999814
2.6688908
2.5354094
2.3995421
2.2613827
2.1209741
1.9783382
1.8334928
1.6864171
1.5370194
1.3851614
1.230673
1.0735054
0.91342281
0.75094531
0.58429498
0.41865219
0.2380917
0.1000733
4.0492604
3.8312346
3.6889242
3.5612479
3.4292815
3.3029536
3.1810603
3.0571673
2.9299708
2.8005544
2.6691379
2.5354585
2.3994623
2.2612158
2.1207496
1.9780723
1.833191
1.686083
1.5366633
1.3847983
1.230311
1.0731349
0.91301532
0.75048623
0.58374383
0.41817723
0.23731353
0.10092234
4.076122
3.8565257
3.7046337
3.5718335
3.4374354
3.3082878
3.1840847
3.0589481
2.9310552
2.8011475
2.6694013
2.5355195
2.3993945
2.2610633
2.1205424
1.9778251
1.8329065
1.6857627
1.5363163
1.3844406
1.2299535
1.0727732
0.91262617
0.75005907
0.58324593
0.41776131
0.23669371
0.10155946
4.0993953
3.8793215
3.7195482
3.5818224
3.4450952
3.3134429
3.187073
3.0607086
2.9321334
2.8017474
2.6696725
2.5355873
2.3993356
2.2609233
2.1203498
1.9775936
1.8326377
1.685457
1.5359814
1.3840919
1.2296037
1.0724226
0.91225842
0.74966794
0.58280478
0.41740179
0.23620359
0.10202121
4.1196595
3.8997784
3.7335811
3.5912271
3.4522588
3.3183777
3.1899958
3.062431
2.9331893
2.8023418
2.6699444
2.5356586
2.3992842
2.2607941
2.1201705
1.9773769
1.8323854
1.6851686
1.5356629
1.3837567
1.2292653
1.0720864
0.9119148
0.74931417
0.58241799
0.41709024
0.23581127
0.1023406
4.1373581
3.9180659
3.7466672
3.6000457
3.4589249
3.3230556
3.1928224
3.064097
2.9342082
2.8029202
2.6702117
2.5357309
2.3992391
2.2606755
2.1200043
1.9771759
1.8321515
1.6849007
1.5353644
1.3834388
1.2289419
1.0717669
0.9115959
0.74899519
0.58207801
0.41681517
0.23548799
0.10254783
4.1528362
3.9343503
3.758761
3.6082663
3.4650915
3.3274447
3.195523
3.0656895
2.9351782
2.8034743
2.6704703
2.5358032
2.3992002
2.2605677
2.1198523
1.976992
1.8319379
1.684655
1.5350877
1.3831401
1.2286354
1.0714652
0.91130015
0.74870573
0.58177523
0.41656584
0.23521241
0.10267084
4.1663654
3.9487852
3.7698328
3.615871
3.4707556
3.3315187
3.198071
3.0671937
2.9360903
2.8039983
2.670718
2.535875
2.399168
2.2604718
2.1197156
1.9768262
1.8317447
1.6844312
1.5348327
1.3828611
1.2283465
1.071181
0.911025
0.74844022
0.58150115
0.416335
0.23497118
0.10273462
4.1781605
3.9615083
3.7798663
3.6228401
3.475914
3.3352577
3.2004438
3.0685975
2.9369378
2.8044881
2.6709528
2.5359463
2.399143
2.2603881
2.1195943
1.9766779
1.8315706
1.6842275
1.5345978
1.3826012
1.2280755
1.0709143
0.91076847
0.74819472
0.58125024
0.41611936
0.23475692
0.10275936
4.1883928
3.9726408
3.7888557
3.6291551
3.4805643
3.3386469
3.2026226
3.0698904
2.9377157
2.8049404
2.6711734
2.5360165
2.3991247
2.2603162
2.1194873
1.9765453
1.8314134
1.6840418
1.5343815
1.38236
1.2278227
1.0706653
0.91052983
0.74796746
0.58101976
0.41591824
0.23456504
0.10275976
4.1971998
3.9822879
3.7968039
3.6348002
3.4847045
3.341676
3.2045925
3.0710635
2.9384195
2.8053519
2.6713772
2.5360841
2.3991118
2.2602541
2.1193927
1.9764263
1.8312708
1.683872
1.5341828
1.3821377
1.227589
1.0704347
0.91030944
0.74775819
0.58080869
0.41573195
0.23439192
0.10274565
4.2046935
3.9905409
3.8037195
3.6397629
3.4883334
3.3443379
3.2063405
3.0721083
2.9390447
2.8057189
2.6715611
2.5361466
2.3991019
2.2602
2.1193083
1.9763191
1.8311414
1.6837175
1.5340016
1.3819346
1.2273753
1.0702238
0.91010792
0.74756715
0.58061642
0.41556087
0.23423383
0.10272385
4.2109646
3.9974772
3.8096144
3.6440332
3.4914494
3.3466271
3.207856
3.0730168
2.9395864
2.8060372
2.6717215
2.5362011
2.3990929
2.2601517
2.1192327
1.9762224
1.8310244
1.6835779
1.5338382
1.3817518
1.2271827
1.0700336
0.90992593
0.74739456
0.58044252
0.41540539
0.23408759
0.10270004
4.2160863
4.0031614
3.8145014
3.6476028
3.4940503
3.3485397
3.2091302
3.0737823
2.9400407
2.8063035
2.6718552
2.5362452
2.3990828
2.2601077
2.1191647
1.9761355
1.8309195
1.6834534
1.533693
1.3815896
1.2270119
1.0698642
0.90976319
0.74723974
0.58028572
0.41526512
0.23394941
0.10267908
4.2201172
4.0076461
3.8183926
3.6504644
3.4961327
3.3500709
3.2101545
3.0743979
2.9404036
2.8065144
2.6719595
2.5362769
2.3990702
2.2600674
2.1191042
1.976059
1.8308275
1.6833449
1.5335673
1.3814498
1.2268644
1.0697174
0.90962093
0.74710375
0.58014662
0.41514187
0.23381796
0.10266839
4.2231021
4.0109734
3.8213016
3.6526158
3.4976963
3.3512195
3.2109247
3.0748594
2.9406724
2.8066675
2.6720316
2.5362936
2.3990527
2.2600282
2.1190488
1.9759902
1.8307459
1.6832498
1.5334583
1.3813291
1.226737
1.0695894
0.90949498
0.74698168
0.58001991
0.41503039
0.23368475
0.1026693
4.2250682
4.0131647
3.8232279
3.6540459
3.4987339
3.3519804
3.2114353
3.0751646
2.9408479
2.806765
2.6720748
2.5362992
2.3990352
2.2599957
2.119005
1.9759368
1.8306833
1.6831773
1.533376
1.3812385
1.2266412
1.0694926
0.90939864
0.7468875
0.57992057
0.41494712
0.23355917
0.10271276
4.22606
4.0142603
3.8241902
3.6547578
3.4992443
3.3523483
3.2116759
3.0753005
2.9409165
2.8067921
2.6720724
2.5362757
2.3989976
2.2599479
2.1189488
1.9758728
1.8306115
1.6830972
1.5332875
1.3811425
1.2265392
1.0693868
0.90928862
0.74677697
0.57979646
0.41485331
0.23336297
0.1027632
)
;

boundaryField
{
    inlet
    {
        type            zeroGradient;
    }
    outlet
    {
        type            fixedValue;
        value           uniform 0;
    }
    hydrofoilFlap
    {
        type            zeroGradient;
    }
    farfield
    {
        type            zeroGradient;
    }
    frontAndBack
    {
        type            empty;
    }
}


// ************************************************************************* //
