/*--------------------------------*- C++ -*----------------------------------*\
| =========                 |                                                 |
| \\      /  F ield         | OpenFOAM: The Open Source CFD Toolbox           |
|  \\    /   O peration     | Version:  2512                                  |
|   \\  /    A nd           | Website:  www.openfoam.com                      |
|    \\/     M anipulation  |                                                 |
\*---------------------------------------------------------------------------*/
FoamFile
{
    version     2.0;
    format      ascii;
    arch        "LSB;label=32;scalar=64";
    class       surfaceScalarField;
    location    "73";
    object      phi;
}
// * * * * * * * * * * * * * * * * * * * * * * * * * * * * * * * * * * * * * //

dimensions      [0 3 -1 0 0 0 0];

oriented        oriented;

internalField   nonuniform List<scalar> 
4001
(
0.00084355224
0.00016385516
0.00067079532
0.00017275693
0.00052869346
0.00014210186
0.00042173101
0.00010696245
0.00034882726
7.2903752e-05
0.00030347327
4.5353993e-05
0.00027681005
2.6663217e-05
0.00026116967
1.5640376e-05
0.00025125627
9.9134043e-06
0.00024390904
7.3472229e-06
0.0002374953
6.413738e-06
0.00023131337
6.1819328e-06
0.00022510969
6.2036808e-06
6.4971871e-06
0.0002186125
0.0010670694
0.00010419321
0.0010693752
0.00017045114
0.0010343255
0.00017715149
0.00097860861
0.00016267935
0.00091788203
0.00013363033
0.0008620565
0.00010117952
0.00081453954
7.4180173e-05
0.00077508093
5.5098988e-05
0.00074218995
4.2804391e-05
0.00071426389
3.5273275e-05
0.00068994926
3.0728373e-05
0.00066830781
2.782338e-05
0.00064840693
2.6104558e-05
2.4426972e-05
0.00063047714
0.0010366133
7.4987269e-05
0.0010679848
0.00013907965
0.0010922541
0.00015288221
0.001103133
0.00015180045
0.0010997507
0.00013701267
0.0010863968
0.00011453337
0.0010678135
9.2763541e-05
0.0010472016
7.5710874e-05
0.0010262894
6.3716597e-05
0.0010058406
5.5722041e-05
0.00098608119
5.048779e-05
0.00096702987
4.6874692e-05
0.00094850322
4.4631215e-05
4.2082912e-05
0.00093084727
0.0010220179
6.0376809e-05
0.0010407558
0.00012034169
0.0010601244
0.00013351363
0.001078896
0.00013302888
0.0010931302
0.00012277843
0.0011015134
0.00010615016
0.0011048454
8.9431616e-05
0.0011044712
7.6084982e-05
0.0011015931
6.6594744e-05
0.0010970633
6.0251796e-05
0.0010913864
5.6164777e-05
0.001084833
5.342807e-05
0.0010775553
5.1908887e-05
5.0080151e-05
0.0010695581
0.0010182067
4.9577534e-05
0.001032303
0.00010624535
0.0010448236
0.00012099302
0.0010570651
0.00012078739
0.0010677935
0.00011205005
0.0010762764
9.7667273e-05
0.0010827206
8.2987379e-05
0.001087555
7.1250623e-05
0.0010911848
6.2964945e-05
0.0010939221
5.7514474e-05
0.0010959487
5.4138157e-05
0.0010973227
5.2054077e-05
0.001098126
5.1105589e-05
5.0166913e-05
0.0010980392
0.001015841
4.1143901e-05
0.0010283605
9.3725924e-05
0.0010391856
0.00011016784
0.0010488659
0.00011110709
0.001056825
0.00010409095
0.0010628268
9.1665517e-05
0.0010674108
7.8403356e-05
0.0010711601
6.7501334e-05
0.0010744695
5.9655515e-05
0.0010775771
5.4406908e-05
0.0010805952
5.1120057e-05
0.0010835179
4.9131347e-05
0.0010863823
4.8241231e-05
4.7677827e-05
0.0010888714
0.0010139958
3.4555535e-05
0.0010250843
8.2637386e-05
0.0010351402
0.00010011193
0.0010440628
0.00010218453
0.0010513704
9.6783307e-05
0.001056731
8.6304958e-05
0.0010605979
7.4536392e-05
0.0010635833
6.4515936e-05
0.0010661316
5.7107235e-05
0.0010685237
5.2014864e-05
0.0010709165
4.8727221e-05
0.0010733505
4.6697293e-05
0.0010758815
4.5710274e-05
4.5221338e-05
0.001078338
0.0010126278
2.9335139e-05
0.0010223543
7.2910898e-05
0.001031624
9.0842227e-05
0.0010399293
9.3879259e-05
0.0010469169
8.9795628e-05
0.0010522014
8.1020483e-05
0.0010560607
7.0677122e-05
0.0010590106
6.1566e-05
0.0010614561
5.4661765e-05
0.0010636644
4.9806553e-05
0.0010658001
4.6591485e-05
0.0010679296
4.4567858e-05
0.0010701171
4.3522785e-05
4.304918e-05
0.0010722892
0.0010116118
2.5130751e-05
0.0010201261
6.4396554e-05
0.0010286451
8.2323277e-05
0.0010363598
8.6164514e-05
0.0010429953
8.3160199e-05
0.0010481867
7.5829068e-05
0.0010520906
6.6773227e-05
0.0010551312
5.852536e-05
0.0010576647
5.2128253e-05
0.0010599295
4.7541813e-05
0.001062078
4.4442899e-05
0.001064182
4.2463874e-05
0.001066303
4.1401777e-05
4.0940555e-05
0.0010684117
0.0010108462
2.1691925e-05
0.0010183054
5.6937391e-05
0.0010261354
7.4493312e-05
0.0010333251
7.8974766e-05
0.0010396167
7.6868652e-05
0.0010446824
7.0763274e-05
0.001048594
6.2861724e-05
0.001051698
5.5421353e-05
0.0010543107
4.9515522e-05
0.0010566473
4.5205153e-05
0.0010588494
4.2240875e-05
0.0010609906
4.0322687e-05
0.0010631301
3.9262261e-05
3.8808047e-05
0.0010652626
0.0010102625
1.8836874e-05
0.0010168133
5.0386521e-05
0.0010240118
6.7294872e-05
0.0010307361
7.2250411e-05
0.0010367116
7.0893152e-05
0.0010416469
6.5827978e-05
0.0010455511
5.8957521e-05
0.0010487008
5.227164e-05
0.0010513756
4.6840776e-05
0.0010537711
4.280961e-05
0.0010560194
3.9992616e-05
0.0010581959
3.8146119e-05
0.0010603591
3.7099076e-05
3.6646848e-05
0.0010625203
0.0010098121
1.6432222e-05
0.0010155868
4.4611809e-05
0.001022208
6.0673626e-05
0.0010285158
6.5942659e-05
0.0010342033
6.5205641e-05
0.0010390094
6.1021889e-05
0.0010428989
5.5067942e-05
0.0010460859
4.9084667e-05
0.0010488145
4.4112161e-05
0.0010512627
4.0361433e-05
0.0010535532
3.7702096e-05
0.0010557622
3.5937178e-05
0.0010579473
3.4913953e-05
3.4462643e-05
0.0010601315
0.0010094604
1.4379209e-05
0.0010145751
3.9497117e-05
0.0010206721
5.4576662e-05
0.0010266047
6.0010068e-05
0.0010320304
5.9779915e-05
0.0010367102
5.6342073e-05
0.0010405789
5.1199251e-05
0.001043796
4.5867522e-05
0.0010465723
4.1335892e-05
0.001049069
3.7864787e-05
0.0010514
3.5371083e-05
0.0010536406
3.3696516e-05
0.001055848
3.2706553e-05
3.2258155e-05
0.0010580525
0.0010091828
1.2603858e-05
0.001013738
3.494186e-05
0.0010193621
4.8952592e-05
0.0010249558
5.4416358e-05
0.0010301442
5.4591558e-05
0.0010347023
5.1783928e-05
0.0010385449
4.7356596e-05
0.0010417857
4.262678e-05
0.0010446037
3.8517907e-05
0.0010471445
3.5323942e-05
0.0010495139
3.3001683e-05
0.0010517855
3.1424983e-05
0.0010540154
3.0476632e-05
3.0034837e-05
0.0010562387
0.0010089612
1.1050022e-05
0.0010130434
3.0859735e-05
0.0010182439
4.3752045e-05
0.0010235314
4.9128908e-05
0.001028505
4.9617877e-05
0.0010329476
4.734139e-05
0.0010367604
4.354374e-05
0.0010400189
3.9368289e-05
0.0010428731
3.5663769e-05
0.0010454538
3.2743256e-05
0.0010478589
3.0596496e-05
0.0010501599
2.9124005e-05
0.0010524119
2.8224601e-05
2.7793944e-05
0.0010546528
0.0010087829
9.6744988e-06
0.0010124656
2.7177069e-05
0.0010172896
3.8928078e-05
0.0010223008
4.4117704e-05
0.0010270809
4.483776e-05
0.001031415
4.3007307e-05
0.0010351956
3.9763098e-05
0.0010384668
3.6097099e-05
0.001041352
3.2778562e-05
0.0010439683
3.0126979e-05
0.0010464064
2.8158376e-05
0.001048735
2.6795382e-05
0.0010510083
2.5951366e-05
2.553672e-05
0.0010532655
0.0010086383
8.443559e-06
0.0010119843
2.3831074e-05
0.0010164759
3.4436496e-05
0.001021239
3.9354661e-05
0.0010258452
4.0231493e-05
0.0010300788
3.8773737e-05
0.0010338261
3.6015813e-05
0.0010371057
3.2817453e-05
0.0010400174
2.9866875e-05
0.0010426652
2.7479168e-05
0.0010451333
2.5690302e-05
0.0010474875
2.4441168e-05
0.0010497807
2.3658166e-05
2.32644e-05
0.001052053
0.0010085205
7.3304642e-06
0.0010115834
2.076817e-05
0.0010157839
3.0235994e-05
0.0010203254
3.4813184e-05
0.0010247764
3.5780531e-05
0.0010289179
3.4632202e-05
0.0010326318
3.2301905e-05
0.0010359164
2.9532813e-05
0.0010388505
2.6932818e-05
0.001041526
2.4803649e-05
0.001044021
2.3195288e-05
0.0010463986
2.2063569e-05
0.0010487103
2.1346461e-05
2.0978235e-05
0.0010509965
0.0010084242
6.3136864e-06
0.0010112499
1.7942466e-05
0.0010151977
2.6288164e-05
0.001019543
3.0467876e-05
0.0010238563
3.1467293e-05
0.0010279146
3.0573877e-05
0.0010315961
2.8620398e-05
0.001034883
2.6245891e-05
0.0010378358
2.3980043e-05
0.0010405354
2.2104018e-05
0.0010430544
2.0676328e-05
0.0010454531
1.9664884e-05
0.0010477816
1.9017873e-05
1.8679503e-05
0.0010500804
0.0010083455
5.3756083e-06
0.0010109735
1.5314408e-05
0.0010147043
2.2557381e-05
0.0010188778
2.6294365e-05
0.0010230701
2.7274977e-05
0.0010270543
2.6589711e-05
0.0010307052
2.4969477e-05
0.0010339924
2.2958714e-05
0.0010369607
2.101178e-05
0.0010396811
1.938363e-05
0.001042221
1.8136367e-05
0.0010446384
1.7247464e-05
0.0010469822
1.6674133e-05
1.6369514e-05
0.0010492922
0.0010082814
4.5015683e-06
0.0010107462
1.2849622e-05
0.001014293
1.901061e-05
0.0010183182
2.2269173e-05
0.0010224058
2.3187386e-05
0.001026325
2.2670527e-05
0.0010299478
2.1346634e-05
0.0010332338
1.9672687e-05
0.0010362148
1.8030864e-05
0.0010389528
1.6645613e-05
0.0010415109
1.5578271e-05
0.0010439446
1.4813687e-05
0.0010463017
1.4317047e-05
1.4049605e-05
0.0010486216
0.0010082298
3.679156e-06
0.0010105615
1.051792e-05
0.001013955
1.5617131e-05
0.0010178546
1.8369604e-05
0.0010218531
1.9188819e-05
0.0010257166
1.8807079e-05
0.0010293144
1.7748786e-05
0.0010325985
1.6388664e-05
0.0010355895
1.5039779e-05
0.0010383423
1.3892888e-05
0.0010409157
1.3004823e-05
0.0010433635
1.2365923e-05
0.0010457321
1.194847e-05
1.1721146e-05
0.0010480605
0.0010081889
2.8976671e-06
0.0010104144
8.2924394e-06
0.0010136833
1.2348249e-05
0.0010174792
1.4573644e-05
0.0010214041
1.5263939e-05
0.0010252211
1.4990087e-05
0.0010287975
1.4172397e-05
0.0010320791
1.3107032e-05
0.0010350782
1.2040707e-05
0.0010378429
1.1128197e-05
0.001040429
1.041873e-05
0.0010428883
9.9065408e-06
0.0010452665
9.5702876e-06
9.3855201e-06
0.0010476021
0.0010081574
2.1476707e-06
0.0010103009
6.1489056e-06
0.0010134722
9.1770135e-06
0.0010171859
1.0859876e-05
0.0010210522
1.1397697e-05
0.001024832
1.1210246e-05
0.0010283909
1.0613552e-05
0.0010316701
9.8277655e-06
0.0010346753
9.0355506e-06
0.0010374494
8.3541137e-06
0.0010400455
7.8226102e-06
0.0010425141
7.4378906e-06
0.0010449
7.1843995e-06
7.0441401e-06
0.0010472414
0.0010081344
1.4207096e-06
0.0010102185
4.0648146e-06
0.0010133176
6.0778578e-06
0.0010169701
7.2073836e-06
0.0010207925
7.5752889e-06
0.0010245445
7.4582702e-06
0.00102809
7.0680779e-06
0.0010313672
6.5505291e-06
0.0010343768
6.0259928e-06
0.0010371578
5.5730658e-06
0.0010397614
5.2190055e-06
0.001042237
4.9622873e-06
0.0010446287
4.7927144e-06
4.6984215e-06
0.0010469744
0.0010081186
7.0951351e-07
0.0010101647
2.0187178e-06
0.0010132166
3.0260136e-06
0.0010168286
3.5953042e-06
0.0010206221
3.7818196e-06
0.0010243556
3.7247469e-06
0.0010278921
3.5315848e-06
0.0010311678
3.2748136e-06
0.0010341802
3.0136655e-06
0.0010369657
2.7875154e-06
0.0010395742
2.6105272e-06
0.0010420543
2.4821445e-06
0.0010444498
2.3972373e-06
2.3498633e-06
0.0010467984
0.0010081169
0.0010101356
0.0010131616
0.001016757
0.0010205388
0.0010242635
0.0010277951
0.0010310699
0.0010340836
0.0010368711
0.0010394816
0.0010419638
0.001044361
0.0010467109
0.00021752584
1.0866599e-06
0.00021479074
2.7351014e-06
0.00021111233
3.6784106e-06
0.00020705563
4.0566953e-06
0.00020295536
4.1002733e-06
0.00019894416
4.0111928e-06
0.00019504055
3.9036127e-06
0.00019120979
3.8307594e-06
0.00018738011
3.8296801e-06
0.00018344367
3.9364343e-06
0.00017925527
4.1884034e-06
0.00017461611
4.6391597e-06
0.00016927774
5.338372e-06
0.00016281701
6.460721e-06
0.00015500456
7.8124536e-06
0.00014405307
1.0951478e-05
0.00013280405
1.1249009e-05
2.4478228e-05
0.00010832581
0.00061749083
1.4072978e-05
0.00060514981
1.5076117e-05
0.00059340082
1.5427405e-05
0.00058209007
1.5367441e-05
0.00057117456
1.5015785e-05
0.00056066506
1.4520685e-05
0.00055053709
1.4031589e-05
0.00054071723
1.3650617e-05
0.00053108928
1.3457624e-05
0.00052149028
1.3535436e-05
0.00051169057
1.3988119e-05
0.00050139076
1.4938961e-05
0.00049011956
1.660958e-05
0.00047740516
1.9175115e-05
0.00046195423
2.3263382e-05
0.00044372956
2.9176148e-05
0.00041744356
3.7535001e-05
5.6167117e-05
0.00038575466
0.00091576531
2.915494e-05
0.00090121323
2.9628202e-05
0.00088722243
2.94182e-05
0.00087369717
2.8892701e-05
0.00086058161
2.8131343e-05
0.00084786084
2.7241455e-05
0.00083550598
2.6386455e-05
0.00082345367
2.5702927e-05
0.0008116046
2.5306694e-05
0.00079981624
2.5323789e-05
0.00078788527
2.5919089e-05
0.00077552983
2.7294399e-05
0.0007623272
2.9812216e-05
0.00074775742
3.3744897e-05
0.00073071356
4.0307234e-05
0.00071080978
4.9079927e-05
0.00068296445
6.5380331e-05
8.6792598e-05
0.00065233896
0.0010617699
3.6943064e-05
0.0010537203
3.7677855e-05
0.0010455058
3.7632703e-05
0.0010371353
3.7263131e-05
0.0010286076
3.6659072e-05
0.0010199491
3.589996e-05
0.0010111853
3.5150285e-05
0.0010023178
3.4570434e-05
0.0009933184
3.4306067e-05
0.00098412208
3.4520115e-05
0.00097461328
3.5427883e-05
0.00096460776
3.7299924e-05
0.00095381642
4.0603549e-05
0.00094183007
4.5731249e-05
0.00092788996
5.4247342e-05
0.00091144326
6.5526627e-05
0.00088924903
8.7574552e-05
0.00011190107
0.00086414055
0.0010973267
3.7655566e-05
0.0010962167
3.8787858e-05
0.001094705
3.9144443e-05
0.0010928002
3.9167897e-05
0.001090483
3.8976325e-05
0.0010877574
3.8625519e-05
0.0010846445
3.8263153e-05
0.0010811604
3.8054551e-05
0.0010773071
3.8159387e-05
0.0010730664
3.8760782e-05
0.0010683896
4.0104683e-05
0.0010631843
4.2505227e-05
0.0010572919
4.6496022e-05
0.0010504655
5.2557599e-05
0.0010422855
6.2427386e-05
0.0010322547
7.5557375e-05
0.0010190834
0.00010074587
0.00012843923
0.0010025452
0.0010908502
3.5676703e-05
0.0010927554
3.6882728e-05
0.0010944681
3.7431718e-05
0.0010959662
3.7669755e-05
0.0010972016
3.7741002e-05
0.0010981397
3.7687362e-05
0.0010987697
3.7633157e-05
0.0010990873
3.7736983e-05
0.0010990862
3.8160418e-05
0.0010987549
3.9092095e-05
0.00109807
4.0789648e-05
0.0010969893
4.3585891e-05
0.0010954422
4.8043116e-05
0.0010933083
5.4691513e-05
0.0010904463
6.5289424e-05
0.0010864632
7.9540458e-05
0.0010816149
0.00010559417
0.00013622031
0.0010738338
0.0010804169
3.3597764e-05
0.0010826458
3.4653904e-05
0.0010848735
3.5203951e-05
0.0010870726
3.5470673e-05
0.0010891998
3.561383e-05
0.0010912135
3.5673651e-05
0.0010930917
3.5754916e-05
0.0010948212
3.6007529e-05
0.0010963899
3.6591672e-05
0.0010977862
3.769585e-05
0.0010989963
3.9579508e-05
0.0011000019
4.2580298e-05
0.0011007824
4.7262591e-05
0.0011012898
5.4184172e-05
0.0011015675
6.5011729e-05
0.0011013205
7.9787459e-05
0.0011016655
0.00010524913
0.00013756704
0.0011003188
0.0010740536
3.183342e-05
0.001076004
3.2703509e-05
0.0010780036
3.3204278e-05
0.0010800277
3.3446588e-05
0.0010820504
3.3591141e-05
0.0010840407
3.3683346e-05
0.0010859821
3.3813504e-05
0.0010878665
3.4123166e-05
0.0010896872
3.4770919e-05
0.0010914388
3.5944273e-05
0.0010931173
3.7901041e-05
0.0010947188
4.0978729e-05
0.0010962515
4.5729956e-05
0.0010977046
5.2731058e-05
0.0010992151
6.3501248e-05
0.0011005876
7.8414917e-05
0.0011031636
0.00010267316
0.00013530445
0.0011054262
0.0010700474
3.0197641e-05
0.0010718434
3.0907557e-05
0.0010736853
3.1362369e-05
0.0010755454
3.1586468e-05
0.001077408
3.172853e-05
0.0010792508
3.184058e-05
0.0010810622
3.2002067e-05
0.0010828396
3.2345779e-05
0.0010845827
3.3027856e-05
0.0010862927
3.4234234e-05
0.0010879744
3.6219379e-05
0.0010896346
3.9318487e-05
0.0010912983
4.4066294e-05
0.0010929781
5.1051286e-05
0.0010948441
6.1635246e-05
0.0010968061
7.6452879e-05
0.0011000763
9.9402966e-05
0.00013131769
0.001104063
0.0010668792
2.8580975e-05
0.0010686305
2.9156345e-05
0.0010704239
2.9568959e-05
0.0010722273
2.9783047e-05
0.0010740285
2.9927319e-05
0.0010758097
3.005933e-05
0.0010775613
3.0250551e-05
0.0010792824
3.062459e-05
0.0010809765
3.1333797e-05
0.0010826493
3.2561454e-05
0.0010843116
3.4557064e-05
0.0010859788
3.765132e-05
0.0010876871
4.2357969e-05
0.0010894689
4.9269509e-05
0.0010915023
5.9601832e-05
0.0010937964
7.415879e-05
0.0010973462
9.585315e-05
0.00012644099
0.0011022229
0.0010641401
2.6961167e-05
0.0010658745
2.7421945e-05
0.0010676514
2.7792089e-05
0.0010694367
2.7997786e-05
0.0010712194
2.8144621e-05
0.0010729851
2.829356e-05
0.0010747252
2.851046e-05
0.00107644
2.8909822e-05
0.0010781349
2.9638926e-05
0.0010798191
3.0877207e-05
0.0010815086
3.2867585e-05
0.0010832262
3.5933746e-05
0.0010850178
4.0566288e-05
0.0010869349
4.7352488e-05
0.0010891582
5.7378459e-05
0.00109178
7.1537003e-05
0.0010956133
9.2019842e-05
0.00012095771
0.0011010966
0.0010617568
2.5335832e-05
0.0010634791
2.5699704e-05
0.0010652438
2.6027363e-05
0.0010670178
2.6223802e-05
0.0010687908
2.6371607e-05
0.0010705516
2.653275e-05
0.0010722929
2.6769118e-05
0.0010740163
2.7186513e-05
0.0010757291
2.7926086e-05
0.0010774441
2.9162184e-05
0.001079182
3.1129671e-05
0.0010809731
3.4142688e-05
0.0010828725
3.8666872e-05
0.0010849495
4.5275521e-05
0.0010873884
5.4939573e-05
0.001090345
6.8580332e-05
0.0010945039
8.7860962e-05
0.00011498393
0.0011004777
0.001059685
2.3703316e-05
0.0010613984
2.3986368e-05
0.0010631528
2.4272962e-05
0.0010649176
2.4458953e-05
0.0010666832
2.4605984e-05
0.0010684412
2.4774797e-05
0.001070186
2.502426e-05
0.0010719206
2.5451983e-05
0.0010736546
2.6192105e-05
0.001075404
2.7412699e-05
0.0010771945
2.9339168e-05
0.0010790635
3.2273725e-05
0.0010810749
3.665553e-05
0.001083314
4.3036388e-05
0.0010859693
5.2284276e-05
0.0010892429
6.530671e-05
0.0010937289
8.3374934e-05
0.00010860318
0.0011001097
0.0010578799
2.2062107e-05
0.0010595877
2.2278573e-05
0.0010613341
2.2526592e-05
0.001063092
2.2701044e-05
0.0010648523
2.2845651e-05
0.001066609
2.3018129e-05
0.0010683585
2.3274713e-05
0.0010701052
2.3705335e-05
0.0010718609
2.4436396e-05
0.001073645
2.5628534e-05
0.0010754878
2.749641e-05
0.0010774334
3.0328128e-05
0.0010795538
3.4535113e-05
0.0010819486
4.064157e-05
0.0010848102
4.9422713e-05
0.0010883728
6.1744059e-05
0.0010931645
7.8583229e-05
0.00010188573
0.001099882
0.0010563036
2.0411367e-05
0.0010580086
2.0573585e-05
0.001059749
2.0786136e-05
0.0010615019
2.0948132e-05
0.0010632589
2.1088716e-05
0.0010650157
2.1261282e-05
0.001066771
2.1519453e-05
0.0010685304
2.1945906e-05
0.0010703081
2.2658739e-05
0.0010721265
2.3810078e-05
0.0010740203
2.5602623e-05
0.00107604
2.8308463e-05
0.0010782649
3.2310186e-05
0.0010808068
3.8099687e-05
0.0010838616
4.636787e-05
0.0010876851
5.792055e-05
0.0010927551
7.3513245e-05
9.4887839e-05
0.001099753
0.001054926
1.8750838e-05
0.0010566302
1.8869385e-05
0.0010583665
1.9049869e-05
0.0010601159
1.919871e-05
0.0010618709
1.9333694e-05
0.0010636291
1.9503129e-05
0.0010653907
1.9757778e-05
0.0010671633
2.017338e-05
0.0010689627
2.0859309e-05
0.0010708146
2.1958175e-05
0.0010727576
2.3659618e-05
0.0010748481
2.6217987e-05
0.0010771721
2.9986159e-05
0.0010798516
3.5420169e-05
0.0010830858
4.3133653e-05
0.0010871438
5.3862567e-05
0.0010924643
6.8192758e-05
8.7653944e-05
0.0010996982
0.0010537232
1.7080642e-05
0.0010554281
1.7164545e-05
0.0010571615
1.7316415e-05
0.0010589086
1.7451638e-05
0.0010606628
1.7579488e-05
0.001062423
1.7742886e-05
0.0010641915
1.7989319e-05
0.0010659771
1.8387811e-05
0.0010677977
1.9038716e-05
0.0010696817
2.007418e-05
0.0010716715
2.1669774e-05
0.0010738289
2.4060628e-05
0.0010762458
2.756922e-05
0.0010790528
3.2613116e-05
0.0010824519
3.9734568e-05
0.0010867197
4.9594823e-05
0.0010922636
6.2648822e-05
8.0220122e-05
0.0010996974
0.0010526759
1.5401232e-05
0.0010543824
1.5458069e-05
0.0010561141
1.5584692e-05
0.0010578597
1.5706037e-05
0.0010596139
1.582534e-05
0.0010613767
1.5980032e-05
0.0010631521
1.6213969e-05
0.0010649502
1.6589636e-05
0.001066791
1.7197908e-05
0.0010687054
1.8159859e-05
0.0010707392
1.9635969e-05
0.0010729588
2.184098e-05
0.0010754618
2.5066214e-05
0.0010783858
2.9689141e-05
0.0010819348
3.6185554e-05
0.001086389
4.5140655e-05
0.0010921304
5.6907422e-05
7.2616629e-05
0.0010997339
0.0010517685
1.3713128e-05
0.0010534771
1.3749415e-05
0.001055208
1.3853859e-05
0.0010569528
1.3961253e-05
0.0010587074
1.4070688e-05
0.0010604732
1.4214272e-05
0.0010622552
1.4431931e-05
0.0010640654
1.4779435e-05
0.0010659251
1.5338221e-05
0.0010678676
1.6217344e-05
0.001069942
1.7561572e-05
0.0010722189
1.9564039e-05
0.0010748006
2.2484532e-05
0.0010778304
2.6659325e-05
0.0010815142
3.2501791e-05
0.0010861327
4.0522114e-05
0.0010920469
5.0993256e-05
6.4869576e-05
0.001099794
0.0010509882
1.2017112e-05
0.0010526994
1.2038195e-05
0.0010544299
1.2123349e-05
0.0010561744
1.2216806e-05
0.0010579299
1.2315189e-05
0.0010596986
1.2445553e-05
0.001061487
1.2643469e-05
0.0010633084
1.2958121e-05
0.0010651854
1.346114e-05
0.0010671537
1.4249113e-05
0.001069265
1.5450262e-05
0.0010715937
1.7235265e-05
0.0010742462
1.9832087e-05
0.0010773705
2.3534987e-05
0.0010811738
2.8698551e-05
0.0010859357
3.5760151e-05
0.0010919994
4.4929634e-05
5.7001702e-05
0.0010998672
0.0010503248
1.031399e-05
0.0010520386
1.0324378e-05
0.0010537692
1.0392728e-05
0.0010555136
1.0472353e-05
0.0010572702
1.055865e-05
0.0010590418
1.0673919e-05
0.0010608362
1.0849123e-05
0.0010626676
1.1126725e-05
0.0010645603
1.1568409e-05
0.0010665515
1.2257852e-05
0.0010686958
1.3306043e-05
0.0010710705
1.4860508e-05
0.0010737856
1.7117022e-05
0.0010769929
2.032768e-05
0.0010809003
2.479114e-05
0.0010857857
3.0874768e-05
0.0010919768
3.8738537e-05
4.9032962e-05
0.0010999455
0.0010497698
8.6046677e-06
0.0010514862
8.6080393e-06
0.0010532172
8.6617362e-06
0.0010549618
8.7277133e-06
0.0010567195
8.8010046e-06
0.0010584938
8.8995466e-06
0.0010602935
9.049498e-06
0.0010621337
9.2864323e-06
0.0010640402
9.6619882e-06
0.0010660515
1.0246475e-05
0.0010682244
1.1133174e-05
0.0010706391
1.2445846e-05
0.0010734082
1.4347889e-05
0.0010766868
1.7049075e-05
0.0010806832
2.0794758e-05
0.0010856728
2.5885123e-05
0.0010919707
3.2440668e-05
4.0981163e-05
0.0011000225
0.0010493167
6.8900968e-06
0.0010510354
6.889389e-06
0.0010527669
6.9302443e-06
0.0010545118
6.9827556e-06
0.0010562705
7.0422778e-06
0.0010580473
7.1227892e-06
0.0010598515
7.2453192e-06
0.0010616994
7.4385476e-06
0.0010636174
7.7439127e-06
0.0010656458
8.2180732e-06
0.0010678429
8.9361245e-06
0.0010702911
9.9975836e-06
0.0010731056
1.1533403e-05
0.0010764437
1.3711023e-05
0.001080514
1.6724483e-05
0.0010855894
2.0809654e-05
0.0010919744
2.6055661e-05
3.2862144e-05
0.0011000935
0.0010489602
5.171262e-06
0.0010506808
5.1688242e-06
0.0010524128
5.1982033e-06
0.0010541582
5.2374486e-06
0.0010559178
5.2826198e-06
0.0010576966
5.3439817e-06
0.0010595046
5.4373688e-06
0.0010613586
5.5844792e-06
0.0010632861
5.816401e-06
0.0010653283
6.1758913e-06
0.0010675449
6.7195163e-06
0.0010700202
7.5223008e-06
0.0010728712
8.6824466e-06
0.0010762569
1.032531e-05
0.001080386
1.2595362e-05
0.0010855295
1.5666185e-05
0.0010919829
1.9602261e-05
2.4690647e-05
0.0011001544
0.0010486964
3.4492357e-06
0.0010504186
3.4466918e-06
0.001052151
3.4657388e-06
0.0010538967
3.4918167e-06
0.0010556571
3.522212e-06
0.0010574375
3.5635947e-06
0.0010592482
3.626577e-06
0.001061107
3.7256947e-06
0.0010630417
3.8817502e-06
0.0010650943
4.1232556e-06
0.0010673257
4.4881672e-06
0.0010698214
5.0265827e-06
0.0010726998
5.8040298e-06
0.0010761212
6.9038696e-06
0.0010802944
8.4221989e-06
0.0010854885
1.0472127e-05
0.0010919923
1.3098439e-05
1.6479066e-05
0.0011002039
0.0010485225
1.7251097e-06
0.0010502456
1.7235876e-06
0.0010519784
1.7329283e-06
0.0010537242
1.7459928e-06
0.0010554851
1.7612975e-06
0.0010572666
1.7821319e-06
0.0010590793
1.8138614e-06
0.0010609412
1.8637862e-06
0.0010628807
1.9422552e-06
0.0010649403
2.0636351e-06
0.0010671816
2.2469094e-06
0.001069691
2.5171565e-06
0.0010725878
2.9072712e-06
0.0010760331
3.4585359e-06
0.0010802357
4.2196568e-06
0.0010854634
5.2443637e-06
0.0010920002
6.5616956e-06
8.2389531e-06
0.0011002403
0.001048436
0.0010501596
0.0010518925
0.0010536385
0.0010553998
0.0010571819
0.0010589958
0.0010608596
0.0010628018
0.0010648655
0.0010671124
0.0010696295
0.0010725368
0.0010759953
0.001080215
0.0010854593
0.001092021
0.00110026
0.00013230565
-2.3979851e-05
0.00015408433
-2.1778695e-05
0.00017313431
-1.9049989e-05
0.00019031555
-1.7181243e-05
0.00020618401
-1.5868469e-05
0.00022093543
-1.4751423e-05
0.00023463933
-1.3703903e-05
-1.3071373e-05
0.0002477107
0.00040368121
-4.1906407e-05
0.00042234225
-4.0439744e-05
0.00044107508
-3.7782825e-05
0.00045913375
-3.5239912e-05
0.00047633606
-3.3070784e-05
0.00049267668
-3.1092046e-05
0.00050820537
-2.9232594e-05
-2.7587691e-05
0.00052272169
0.0006647987
-5.4366152e-05
0.00067700418
-5.2645226e-05
0.00068939525
-5.0173896e-05
0.00070151691
-4.7361572e-05
0.00071310338
-4.4657255e-05
0.00072413114
-4.2119808e-05
0.00073463881
-3.9740266e-05
-3.7458754e-05
0.00074450987
0.00087080398
-6.1029587e-05
0.0008769318
-5.8773042e-05
0.00088310216
-5.6344261e-05
0.00088923581
-5.3495223e-05
0.00089514055
-5.0561995e-05
0.00090077359
-4.7752849e-05
0.00090615713
-4.5123807e-05
-4.2541438e-05
0.00091123981
0.0010043336
-6.2817915e-05
0.001005742
-6.0181523e-05
0.0010071127
-5.7714903e-05
0.0010085777
-5.4960236e-05
0.0010100753
-5.2059595e-05
0.0010115662
-4.9243794e-05
0.0010130501
-4.6607664e-05
-4.4026321e-05
0.001014535
0.0010724586
-6.1442697e-05
0.0010709889
-5.8711863e-05
0.0010695101
-5.6236141e-05
0.0010681996
-5.3649696e-05
0.0010670893
-5.0949291e-05
0.0010661529
-4.8307368e-05
0.0010653694
-4.5824196e-05
-4.3419599e-05
0.0010647627
0.0010974027
-5.8526593e-05
0.0010946364
-5.594558e-05
0.0010919516
-5.3551343e-05
0.0010894678
-5.1165962e-05
0.0010872467
-4.8728148e-05
0.0010852741
-4.6334728e-05
0.0010835191
-4.4069225e-05
-4.1895176e-05
0.0010819947
0.0011020078
-5.5108182e-05
0.0010988642
-5.2802065e-05
0.0010958875
-5.0574574e-05
0.0010931197
-4.8398238e-05
0.0010906103
-4.6218702e-05
0.0010883538
-4.4078201e-05
0.0010863211
-4.2036561e-05
-4.0084904e-05
0.0010845108
0.0011006109
-5.1656079e-05
0.001097451
-4.9642105e-05
0.0010945031
-4.7626706e-05
0.0010917615
-4.5656674e-05
0.001089251
-4.3708116e-05
0.0010869695
-4.1796743e-05
0.0010848947
-3.9961722e-05
-3.82061e-05
0.0010830159
0.0010988782
-4.8311364e-05
0.0010957887
-4.6552654e-05
0.0010929171
-4.4755071e-05
0.0010902429
-4.2982527e-05
0.001087772
-4.1237209e-05
0.0010855025
-3.9527185e-05
0.0010834184
-3.787766e-05
-3.6294952e-05
0.0010815073
0.0010978742
-4.5088955e-05
0.0010948608
-4.3539288e-05
0.0010920484
-4.1942611e-05
0.0010894199
-4.0354058e-05
0.0010869721
-3.8789462e-05
0.0010847021
-3.7257127e-05
0.0010825987
-3.577423e-05
-3.4347018e-05
0.0010806507
0.0010973605
-4.1971828e-05
0.0010944158
-4.0594558e-05
0.0010916484
-3.9175222e-05
0.0010890489
-3.7754583e-05
0.0010866119
-3.6352455e-05
0.0010843335
-3.4978733e-05
0.0010822057
-3.3646343e-05
-3.2360724e-05
0.0010802194
0.0010970779
-3.8940072e-05
0.0010941932
-3.7709883e-05
0.001091464
-3.6445998e-05
0.0010888864
-3.5176993e-05
0.0010864558
-3.392183e-05
0.0010841682
-3.2691094e-05
0.0010820172
-3.149539e-05
-3.0339453e-05
0.0010799959
0.0010969186
-3.597672e-05
0.0010940849
-3.4876137e-05
0.0010913887
-3.3749837e-05
0.0010888293
-3.2617618e-05
0.0010864035
-3.1495953e-05
0.0010841075
-3.0395135e-05
0.0010819364
-2.9324253e-05
-2.8287538e-05
0.0010798845
0.0010968444
-3.3068087e-05
0.0010940526
-3.2084407e-05
0.0010913844
-3.1081582e-05
0.0010888401
-3.0073365e-05
0.0010864177
-2.9073556e-05
0.0010841142
-2.8091569e-05
0.0010819252
-2.7135324e-05
-2.6208673e-05
0.0010798464
0.0010968334
-3.0203302e-05
0.0010940758
-2.9326767e-05
0.0010914304
-2.8436254e-05
0.0010888984
-2.7541314e-05
0.0010864782
-2.6653374e-05
0.0010841674
-2.5780775e-05
0.0010819625
-2.4930408e-05
-2.4105791e-05
0.0010798596
0.0010968679
-2.7373794e-05
0.0010941378
-2.659663e-05
0.001091511
-2.5809428e-05
0.0010889885
-2.501885e-05
0.0010865694
-2.4234288e-05
0.0010842516
-2.3462981e-05
0.0010820321
-2.2710947e-05
-2.1981337e-05
0.0010799077
0.0010969328
-2.4572786e-05
0.0010942249
-2.3888638e-05
0.0010916129
-2.3197427e-05
0.0010890978
-2.2503754e-05
0.0010866788
-2.1815345e-05
0.0010843543
-2.1138487e-05
0.0010821216
-2.047821e-05
-1.9837472e-05
0.0010799777
0.0010970161
-2.1794945e-05
0.001094326
-2.1198494e-05
0.0010917258
-2.0597215e-05
0.0010892162
-1.9994215e-05
0.0010867968
-1.9395925e-05
0.0010844659
-1.8807554e-05
0.0010822211
-1.8233484e-05
-1.7676262e-05
0.0010800599
0.0010971082
-1.9035903e-05
0.0010944324
-1.8522683e-05
0.0010918415
-1.8006331e-05
0.0010893361
-1.7488843e-05
0.0010869157
-1.6975489e-05
0.0010845788
-1.6470677e-05
0.0010823234
-1.5978039e-05
-1.5499726e-05
0.0010801468
0.0010972016
-1.6291975e-05
0.0010945373
-1.5858359e-05
0.0010919537
-1.5422764e-05
0.0010894514
-1.4986499e-05
0.0010870297
-1.4553824e-05
0.0010846874
-1.4128367e-05
0.0010824224
-1.37131e-05
-1.3309894e-05
0.0010802326
0.0010972906
-1.3560126e-05
0.0010946353
-1.3203058e-05
0.0010920574
-1.284484e-05
0.0010895572
-1.2486282e-05
0.0010871342
-1.21308e-05
0.0010847871
-1.1781245e-05
0.001082514
-1.1440036e-05
-1.1108722e-05
0.0010803128
0.001097371
-1.0837703e-05
0.0010947227
-1.0554721e-05
0.001092149
-1.0271178e-05
0.0010896503
-9.9875453e-06
0.0010872259
-9.7064063e-06
0.0010848746
-9.4299608e-06
0.0010825947
-9.1600924e-06
-8.8980854e-06
0.001080384
0.0010974391
-8.1223907e-06
0.0010947959
-7.9115429e-06
0.0010922254
-7.7006684e-06
0.0010897277
-7.4898654e-06
0.0010873021
-7.2808174e-06
0.0010849474
-7.075301e-06
0.001082662
-6.8746636e-06
-6.6798661e-06
0.0010804438
0.0010974931
-5.4115911e-06
0.0010948532
-5.2717131e-06
0.0010922848
-5.1322444e-06
0.0010897877
-4.992724e-06
0.0010873611
-4.8542317e-06
0.0010850038
-4.7180239e-06
0.0010827142
-4.5850925e-06
-4.4558659e-06
0.0010804902
0.0010975315
-2.7028379e-06
0.0010948941
-2.6342756e-06
0.0010923272
-2.5653966e-06
0.0010898305
-2.4960406e-06
0.0010874033
-2.4270239e-06
0.0010850444
-2.3591104e-06
0.0010827521
-2.2927279e-06
-2.2278205e-06
0.001080524
0.0010975572
0.0010949229
0.0010923575
0.0010898614
0.0010874344
0.0010850753
0.0010827826
0.0010805548
0.00027090066
-2.3189958e-05
0.00028806022
-1.715957e-05
0.00030091334
-1.2853141e-05
0.00031115112
-1.02378e-05
0.00032038323
-9.2321308e-06
0.00033027769
-9.8944697e-06
0.00034424151
-1.3963823e-05
-2.0261433e-05
0.00036450296
0.00055579796
-5.6266238e-05
0.00058294687
-4.4308479e-05
0.00060537827
-3.5284561e-05
0.00062445183
-2.931137e-05
0.00064184618
-2.6626495e-05
0.00065865723
-2.6705525e-05
0.00067887828
-3.418488e-05
-4.1492674e-05
0.00070010953
0.00076738594
-7.9142308e-05
0.00078668334
-6.3605881e-05
0.00080317937
-5.1780604e-05
0.00081776081
-4.389282e-05
0.00083149213
-4.0357828e-05
0.00084529222
-4.0505614e-05
0.00086091004
-4.9802707e-05
-5.8764039e-05
0.00087818141
0.00092298752
-9.0890025e-05
0.00093297674
-7.3595107e-05
0.00094165679
-6.0460655e-05
0.00094954005
-5.1776094e-05
0.00095723846
-4.8056251e-05
0.00096539256
-4.8659718e-05
0.0009745565
-5.8966649e-05
-6.9363929e-05
0.0009851564
0.0010182202
-9.4575199e-05
0.0010215835
-7.6958434e-05
0.001024774
-6.3651156e-05
0.0010279546
-5.4956689e-05
0.0010313442
-5.1445873e-05
0.001035311
-5.26265e-05
0.0010396063
-6.3261985e-05
-7.5110877e-05
0.0010453532
0.0010639555
-9.3768063e-05
0.0010637285
-7.6731393e-05
0.0010640147
-6.3937412e-05
0.0010647441
-5.5686106e-05
0.0010658612
-5.2562901e-05
0.0010675291
-5.4294438e-05
0.0010690327
-6.47656e-05
-7.7953882e-05
0.0010718757
0.0010793122
-9.1085579e-05
0.0010776265
-7.5045712e-05
0.0010767501
-6.3061009e-05
0.001076496
-5.5432036e-05
0.0010766622
-5.2729122e-05
0.0010772692
-5.4901425e-05
0.001077442
-6.4938389e-05
-7.9014569e-05
0.0010785027
0.0010812436
-8.7818321e-05
0.0010790981
-7.2900274e-05
0.0010778287
-6.1791578e-05
0.001077208
-5.4811347e-05
0.0010769754
-5.2496492e-05
0.0010770483
-5.4974348e-05
0.0010765793
-6.4469449e-05
-7.882917e-05
0.0010763939
0.0010795487
-8.4351148e-05
0.0010772075
-7.0559048e-05
0.0010757231
-6.0307224e-05
0.0010748586
-5.3946896e-05
0.0010743364
-5.1974256e-05
0.0010739967
-5.4634639e-05
0.001073087
-6.3559731e-05
-7.7673033e-05
0.0010719308
0.001077873
-8.0716878e-05
0.0010753348
-6.8020852e-05
0.0010736167
-5.8589147e-05
0.0010724789
-5.2809125e-05
0.0010716408
-5.1136091e-05
0.0010708858
-5.3879653e-05
0.0010695575
-6.2231447e-05
-7.5735821e-05
0.0010676203
0.0010768295
-7.6895679e-05
0.0010740659
-6.5257276e-05
0.0010720861
-5.6609324e-05
0.0010706478
-5.137077e-05
0.0010694707
-4.9959093e-05
0.0010682997
-5.2708642e-05
0.001066556
-6.048774e-05
-7.317463e-05
0.0010639948
0.0010762126
-7.2888934e-05
0.0010732205
-6.2265137e-05
0.001070977
-5.4365832e-05
0.001069238
-4.9631753e-05
0.0010677252
-4.8446348e-05
0.0010661592
-5.1142641e-05
0.0010640222
-5.8350695e-05
-7.0117432e-05
0.001060965
0.001075819
-6.8712028e-05
0.0010726103
-5.9056445e-05
0.0010701154
-5.1870911e-05
0.0010680898
-4.7606174e-05
0.0010662584
-4.6614955e-05
0.0010643289
-4.921316e-05
0.0010618328
-5.5854514e-05
-6.6662624e-05
0.001058378
0.0010755548
-6.4382376e-05
0.0010721454
-5.5647039e-05
0.0010694151
-4.914058e-05
0.0010671211
-4.5312238e-05
0.0010649926
-4.4486436e-05
0.0010627328
-4.6953335e-05
0.0010599142
-5.3035917e-05
-6.2884246e-05
0.0010561358
0.0010753798
-5.9915832e-05
0.0010717857
-5.2052964e-05
0.0010688367
-4.6191547e-05
0.0010662936
-4.2769149e-05
0.0010638906
-4.2083469e-05
0.0010613323
-4.4395053e-05
0.0010582265
-4.9930066e-05
-5.8838651e-05
0.0010541809
0.0010752705
-5.5326714e-05
0.0010715076
-4.8290071e-05
0.0010683569
-4.3040847e-05
0.0010655843
-3.9996564e-05
0.00106293
-3.9429134e-05
0.0010601035
-4.1568548e-05
0.001056743
-4.6569623e-05
-5.4569892e-05
0.0010524743
0.0010752091
-5.062815e-05
0.001071293
-4.4373985e-05
0.001067958
-3.9705805e-05
0.0010649759
-3.7014475e-05
0.0010620933
-3.654656e-05
0.0010590273
-3.8502493e-05
0.0010554424
-4.2984726e-05
-5.011322e-05
0.0010509857
0.0010751819
-4.5832287e-05
0.0010711279
-4.0320062e-05
0.001067626
-3.6203867e-05
0.0010644545
-3.3842968e-05
0.0010613667
-3.34588e-05
0.0010580881
-3.5223944e-05
0.0010543065
-3.9203095e-05
-4.5497597e-05
0.0010496909
0.001075178
-4.0950398e-05
0.0010710012
-3.6143264e-05
0.0010673498
-3.2552488e-05
0.0010640089
-3.050207e-05
0.0010607386
-3.0188467e-05
0.0010572732
-3.1758531e-05
0.0010533204
-3.5250285e-05
-4.0747375e-05
0.0010485702
0.0010751895
-3.5993071e-05
0.0010709044
-3.1858215e-05
0.0010671209
-2.8768992e-05
0.0010636305
-2.7011618e-05
0.0010601997
-2.6757698e-05
0.0010565717
-2.813058e-05
0.0010524713
-3.1149844e-05
-3.5883425e-05
0.0010476074
0.00107521
-3.0970423e-05
0.0010708309
-2.7479205e-05
0.0010669325
-2.4870519e-05
0.001063312
-2.3391207e-05
0.0010597424
-2.3188089e-05
0.001055975
-2.4363106e-05
0.0010517488
-2.6923668e-05
-3.0924097e-05
0.0010467895
0.0010752346
-2.5892244e-05
0.0010707757
-2.3020275e-05
0.0010667792
-2.0874056e-05
0.0010630481
-1.9660073e-05
0.0010593607
-1.9500675e-05
0.0010554756
-2.0478062e-05
0.0010511442
-2.2592258e-05
-2.5885769e-05
0.0010461059
0.0010752599
-2.0768091e-05
0.0010707348
-1.8495209e-05
0.0010666571
-1.6796326e-05
0.0010628342
-1.5837202e-05
0.0010590495
-1.5715989e-05
0.0010550679
-1.6496479e-05
0.0010506505
-1.817486e-05
-2.0783523e-05
0.0010455483
0.0010752831
-1.5607386e-05
0.0010707054
-1.3917574e-05
0.001066563
-1.2653867e-05
0.0010626671
-1.1941316e-05
0.0010588051
-1.1854055e-05
0.0010547473
-1.2438615e-05
0.0010502622
-1.3689832e-05
-1.5631317e-05
0.0010451101
0.0010753024
-1.0419572e-05
0.0010706857
-9.3009228e-06
0.0010664949
-8.4630797e-06
0.0010625446
-7.9909474e-06
0.0010586251
-7.9346335e-06
0.0010545106
-8.3241056e-06
0.0010499756
-9.1547568e-06
-1.0442471e-05
0.0010447867
0.0010753183
-5.2139024e-06
0.0010706763
-4.6588626e-06
0.0010664535
-4.240374e-06
0.0010624672
-4.0045673e-06
0.0010585098
-3.9772481e-06
0.0010543579
-4.1722309e-06
0.0010497897
-4.5865921e-06
-5.2294804e-06
0.0010445768
0.0010753409
0.001070682
0.0010664416
0.0010624371
0.0010584598
0.0010542876
0.001049701
0.0010444715
0.00027195428
9.2548708e-05
0.0002286347
4.3319599e-05
0.00021181888
1.6815823e-05
0.00020732068
4.4982023e-06
0.00020659579
7.2489428e-07
0.00020659603
-2.4984338e-10
0.00020660438
-8.330319e-09
0.00020638185
2.2253454e-07
0.00020588582
4.960299e-07
0.00020520266
6.831548e-07
0.0002044265
7.7614373e-07
0.00020361241
8.1406849e-07
0.0002027893
8.2313155e-07
0.00020197491
8.1438687e-07
0.00020118057
7.9432852e-07
0.00020041249
7.6806499e-07
0.00019967349
7.3902319e-07
0.00019896468
7.0882108e-07
0.00019828634
6.7833978e-07
0.00019763921
6.4713614e-07
0.00019702089
6.1832884e-07
0.00019643553
5.8537229e-07
0.00019586184
5.7370934e-07
0.00019535104
5.1082924e-07
0.00019472112
6.2993654e-07
0.00019445498
2.6613658e-07
0.00019304911
1.405829e-06
-1.1886768e-06
0.00065210692
0.00014055134
0.00061512029
8.030624e-05
0.00058542936
4.6506765e-05
0.00056505798
2.4869581e-05
0.00055215545
1.362743e-05
0.00054363073
8.5244559e-06
0.00053756356
6.0588595e-06
0.00053295579
4.8303071e-06
0.00052920326
4.2485581e-06
0.00052594487
3.9415473e-06
0.00052299311
3.7278881e-06
0.0005202553
3.5518651e-06
0.00051768258
3.3958587e-06
0.00051524802
3.2489527e-06
0.00051293656
3.1057792e-06
0.00051073892
2.9656857e-06
0.00050864829
2.8296755e-06
0.00050665876
2.698357e-06
0.00050476525
2.571849e-06
0.00050296257
2.4498175e-06
0.00050124671
2.3342001e-06
0.0004996101
2.2219961e-06
0.00049805083
2.1329949e-06
0.00049655443
2.0072457e-06
0.0004950995
2.0848817e-06
0.00049376307
1.6025641e-06
0.0004919777
3.1911809e-06
-7.6761696e-07
0.00085815721
0.00016057556
0.00084094984
9.7513619e-05
0.00082346123
6.3995374e-05
0.00080808391
4.0246904e-05
0.00079604829
2.5663046e-05
0.00078657648
1.7996271e-05
0.00077882905
1.3806288e-05
0.0007723217
1.1337666e-05
0.0007667131
9.8571546e-06
0.00076174547
8.9091784e-06
0.0007572492
8.2241483e-06
0.0007531184
7.682657e-06
0.00074928306
7.2312102e-06
0.00074569448
6.8375273e-06
0.00074231829
6.4819678e-06
0.00073912944
6.1545258e-06
0.00073610887
5.8502592e-06
0.00073324139
5.5658352e-06
0.00073051467
5.2985732e-06
0.00072791812
5.0463754e-06
0.00072544301
4.8093158e-06
0.00072307985
4.585163e-06
0.00072082236
4.3904916e-06
0.0007186576
4.1720204e-06
0.00071657101
4.1714858e-06
0.00071458687
3.5867026e-06
0.0007124583
5.3197331e-06
7.4598464e-07
0.00097610645
0.00016962552
0.00096756024
0.00010605984
0.00095854109
7.3014523e-05
0.00094965419
4.913381e-05
0.0009421038
3.3213436e-05
0.00093577699
2.4323078e-05
0.00093026284
1.9320448e-05
0.00092534018
1.6260325e-05
0.00092086288
1.4334461e-05
0.00091670722
1.3064833e-05
0.00091279034
1.2141019e-05
0.00090906547
1.1407516e-05
0.00090550497
1.0791722e-05
0.00090209077
1.0251727e-05
0.00089881071
9.7620164e-06
0.00089565622
9.3090059e-06
0.00089262071
8.8857813e-06
0.00088969853
8.488017e-06
0.00088688466
8.1124461e-06
0.00088417438
7.7566634e-06
0.00088156327
7.4204238e-06
0.00087904695
7.1014936e-06
0.00087662046
6.8169919e-06
0.00087427973
6.5127679e-06
0.0008720095
6.441724e-06
0.0008698321
5.7641039e-06
0.00086763739
7.5144388e-06
2.7403332e-06
0.0010431606
0.00017181815
0.0010390018
0.00011021871
0.0010343272
7.7689078e-05
0.001029166
5.4295023e-05
0.001024545
3.7834434e-05
0.0010206472
2.8220834e-05
0.0010172297
2.2738022e-05
0.0010141418
1.9348154e-05
0.0010112942
1.7182123e-05
0.0010086034
1.5755585e-05
0.0010060096
1.4734798e-05
0.0010034807
1.3936505e-05
0.0010010005
1.3271867e-05
0.00099856128
1.2690958e-05
0.00099615984
1.2163451e-05
0.00099379604
1.1672798e-05
0.00099147119
1.1210636e-05
0.000989187
1.0772209e-05
0.00098694507
1.0354386e-05
0.00098474678
9.9549521e-06
0.00098259317
9.5740351e-06
0.00098048554
9.2091364e-06
0.00097842318
8.8793541e-06
0.00097640869
8.5272783e-06
0.00097443434
8.4160803e-06
0.00097251159
7.6868526e-06
0.00097065475
9.3712653e-06
4.7038931e-06
0.0010749822
0.00016871167
0.0010742923
0.00011090868
0.0010727116
7.9269767e-05
0.0010701599
5.6846741e-05
0.0010675393
4.0455012e-05
0.0010652826
3.047755e-05
0.0010633138
2.4706829e-05
0.0010615464
2.1115514e-05
0.0010599336
1.8794982e-05
0.0010584208
1.72683e-05
0.0010569609
1.6194707e-05
0.0010555254
1.5371981e-05
0.001054099
1.4698277e-05
0.001052673
1.4116945e-05
0.0010512432
1.3593304e-05
0.0010498083
1.3107696e-05
0.0010483691
1.2649864e-05
0.0010469271
1.2214165e-05
0.0010454843
1.1797209e-05
0.0010440426
1.1396643e-05
0.001042604
1.1012664e-05
0.0010411711
1.0641994e-05
0.0010397452
1.0305263e-05
0.0010383304
9.9421612e-06
0.0010369286
9.8178387e-06
0.0010355289
9.0865849e-06
0.0010342698
1.0630312e-05
6.3052181e-06
0.0010849896
0.00016222481
0.0010867875
0.00010911075
0.0010874375
7.8619802e-05
0.0010868866
5.7397635e-05
0.0010858466
4.1494951e-05
0.0010848794
3.1444759e-05
0.0010840393
2.5546925e-05
0.0010832923
2.1862578e-05
0.0010826266
1.9460644e-05
0.0010820164
1.7878534e-05
0.0010814302
1.6780848e-05
0.0010808473
1.595486e-05
0.0010802561
1.5289534e-05
0.0010796493
1.4723688e-05
0.001079023
1.421964e-05
0.0010783754
1.3755338e-05
0.0010777063
1.3318955e-05
0.0010770164
1.2904033e-05
0.0010763067
1.2506955e-05
0.0010755781
1.212518e-05
0.001074832
1.1758771e-05
0.0010740705
1.1403532e-05
0.0010732951
1.108069e-05
0.0010725082
1.072899e-05
0.0010717214
1.0604661e-05
0.0010708982
9.9098202e-06
0.0010702765
1.1251957e-05
7.4160999e-06
0.00108455
0.00015406877
0.0010877795
0.00010588125
0.0010897364
7.666287e-05
0.0010904942
5.6639857e-05
0.0010905597
4.1429469e-05
0.001090516
3.1488466e-05
0.0010904975
2.5565475e-05
0.0010905002
2.1859855e-05
0.0010905313
1.9429497e-05
0.001090584
1.7825813e-05
0.0010906394
1.6725517e-05
0.0010906829
1.5911342e-05
0.0010907066
1.5265778e-05
0.0010907058
1.4724481e-05
0.0010906776
1.4247916e-05
0.0010906206
1.3812278e-05
0.001090535
1.3404567e-05
0.0010904213
1.301777e-05
0.00109028
1.2648217e-05
0.0010901119
1.2293254e-05
0.0010899179
1.1952829e-05
0.0010896994
1.1622035e-05
0.0010894584
1.1321722e-05
0.0010891952
1.099223e-05
0.0010889288
1.0871075e-05
0.0010886032
1.023537e-05
0.0010885136
1.1341603e-05
8.0520023e-06
0.0010807034
0.00014529622
0.0010846652
0.00010191943
0.0010872606
7.4067469e-05
0.0010887458
5.5154693e-05
0.0010894673
4.0707954e-05
0.0010899748
3.098097e-05
0.0010904517
2.5088584e-05
0.0010909131
2.1398479e-05
0.001091374
1.8968525e-05
0.0010918391
1.7360762e-05
0.0010922975
1.6267123e-05
0.0010927387
1.5470077e-05
0.0010931571
1.484741e-05
0.0010935491
1.4332531e-05
0.0010939124
1.3884604e-05
0.0010942461
1.3478558e-05
0.0010945502
1.3100416e-05
0.0010948252
1.2742789e-05
0.0010950715
1.2401947e-05
0.0010952896
1.2075203e-05
0.00109548
1.1762402e-05
0.0010956439
1.1458154e-05
0.0010957835
1.1182134e-05
0.0010958973
1.0878396e-05
0.0010960093
1.0759079e-05
0.0010960533
1.0191416e-05
0.0010963382
1.1056679e-05
8.2994879e-06
0.001076528
0.00013638854
0.0010809067
9.7540691e-05
0.0010838148
7.1159357e-05
0.0010856921
5.3277366e-05
0.0010867855
3.9614598e-05
0.0010875918
3.0174722e-05
0.0010883277
2.4352601e-05
0.001089026
2.070023e-05
0.0010897065
1.8288035e-05
0.0010903816
1.6685689e-05
0.0010910471
1.560155e-05
0.0010916959
1.4821264e-05
0.0010923238
1.421958e-05
0.0010929281
1.3728224e-05
0.001093507
1.3305619e-05
0.0010940598
1.2925795e-05
0.0010945862
1.2574015e-05
0.0010950864
1.224254e-05
0.0010955608
1.1927606e-05
0.0010960095
1.1626537e-05
0.0010964329
1.1339005e-05
0.0010968316
1.1059398e-05
0.0010972082
1.0805625e-05
0.0010975598
1.0526793e-05
0.0010979123
1.0406582e-05
0.0010981981
9.9055934e-06
0.0010987067
1.0548067e-05
8.2643355e-06
0.0010728634
0.00012751995
0.0010775536
9.2850563e-05
0.0010806696
6.8043339e-05
0.0010827976
5.1149344e-05
0.0010841349
3.8277276e-05
0.0010851221
2.9187553e-05
0.0010859989
2.3475851e-05
0.0010868165
1.988259e-05
0.0010876001
1.7504391e-05
0.0010883687
1.5917084e-05
0.0010891246
1.484569e-05
0.0010898639
1.4081994e-05
0.0010905841
1.3499344e-05
0.0010912839
1.3028458e-05
0.001091962
1.2627471e-05
0.0010926179
1.2269947e-05
0.0010932513
1.1940578e-05
0.0010938625
1.1631387e-05
0.0010944515
1.1338562e-05
0.0010950186
1.105945e-05
0.001095564
1.0793573e-05
0.0010960881
1.0535337e-05
0.0010965932
1.0300503e-05
0.0010970762
1.0043845e-05
0.0010975623
9.920517e-06
0.0010979889
9.478986e-06
0.0010986064
9.930521e-06
8.0413797e-06
0.001069736
0.00011874894
0.0010746975
8.7889081e-05
0.0010780027
6.4738096e-05
0.0010803324
4.8819621e-05
0.0010818685
3.6741185e-05
0.001082998
2.8058062e-05
0.0010839741
2.2499736e-05
0.0010848673
1.8989418e-05
0.0010857087
1.6663023e-05
0.0010865231
1.5102701e-05
0.0010873188
1.4049925e-05
0.0010880958
1.3305015e-05
0.0010888535
1.2741641e-05
0.0010895918
1.2290139e-05
0.0010903104
1.1908869e-05
0.0010910091
1.1571281e-05
0.0010916879
1.1261775e-05
0.0010923471
1.0972182e-05
0.0010929869
1.0698696e-05
0.0010936077
1.0438687e-05
0.0010942097
1.019158e-05
0.0010947931
9.951949e-06
0.0010953603
9.7333241e-06
0.0010959081
9.4961023e-06
0.0010964596
9.3689833e-06
0.0010969608
8.9778279e-06
0.0010976161
9.2752513e-06
7.7011474e-06
0.0010670274
0.00011009952
0.0010722261
8.2690395e-05
0.0010757176
6.1246557e-05
0.001078228
4.6309216e-05
0.0010799442
3.502498e-05
0.0010812058
2.6796476e-05
0.0010822711
2.1434484e-05
0.0010832284
1.8032109e-05
0.0010841155
1.5775846e-05
0.0010849624
1.4255806e-05
0.001085783
1.3229334e-05
0.0010865808
1.2507245e-05
0.0010873573
1.1965175e-05
0.0010881137
1.1533753e-05
0.0010888505
1.1172015e-05
0.0010895681
1.0853673e-05
0.0010902669
1.0563032e-05
0.0010909472
1.0291877e-05
0.0010916095
1.0036341e-05
0.0010922543
9.7939201e-06
0.0010928819
9.5639665e-06
0.0010934926
9.3413062e-06
0.0010940885
9.1373602e-06
0.001094667
8.9176659e-06
0.0010952483
8.7876546e-06
0.0010957876
8.4385164e-06
0.0010964457
8.6171218e-06
7.2896061e-06
0.0010646523
0.00010158306
0.0010700505
7.7292168e-05
0.0010737209
5.7576136e-05
0.0010763956
4.3634566e-05
0.0010782768
3.3143714e-05
0.0010796647
2.5408661e-05
0.0010808157
2.0283451e-05
0.0010818341
1.7013672e-05
0.0010827649
1.4845096e-05
0.0010836421
1.3378569e-05
0.0010844848
1.2386689e-05
0.0010852998
1.1692194e-05
0.0010860907
1.1174239e-05
0.00108686
1.0764468e-05
0.001087609
1.0422994e-05
0.0010883386
1.0124136e-05
0.0010890493
9.8523231e-06
0.0010897418
9.5993564e-06
0.0010904168
9.3613842e-06
0.0010910747
9.1359885e-06
0.0010917162
8.9225051e-06
0.0010923414
8.7160828e-06
0.0010929525
8.526233e-06
0.0010935472
8.322981e-06
0.0010941429
8.1919909e-06
0.0010947032
7.8782081e-06
0.0010953518
7.968564e-06
6.8341193e-06
0.0010625615
9.3202475e-05
0.0010681223
7.1731368e-05
0.0010719593
5.3739153e-05
0.0010747822
4.0811609e-05
0.0010768127
3.1113215e-05
0.0010783192
2.3902175e-05
0.0010795522
1.9050446e-05
0.001080629
1.5936847e-05
0.0010816019
1.3872244e-05
0.0010825088
1.2471711e-05
0.0010833729
1.1522555e-05
0.0010842046
1.0860491e-05
0.0010850092
1.036963e-05
0.0010857904
9.9833049e-06
0.0010865502
9.663133e-06
0.00108729
9.3843374e-06
0.0010880107
9.1317023e-06
0.001088713
8.8970234e-06
0.0010893978
8.6766046e-06
0.0010900656
8.4681492e-06
0.0010907172
8.2709048e-06
0.0010913528
8.0805204e-06
0.0010919744
7.904618e-06
0.0010925801
7.7172698e-06
0.0010931845
7.5875828e-06
0.0010937585
7.3042066e-06
0.0010943958
7.3312569e-06
6.3504923e-06
0.0010607223
8.4954419e-05
0.0010664129
6.6040737e-05
0.0010704018
4.9750343e-05
0.001073358
3.7855331e-05
0.0010755219
2.894936e-05
0.0010771381
2.2286002e-05
0.001078448
1.7740512e-05
0.0010795795
1.4805323e-05
0.0010805921
1.2859639e-05
0.0010815274
1.1536496e-05
0.0010824121
1.0637866e-05
0.0010832597
1.0012857e-05
0.0010840774
9.5519341e-06
0.0010848698
9.1908776e-06
0.0010856398
8.8930914e-06
0.0010863892
8.6349615e-06
0.001087119
8.4018621e-06
0.0010878303
8.185767e-06
0.0010885239
7.9830422e-06
0.0010892005
7.7915034e-06
0.0010898609
7.6105636e-06
0.0010905053
7.4360897e-06
0.0010911357
7.2742665e-06
0.0010917505
7.1024008e-06
0.0010923617
6.9764291e-06
0.001092946
6.7198922e-06
0.001093574
6.7033142e-06
5.8478613e-06
0.0010591088
7.6831341e-05
0.0010649017
6.0247826e-05
0.0010690267
4.5625303e-05
0.0010721026
3.4779435e-05
0.0010743849
2.6667104e-05
0.0010761011
2.0569812e-05
0.0010774823
1.6359284e-05
0.0010786644
1.3623218e-05
0.0010797139
1.1810119e-05
0.0010806756
1.0574812e-05
0.0010815796
9.7339238e-06
0.001082442
9.1504381e-06
0.0010832718
8.7221413e-06
0.0010840746
8.388024e-06
0.0010848541
8.1136356e-06
0.0010856122
7.8768331e-06
0.0010863505
7.6635997e-06
0.0010870699
7.4663289e-06
0.0010877715
7.2814206e-06
0.0010884561
7.1069408e-06
0.0010891244
6.9422487e-06
0.0010897768
6.7836675e-06
0.0010904151
6.6360344e-06
0.0010910379
6.4795427e-06
0.001091655
6.359337e-06
0.0010922478
6.1271563e-06
0.0010928686
6.0823924e-06
5.3318219e-06
0.001057699
6.8823217e-05
0.0010635715
5.4375307e-05
0.0010678173
4.137957e-05
0.001071
3.1596707e-05
0.0010733868
2.4280319e-05
0.0010751932
1.8763412e-05
0.0010766398
1.4912691e-05
0.0010778682
1.2394841e-05
0.0010789515
1.0726792e-05
0.0010799376
9.5887389e-06
0.0010808592
8.8123145e-06
0.0010817352
8.274436e-06
0.001082576
7.8812906e-06
0.0010833883
7.5757288e-06
0.0010841763
7.3257055e-06
0.0010849423
7.11078e-06
0.0010856881
6.9177936e-06
0.0010864149
6.739503e-06
0.0010871238
6.572588e-06
0.0010878155
6.4152558e-06
0.0010884908
6.266877e-06
0.0010891505
6.1240627e-06
0.0010897957
5.9908516e-06
0.0010904257
5.8495298e-06
0.0010910479
5.7370884e-06
0.0010916477
5.5273553e-06
0.0010922633
5.4668297e-06
4.805744e-06
0.0010564745
6.0918844e-05
0.0010624084
4.8441435e-05
0.0010667597
3.7028332e-05
0.0010700372
2.8319117e-05
0.0010725156
2.1801978e-05
0.0010744025
1.6876508e-05
0.0010759084
1.3406788e-05
0.0010771786
1.1124608e-05
0.0010782925
9.6128619e-06
0.0010793008
8.5804512e-06
0.0010802386
7.8745913e-06
0.0010811268
7.3862209e-06
0.0010819776
7.0305219e-06
0.0010827983
6.7549905e-06
0.0010835938
6.5302484e-06
0.0010843669
6.3376947e-06
0.0010851194
6.1652467e-06
0.0010858527
6.0061745e-06
0.0010865679
5.8574167e-06
0.0010872659
5.7172359e-06
0.0010879476
5.5851816e-06
0.0010886135
5.4581882e-06
0.0010892649
5.3394503e-06
0.0010899012
5.2132268e-06
0.001090528
5.1102807e-06
0.0010911336
4.9217729e-06
0.0010917451
4.8552132e-06
4.2720162e-06
0.0010554199
5.3106336e-05
0.0010614005
4.2460848e-05
0.0010658426
3.2586157e-05
0.0010692036
2.4958128e-05
0.0010717615
1.9244061e-05
0.0010737193
1.491873e-05
0.0010752782
1.1847928e-05
0.0010765859
9.8169107e-06
0.0010777272
8.4715587e-06
0.0010787554
7.5522343e-06
0.0010797075
6.9224658e-06
0.0010806067
6.4870268e-06
0.0010814663
6.1709548e-06
0.0010822946
5.9267267e-06
0.0010830967
5.7281148e-06
0.0010838759
5.5584438e-06
0.0010846344
5.4068366e-06
0.0010853734
5.2671288e-06
0.0010860942
5.1366242e-06
0.0010867977
5.0137369e-06
0.0010874848
4.8980367e-06
0.0010881562
4.7867982e-06
0.001088813
4.6827201e-06
0.0010894547
4.5714626e-06
0.0010900854
4.4795853e-06
0.0010906959
4.3112725e-06
0.0010913042
4.246982e-06
3.7321954e-06
0.0010545221
4.5373653e-05
0.0010605379
3.6445062e-05
0.0010650573
2.8066832e-05
0.0010684905
2.1524859e-05
0.0010711168
1.6617814e-05
0.001073136
1.2899536e-05
0.0010747415
1.0242435e-05
0.0010760821
8.4762562e-06
0.0010772474
7.3062393e-06
0.0010782933
6.5064038e-06
0.0010792582
5.9575453e-06
0.001080167
5.5782473e-06
0.0010810343
5.3036269e-06
0.0010818691
5.0919361e-06
0.001082677
4.920234e-06
0.0010834616
4.773822e-06
0.0010842252
4.6433022e-06
0.0010849691
4.5231805e-06
0.0010856947
4.4110049e-06
0.001086403
4.3054469e-06
0.0010870949
4.2061684e-06
0.001087771
4.1106553e-06
0.0010884324
4.0213235e-06
0.0010890788
3.9250707e-06
0.0010897127
3.8455967e-06
0.0010903274
3.6966144e-06
0.0010909327
3.6416475e-06
3.1875418e-06
0.0010537708
3.7708803e-05
0.0010598126
3.0403181e-05
0.0010643962
2.3483264e-05
0.001067891
1.8030091e-05
0.0010705748
1.393396e-05
0.0010726463
1.082811e-05
0.0010742918
8.5968587e-06
0.0010756609
7.1071691e-06
0.001076847
6.1201874e-06
0.001077908
5.445381e-06
0.0010788839
4.981603e-06
0.0010798011
4.6611365e-06
0.001080675
4.4296659e-06
0.0010815154
4.2515279e-06
0.0010823283
4.1073416e-06
0.0010831175
3.9846497e-06
0.0010838854
3.8754278e-06
0.0010846335
3.7750355e-06
0.0010853632
3.68129e-06
0.0010860755
3.5931519e-06
0.0010867714
3.5103029e-06
0.0010874516
3.4304604e-06
0.0010881168
3.3560661e-06
0.0010887671
3.2747656e-06
0.0010894037
3.2089678e-06
0.0010900219
3.0784192e-06
0.0010906242
3.0393797e-06
2.638775e-06
0.001053157
3.010008e-05
0.001059218
2.4342239e-05
0.0010638537
1.8847529e-05
0.0010673994
1.4484383e-05
0.0010701307
1.120265e-05
0.0010722453
8.7135212e-06
0.0010739244
6.9177257e-06
0.0010753173
5.7142432e-06
0.0010765207
4.916825e-06
0.0010775946
4.3715295e-06
0.0010785798
3.996356e-06
0.0010795039
3.7370634e-06
0.0010803834
3.5501223e-06
0.0010812285
3.4064422e-06
0.0010820455
3.2903363e-06
0.0010828385
3.1916552e-06
0.00108361
3.1040137e-06
0.0010843616
3.0233993e-06
0.0010850947
2.9482354e-06
0.0010858103
2.8775113e-06
0.0010865094
2.8111499e-06
0.0010871929
2.7470164e-06
0.0010878613
2.6876692e-06
0.0010885148
2.6212302e-06
0.0010891534
2.5703832e-06
0.0010897747
2.4570747e-06
0.0010903734
2.44059e-06
2.0864083e-06
0.0010526743
2.2535806e-05
0.0010587488
1.8267802e-05
0.0010634253
1.4170973e-05
0.0010670117
1.0898055e-05
0.0010697806
8.4337042e-06
0.0010719296
6.5645584e-06
0.0010736356
5.2116358e-06
0.0010750477
4.3022179e-06
0.001076265
3.6994548e-06
0.0010773491
3.2874575e-06
0.0010783418
3.0035962e-06
0.0010792715
2.8074185e-06
0.0010801555
2.6661007e-06
0.0010810044
2.5576449e-06
0.0010818246
2.4700506e-06
0.0010826206
2.3957126e-06
0.0010833949
2.3297295e-06
0.0010841492
2.2691144e-06
0.0010848848
2.212546e-06
0.001085603
2.1593713e-06
0.0010863046
2.1094627e-06
0.0010869905
2.0611554e-06
0.0010876612
2.0168468e-06
0.0010883171
1.9654545e-06
0.0010889569
1.9305112e-06
0.0010895809
1.8331075e-06
0.0010901752
1.8462917e-06
1.5304503e-06
0.0010523179
1.5004617e-05
0.0010584015
1.218427e-05
0.0010631081
9.4642982e-06
0.0010667249
7.2812443e-06
0.0010695219
5.6367341e-06
0.0010716965
4.3899659e-06
0.0010734227
3.4853882e-06
0.0010748492
2.8757748e-06
0.0010760769
2.4717077e-06
0.0010771687
2.1956747e-06
0.001078167
2.0052851e-06
0.0010791008
1.8736698e-06
0.001079988
1.7788417e-06
0.0010808395
1.7061817e-06
0.0010816621
1.6474568e-06
0.0010824601
1.5977161e-06
0.0010832363
1.553542e-06
0.0010839924
1.5130024e-06
0.0010847298
1.4751767e-06
0.0010854496
1.4395593e-06
0.0010861528
1.4062467e-06
0.0010868402
1.3737477e-06
0.0010875122
1.3447197e-06
0.0010881695
1.3082409e-06
0.0010888096
1.290358e-06
0.0010894359
1.2069022e-06
0.001090024
1.2581281e-06
9.7100031e-07
0.0010520859
7.4954338e-06
0.0010581745
6.0957024e-06
0.0010629005
4.73829e-06
0.0010665372
3.6446113e-06
0.0010693523
2.82156e-06
0.0010715435
2.1988082e-06
0.0010732828
1.7460065e-06
0.0010747186
1.4400224e-06
0.0010759531
1.2372206e-06
0.0010770498
1.098987e-06
0.0010780516
1.0034826e-06
0.0010789879
9.37352e-07
0.001079877
8.8968424e-07
0.0010807301
8.5317956e-07
0.0010815539
8.2367284e-07
0.0010823529
7.986885e-07
0.0010831299
7.7653395e-07
0.0010838868
7.561736e-07
0.0010846247
7.3720469e-07
0.001085345
7.1923958e-07
0.0010860486
7.0261091e-07
0.0010867365
6.859365e-07
0.0010874087
6.7242511e-07
0.0010880661
6.5089966e-07
0.0010887052
6.5119011e-07
0.0010893332
5.7892671e-07
0.0010899123
6.7903929e-07
4.062307e-07
0.0010519669
0.0010580626
0.0010628009
0.0010664455
0.0010692671
0.0010714659
0.0010732119
0.0010746519
0.0010758892
0.0010769881
0.0010779916
0.001078929
0.0010798187
0.0010806718
0.0010814955
0.0010822942
0.0010830707
0.0010838269
0.0010845641
0.0010852834
0.001085986
0.0010866719
0.0010873443
0.0010879952
0.0010886464
0.0010892253
0.0010899044
)
;

boundaryField
{
    inlet
    {
        type            calculated;
        value           nonuniform List<scalar> 
27
(
-0.0010074074
-0.0010074074
-0.0010074074
-0.0010074074
-0.0010074074
-0.0010074074
-0.0010074074
-0.0010074074
-0.0010074074
-0.0010074074
-0.0010074074
-0.0010074074
-0.0010074074
-0.0010074074
-0.0010074074
-0.0010074074
-0.0010074074
-0.0010074074
-0.0010074074
-0.0010074074
-0.0010074074
-0.0010074074
-0.0010074074
-0.0010074074
-0.0010074074
-0.0010074074
-0.0010074074
)
;
    }
    outlet
    {
        type            calculated;
        value           nonuniform List<scalar> 
27
(
0.00019423774
0.00049155659
0.00071094467
0.00086564301
0.00096869117
0.0010326685
0.0010691656
0.0010878776
0.0010960907
0.0010987419
0.0010988293
0.0010979563
0.0010968572
0.0010958072
0.0010948794
0.0010940766
0.0010933847
0.0010927893
0.0010922789
0.0010918439
0.0010914773
0.001091173
0.0010909258
0.0010907312
0.0010905834
0.001090477
0.0010903106
)
;
    }
    hydrofoilFlap
    {
        type            calculated;
        value           uniform 0;
    }
    farfield
    {
        type            calculated;
        value           uniform 0;
    }
    frontAndBack
    {
        type            empty;
    }
}


// ************************************************************************* //
