/*--------------------------------*- C++ -*----------------------------------*\
| =========                 |                                                 |
| \\      /  F ield         | OpenFOAM: The Open Source CFD Toolbox           |
|  \\    /   O peration     | Version:  2512                                  |
|   \\  /    A nd           | Website:  www.openfoam.com                      |
|    \\/     M anipulation  |                                                 |
\*---------------------------------------------------------------------------*/
FoamFile
{
    version     2.0;
    format      ascii;
    arch        "LSB;label=32;scalar=64";
    class       volVectorField;
    location    "73";
    object      U;
}
// * * * * * * * * * * * * * * * * * * * * * * * * * * * * * * * * * * * * * //

dimensions      [0 1 -1 0 0 0 0];

internalField   nonuniform List<vector> 
2052
(
(3.0861732 0.065570551 0)
(2.530326 0.092319484 0)
(2.0084103 0.069833187 0)
(1.5737349 0.040139187 0)
(1.270651 0.016165798 0)
(1.0822375 0.0016145344 0)
(0.96951031 -0.0045298417 0)
(0.90259773 -0.0056174299 0)
(0.86194637 -0.0045739118 0)
(0.83431456 -0.0030381707 0)
(0.81194219 -0.0017084038 0)
(0.79070652 -0.00073818923 0)
(0.77097106 -0.00017188187 0)
(0.74589417 0.00045199603 0)
(3.5192311 0.10943624 0)
(3.6396918 0.16954453 0)
(3.58124 0.16298331 0)
(3.4071995 0.13871054 0)
(3.1974801 0.10688003 0)
(2.9974031 0.075323083 0)
(2.8230265 0.050144973 0)
(2.6768793 0.032916441 0)
(2.5557509 0.022374085 0)
(2.4541951 0.016489773 0)
(2.3670408 0.01345361 0)
(2.2899009 0.011922119 0)
(2.2213702 0.011262049 0)
(2.1539342 0.010773384 0)
(3.4241831 0.075868799 0)
(3.5460119 0.12628937 0)
(3.6586249 0.13605237 0)
(3.7191454 0.13375751 0)
(3.7272998 0.11894397 0)
(3.6954667 0.097176067 0)
(3.6386853 0.076360337 0)
(3.5702882 0.060243638 0)
(3.4989425 0.049055774 0)
(3.4286633 0.041683425 0)
(3.3607646 0.036877417 0)
(3.2951673 0.03356133 0)
(3.2324244 0.031421638 0)
(3.1690691 0.029217244 0)
(3.4105097 0.055147791 0)
(3.4712764 0.10217892 0)
(3.5458445 0.11372629 0)
(3.6138302 0.11449599 0)
(3.6698337 0.10588431 0)
(3.7083386 0.091289894 0)
(3.7275479 0.076560872 0)
(3.7312048 0.064748133 0)
(3.724547 0.056248201 0)
(3.7113639 0.050442969 0)
(3.6938366 0.04656827 0)
(3.6729463 0.04385248 0)
(3.6497708 0.042199888 0)
(3.6231608 0.040250313 0)
(3.4084466 0.044914903 0)
(3.4536019 0.092484219 0)
(3.5056585 0.10471686 0)
(3.5493626 0.1041167 0)
(3.5872771 0.09594228 0)
(3.6199444 0.083191273 0)
(3.645365 0.07050981 0)
(3.6639271 0.060492759 0)
(3.6776264 0.053459994 0)
(3.6880376 0.048843484 0)
(3.695971 0.045971366 0)
(3.7016334 0.044155587 0)
(3.7053607 0.043287628 0)
(3.7066522 0.042257025 0)
(3.4063658 0.037261439 0)
(3.4437369 0.082039511 0)
(3.4893231 0.095158725 0)
(3.5262772 0.095281039 0)
(3.5550687 0.088649567 0)
(3.5782581 0.077601875 0)
(3.5960947 0.066105263 0)
(3.6097271 0.056800571 0)
(3.6211401 0.050197069 0)
(3.6317062 0.045847949 0)
(3.6419844 0.04317096 0)
(3.6520062 0.041566942 0)
(3.6617926 0.040881306 0)
(3.671093 0.040347079 0)
(3.4048263 0.031128738 0)
(3.435542 0.072201773 0)
(3.4762179 0.086283354 0)
(3.510971 0.08760182 0)
(3.5378679 0.082573397 0)
(3.5588083 0.073235949 0)
(3.5742724 0.062960199 0)
(3.5854265 0.05433332 0)
(3.5942658 0.048030475 0)
(3.6023075 0.043750226 0)
(3.6102809 0.041023248 0)
(3.6183974 0.039356144 0)
(3.6267658 0.038574809 0)
(3.6353254 0.038156456 0)
(3.4037473 0.026278292 0)
(3.4291577 0.063697234 0)
(3.4651326 0.078388985 0)
(3.497539 0.080604559 0)
(3.52322 0.076748626 0)
(3.5435373 0.068876327 0)
(3.5588834 0.059806076 0)
(3.5700616 0.051937341 0)
(3.5787274 0.046040542 0)
(3.5862914 0.041934374 0)
(3.5935038 0.039242935 0)
(3.6006543 0.037561118 0)
(3.6079144 0.036711932 0)
(3.6153213 0.036314665 0)
(3.4029705 0.022410071 0)
(3.4242084 0.056267268 0)
(3.4560146 0.071101572 0)
(3.4860385 0.074013367 0)
(3.5103889 0.071117833 0)
(3.5299992 0.064528568 0)
(3.545272 0.056583436 0)
(3.5567623 0.049457933 0)
(3.5657993 0.043989346 0)
(3.5736301 0.040102474 0)
(3.5809596 0.037498865 0)
(3.588086 0.035846001 0)
(3.5951851 0.034972912 0)
(3.6023417 0.034587614 0)
(3.402401 0.01927205 0)
(3.4203272 0.04974503 0)
(3.4485088 0.064384541 0)
(3.4763008 0.067877787 0)
(3.4993859 0.065801483 0)
(3.5182614 0.060309632 0)
(3.5333331 0.05336742 0)
(3.5450027 0.046927688 0)
(3.5543403 0.041868187 0)
(3.5624487 0.038205248 0)
(3.5699912 0.035705951 0)
(3.5772696 0.034098086 0)
(3.5844583 0.033220995 0)
(3.5916744 0.032844302 0)
(3.4019771 0.016685658 0)
(3.4172575 0.044018196 0)
(3.4423013 0.058215818 0)
(3.4680263 0.062160046 0)
(3.4899396 0.060764003 0)
(3.5081296 0.056197654 0)
(3.5229685 0.050148382 0)
(3.5347476 0.044349411 0)
(3.5443196 0.039687243 0)
(3.5526538 0.036253325 0)
(3.5603753 0.033871022 0)
(3.5677897 0.032318517 0)
(3.5750745 0.031448335 0)
(3.5823692 0.03107491 0)
(3.4016566 0.014522801 0)
(3.4148096 0.038976709 0)
(3.4371466 0.05254543 0)
(3.4609684 0.056803672 0)
(3.4817918 0.055969713 0)
(3.4993484 0.052188574 0)
(3.5139485 0.046937008 0)
(3.5258 0.041737863 0)
(3.5355722 0.037460811 0)
(3.544108 0.034257973 0)
(3.5519923 0.032001881 0)
(3.559531 0.030512779 0)
(3.5669052 0.029658018 0)
(3.5742677 0.029285127 0)
(3.4014104 0.012688879 0)
(3.4128417 0.034519665 0)
(3.4328504 0.047326843 0)
(3.4549332 0.051771826 0)
(3.4747422 0.051400325 0)
(3.491712 0.048285635 0)
(3.5060717 0.04374205 0)
(3.5179648 0.03909971 0)
(3.5279085 0.035192981 0)
(3.5366282 0.032220921 0)
(3.5446664 0.030098306 0)
(3.552326 0.028680281 0)
(3.5597901 0.027849251 0)
(3.5672184 0.027477744 0)
(3.4012184 0.011113271 0)
(3.4112479 0.030559196 0)
(3.4292584 0.042517211 0)
(3.4497643 0.047033814 0)
(3.4686314 0.047036099 0)
(3.4850574 0.044485157 0)
(3.4991793 0.04056673 0)
(3.5110881 0.036439245 0)
(3.5211763 0.032888059 0)
(3.5300618 0.030145475 0)
(3.5382442 0.028162028 0)
(3.54602 0.026821866 0)
(3.5535736 0.026022012 0)
(3.5610674 0.025654426 0)
(3.4010666 0.009742713 0)
(3.4099483 0.027019598 0)
(3.4262475 0.03807506 0)
(3.4453338 0.042561209 0)
(3.4633299 0.042857373 0)
(3.4792533 0.040782195 0)
(3.4931437 0.03741459 0)
(3.5050477 0.033761931 0)
(3.5152558 0.030551287 0)
(3.5242891 0.028035598 0)
(3.5326046 0.026195276 0)
(3.5404903 0.024938597 0)
(3.5481309 0.024176318 0)
(3.5556885 0.023816076 0)
(3.4009452 0.0085365109 0)
(3.408883 0.023835975 0)
(3.4237194 0.033960763 0)
(3.4415368 0.038328168 0)
(3.4587325 0.038846235 0)
(3.4741926 0.037171374 0)
(3.4878612 0.034288337 0)
(3.4997446 0.031072396 0)
(3.5100507 0.028186966 0)
(3.5192148 0.025894675 0)
(3.5276517 0.024200201 0)
(3.5356399 0.023031798 0)
(3.5433632 0.022312736 0)
(3.5509819 0.021963711 0)
(3.4008472 0.0074631007 0)
(3.4080059 0.020952842 0)
(3.4215951 0.030136892 0)
(3.4382866 0.034310774 0)
(3.4547519 0.034986062 0)
(3.4697875 0.033646526 0)
(3.4832464 0.03118933 0)
(3.495098 0.028374381 0)
(3.505483 0.025799088 0)
(3.5147616 0.023726202 0)
(3.5233083 0.022179255 0)
(3.5313909 0.021103058 0)
(3.5391914 0.020432146 0)
(3.5468677 0.020098308 0)
(3.4007675 0.0064976663 0)
(3.407282 0.018322901 0)
(3.4198111 0.026568405 0)
(3.4355115 0.030486479 0)
(3.4513164 0.031261186 0)
(3.4659653 0.030200891 0)
(3.4792288 0.028118002 0)
(3.4910412 0.025671022 0)
(3.5014889 0.023391206 0)
(3.5108667 0.021533428 0)
(3.5195117 0.02013491 0)
(3.5276801 0.019154127 0)
(3.5355518 0.018535627 0)
(3.5432817 0.018220945 0)
(3.4007024 0.0056203769 0)
(3.4066843 0.015905617 0)
(3.4183166 0.023222611 0)
(3.4331522 0.026833891 0)
(3.448366 0.027656779 0)
(3.4626663 0.026827323 0)
(3.4757502 0.025073918 0)
(3.4875193 0.022964883 0)
(3.4980158 0.020966524 0)
(3.507479 0.019319378 0)
(3.516211 0.018069658 0)
(3.5244565 0.017186871 0)
(3.5323928 0.01662446 0)
(3.5401716 0.016332665 0)
(3.4006492 0.0048151301 0)
(3.4061921 0.013666111 0)
(3.4170705 0.020069145 0)
(3.4311596 0.02333247 0)
(3.4458512 0.024158692 0)
(3.4598408 0.023518454 0)
(3.4727622 0.02205586 0)
(3.4844867 0.020257864 0)
(3.4950207 0.018527904 0)
(3.5045564 0.017086951 0)
(3.5133645 0.015985959 0)
(3.5216781 0.01520325 0)
(3.5296722 0.014700151 0)
(3.537495 0.014434634 0)
(3.400606 0.0040686738 0)
(3.405789 0.011574309 0)
(3.4160399 0.017079964 0)
(3.4294933 0.019962579 0)
(3.4437307 0.020753448 0)
(3.4574476 0.020266834 0)
(3.4702248 0.019062048 0)
(3.4819058 0.017551302 0)
(3.492468 0.016077705 0)
(3.5020645 0.01483866 0)
(3.5109381 0.013886049 0)
(3.5193111 0.013205071 0)
(3.5273559 0.012764043 0)
(3.5352176 0.012527869 0)
(3.4005711 0.0033698486 0)
(3.4054626 0.0096038147 0)
(3.4151987 0.014228922 0)
(3.4281201 0.01670515 0)
(3.4419705 0.017427877 0)
(3.4554531 0.017064972 0)
(3.4681052 0.01609032 0)
(3.4797457 0.014846405 0)
(3.4903287 0.013618448 0)
(3.4999753 0.012577335 0)
(3.5089041 0.011772568 0)
(3.5173278 0.011194519 0)
(3.5254161 0.010817714 0)
(3.5333114 0.010613458 0)
(3.4005434 0.0027091052 0)
(3.4052033 0.0077313244 0)
(3.414526 0.011491855 0)
(3.4270135 0.013541825 0)
(3.440543 0.014168911 0)
(3.45383 0.013904614 0)
(3.4663767 0.013137167 0)
(3.4779813 0.012142859 0)
(3.4885792 0.011151365 0)
(3.498266 0.01030479 0)
(3.5072403 0.0096474352 0)
(3.515706 0.0091734356 0)
(3.5238306 0.0088627952 0)
(3.5317541 0.0086926904 0)
(3.4005221 0.0020780993 0)
(3.4050037 0.0059355422 0)
(3.4140058 0.0088461892 0)
(3.4261521 0.010455984 0)
(3.439426 0.010965946 0)
(3.4525562 0.010780215 0)
(3.4650182 0.010201394 0)
(3.4765927 0.0094422128 0)
(3.4872011 0.0086789758 0)
(3.4969191 0.0080235537 0)
(3.5059293 0.0075127913 0)
(3.5144285 0.0071434317 0)
(3.5225821 0.0069003982 0)
(3.5305282 0.0067662538 0)
(3.4005065 0.0014701915 0)
(3.4048584 0.0041957346 0)
(3.4136262 0.0062658104 0)
(3.4255201 0.0074244703 0)
(3.4386029 0.0078012891 0)
(3.4516152 0.0076798968 0)
(3.4640133 0.0072769489 0)
(3.4755645 0.0067431754 0)
(3.4861799 0.0062028573 0)
(3.4959209 0.005736577 0)
(3.5049579 0.0053720811 0)
(3.5134823 0.0051078192 0)
(3.5216577 0.004933328 0)
(3.5296208 0.0048363843 0)
(3.4004957 0.00088455807 0)
(3.4047623 0.0025091238 0)
(3.4133782 0.0037462986 0)
(3.4251066 0.0044432688 0)
(3.438063 0.0046714932 0)
(3.4509972 0.0046001602 0)
(3.4633528 0.0043606 0)
(3.4748882 0.004042901 0)
(3.4855076 0.0037205525 0)
(3.4952634 0.0034417431 0)
(3.5043178 0.0032235869 0)
(3.5128586 0.0030653446 0)
(3.5210482 0.0029607733 0)
(3.5290225 0.0029025489 0)
(3.4004932 0.00029883064 0)
(3.4047216 0.00084036065 0)
(3.4132662 0.0012520387 0)
(3.4249136 0.0014838781 0)
(3.4378057 0.0015587731 0)
(3.450699 0.0015335225 0)
(3.4630313 0.0014526681 0)
(3.4745566 0.0013463371 0)
(3.4851761 0.0012387857 0)
(3.4949377 0.0011458918 0)
(3.5039998 0.0010733429 0)
(3.5125481 0.0010208437 0)
(3.5207445 0.00098624893 0)
(3.5287243 0.00096705545 0)
(0.73565096 0.001598027 2.0583478e-23)
(0.73005388 0.0026134325 1.1555087e-23)
(0.7204914 0.0030957364 0)
(0.70739183 0.0031975261 0)
(0.69364531 0.0031289574 0)
(0.68030938 0.0030338056 1.163665e-18)
(0.66736422 0.0029643618 2.3394225e-18)
(0.65469429 0.002925556 0)
(0.64215266 0.002917725 0)
(0.62944112 0.0029466161 -1.1884904e-18)
(0.61615944 0.0030172369 -1.1957703e-18)
(0.60162727 0.0031485496 0)
(0.5854555 0.003327379 0)
(0.56531961 0.0036823783 0)
(0.54409033 0.0038759806 0)
(0.50590544 0.0052526022 0)
(0.49034307 0.0036287075 0)
(0.35938041 0.010581144 -1.3454835e-18)
(2.1048286 0.011812001 -6.3530129e-19)
(2.0638118 0.012907083 -2.2675006e-23)
(2.0252839 0.013573287 -6.4824602e-19)
(1.987563 0.013837937 0)
(1.9510199 0.013772421 -6.6220658e-19)
(1.9159272 0.013526603 6.693131e-19)
(1.8821865 0.013241984 -6.7634573e-19)
(1.8495818 0.013002652 6.8335259e-19)
(1.8178148 0.012864215 0)
(1.7864234 0.012878696 -2.6904459e-24)
(1.7547861 0.01310599 7.0442065e-19)
(1.721909 0.013615607 -7.1200823e-19)
(1.6869186 0.014520582 -7.2040451e-19)
(1.6468628 0.015942807 -7.3003682e-19)
(1.6035582 0.018094473 7.4212001e-19)
(1.5393681 0.02161328 -7.5603255e-19)
(1.4938495 0.025188872 7.8055687e-19)
(1.3154816 0.037703951 7.9315947e-19)
(3.1159641 0.029618855 0)
(3.0679539 0.029923661 -4.883052e-23)
(3.0221478 0.029680147 4.5980397e-19)
(2.9775034 0.029143905 0)
(2.9341477 0.028413104 4.6791801e-19)
(2.8921831 0.027591972 -4.7204175e-19)
(2.8514997 0.026808634 0)
(2.8119094 0.026159894 4.8159116e-24)
(2.7731546 0.025722767 0)
(2.7348403 0.025579489 9.7651587e-19)
(2.6964115 0.025837881 -9.844811e-19)
(2.6570061 0.026626843 9.9256525e-19)
(2.6156788 0.028184155 5.0053431e-19)
(2.5700962 0.030677423 5.0506751e-19)
(2.5204076 0.034875718 -2.8607874e-22)
(2.4542925 0.040659662 5.1579059e-19)
(2.3963942 0.050592764 -6.7754569e-22)
(2.2344011 0.066096567 0)
(3.597592 0.040981775 0)
(3.572903 0.041379581 -7.931103e-19)
(3.5479063 0.041091053 0)
(3.5220317 0.040518719 0)
(3.4954747 0.039764189 0)
(3.4684475 0.03889655 0)
(3.4410213 0.038046272 0)
(3.4132155 0.037337509 -8.0761232e-19)
(3.3849971 0.036879978 -4.0533356e-19)
(3.3562207 0.036793935 -8.1376108e-19)
(3.3266021 0.037236832 4.0843606e-19)
(3.2956106 0.038402371 -8.1978013e-19)
(3.2626028 0.040631276 0)
(3.2259599 0.044186768 -4.1259682e-19)
(3.1854946 0.050227671 -8.2793873e-19)
(3.1329105 0.058238204 -4.1492884e-19)
(3.0835769 0.073910566 -9.9598412e-22)
(2.9613755 0.092036141 -4.1313617e-19)
(3.7059883 0.043432434 0)
(3.7049861 0.044281811 3.8299207e-19)
(3.7030306 0.044434558 0)
(3.699556 0.044294657 0)
(3.6945915 0.043964081 0)
(3.6882506 0.04349134 -3.7858755e-19)
(3.6805737 0.043002356 0)
(3.6715991 0.042633788 3.7745918e-19)
(3.6613649 0.042513909 7.5404524e-19)
(3.6498531 0.042787322 7.5323375e-19)
(3.6369682 0.043645947 0)
(3.6224469 0.045331619 7.5139697e-19)
(3.6059873 0.048256413 0)
(3.5865751 0.052774555 7.4841253e-19)
(3.5643108 0.060257896 3.7312039e-19)
(3.5337442 0.070155609 7.4237145e-19)
(3.504964 0.089598994 -3.6835279e-19)
(3.4318699 0.1106412 7.245893e-19)
(3.679394 0.041488374 0)
(3.6880532 0.04252615 0)
(3.6965899 0.042980678 0)
(3.704359 0.043164734 1.8991043e-19)
(3.7112108 0.043188871 -1.8886803e-19)
(3.7171243 0.043090377 3.7579056e-19)
(3.7220324 0.04297811 0)
(3.7258854 0.042984378 0)
(3.7286686 0.043241021 -3.7059565e-19)
(3.7303587 0.043901318 -5.5338437e-19)
(3.7309106 0.045173346 0)
(3.7301874 0.047323571 -3.654198e-19)
(3.7280945 0.050802355 0)
(3.7240507 0.056021508 -5.4135176e-19)
(3.7184382 0.064427367 0)
(3.7080184 0.075636358 -3.5435575e-19)
(3.6992506 0.096740051 0)
(3.669347 0.1206375 -3.4049998e-19)
(3.6438656 0.038991809 0)
(3.6532389 0.039939584 0)
(3.6631184 0.040439149 0)
(3.6729242 0.040697089 -1.9157595e-19)
(3.6824669 0.040837596 1.9037769e-19)
(3.6917003 0.040895393 1.8922225e-19)
(3.7005363 0.040961452 0)
(3.7088933 0.041160181 0)
(3.7167277 0.041622732 0)
(3.7240048 0.042503634 1.8478474e-19)
(3.7306924 0.044015042 0)
(3.7367122 0.046431201 0)
(3.7420649 0.050213145 -1.8081578e-19)
(3.7464531 0.055803759 1.7929813e-19)
(3.7503463 0.064612073 0)
(3.7521618 0.076526244 0)
(3.755684 0.09767569 0)
(3.7534764 0.12359373 -1.6535241e-19)
(3.6229121 0.03687217 0)
(3.6312783 0.037662095 1.9544008e-19)
(3.6402387 0.038116564 0)
(3.6493318 0.038351317 0)
(3.6583871 0.03849646 0)
(3.6673829 0.038589225 -1.9059813e-19)
(3.6762648 0.038707395 0)
(3.6849731 0.038969039 1.8829417e-19)
(3.6934798 0.03950478 1.8712255e-19)
(3.701769 0.040468693 1.8590424e-19)
(3.7098324 0.04207214 1.8460425e-19)
(3.7176382 0.044590157 1.8317733e-19)
(3.725233 0.048478469 3.6321938e-19)
(3.7325019 0.054199433 1.7964421e-19)
(3.7398784 0.063056223 1.7725384e-19)
(3.746854 0.075231039 1.7431339e-19)
(3.7554921 0.095571673 1.7008652e-19)
(3.7662972 0.12229076 7.326528e-22)
(3.6096368 0.034957935 1.9755446e-19)
(3.6175269 0.035608955 -1.9637521e-19)
(3.6259177 0.036018599 0)
(3.6344425 0.036230373 0)
(3.6429416 0.036368147 0)
(3.6514031 0.036473284 0)
(3.6597985 0.03661417 1.9045832e-19)
(3.6680906 0.036902716 -3.7861708e-19)
(3.6762698 0.037468319 -1.750717e-23)
(3.6843415 0.038463817 -1.8691319e-19)
(3.6923218 0.040097859 -1.8559858e-19)
(3.7002164 0.042644124 -7.848267e-23)
(3.7080999 0.046545996 -1.8249007e-19)
(3.7159753 0.052279902 -1.7539198e-22)
(3.7242207 0.061020464 -1.781045e-19)
(3.7329323 0.073198868 -1.750739e-19)
(3.7432784 0.092480779 -3.4122651e-19)
(3.7588234 0.11896546 3.2912636e-19)
(3.5989959 0.033087623 -1.0901145e-23)
(3.6067831 0.03362262 0)
(3.6149878 0.033995524 1.9592126e-19)
(3.6233155 0.03419581 0)
(3.6316107 0.034333001 1.9356056e-19)
(3.6398571 0.03445276 0)
(3.6480364 0.034616695 -1.9125841e-19)
(3.6561224 0.034929835 1.9010208e-19)
(3.664114 0.035518903 -1.8891625e-19)
(3.6720291 0.036534417 0)
(3.6799002 0.038180992 0)
(3.6877618 0.040729617 -1.8484381e-19)
(3.6957099 0.044608352 -1.8301508e-19)
(3.7038307 0.050301695 -1.8110746e-19)
(3.7124722 0.05885997 0)
(3.7220631 0.070888039 0)
(3.7333797 0.089124445 1.7113507e-19)
(3.7508188 0.11472116 -1.6501206e-19)
(3.5897575 0.031224451 -1.9900835e-19)
(3.5975259 0.03165925 0)
(3.6056528 0.031996375 -1.9664142e-19)
(3.6139045 0.032188223 0)
(3.6221337 0.03232649 -1.7786023e-24)
(3.6303177 0.032460244 0)
(3.6384437 0.032646252 0)
(3.6464925 0.032982179 0)
(3.6544677 0.033590575 0)
(3.6623957 0.034618678 0)
(3.6703218 0.036266129 0)
(3.6783047 0.038799627 0)
(3.6864623 0.042630118 1.8365865e-19)
(3.694947 0.048242527 0)
(3.7041047 0.056575301 0)
(3.7145683 0.06833399 0)
(3.7269531 0.085573134 0)
(3.7457777 0.10992596 0)
(3.5817131 0.029363128 1.9964394e-19)
(3.5894732 0.029711966 -1.9849016e-19)
(3.5975426 0.030012919 1.9729529e-19)
(3.6057389 0.030195831 0)
(3.6139277 0.030334115 -2.0028057e-24)
(3.6220828 0.03047859 -1.9376386e-19)
(3.630196 0.0306824 1.9259213e-19)
(3.6382551 0.031035729 -1.9140225e-19)
(3.6462692 0.031655918 1.9017149e-19)
(3.6542725 0.032686217 1.8886852e-19)
(3.6623235 0.034320559 -1.8745062e-19)
(3.6705038 0.036819578 0)
(3.6789542 0.040575316 -1.8401455e-19)
(3.687884 0.046065092 1.8180589e-19)
(3.6976543 0.054127715 -1.7905617e-19)
(3.7090366 0.065512016 1.7558234e-19)
(3.722579 0.081771708 -1.7103278e-19)
(3.7427387 0.10469515 1.6469559e-19)
(3.5747161 0.02750147 -2.0024742e-19)
(3.5824752 0.027777783 1.9910365e-19)
(3.5904992 0.028043203 -1.9791229e-19)
(3.5986485 0.028216229 0)
(3.6068041 0.028353273 -1.9554415e-19)
(3.6149382 0.028504932 1.9437046e-19)
(3.6230469 0.028721333 -1.9319147e-19)
(3.6311252 0.029085367 1.9199348e-19)
(3.6391883 0.029708619 -1.907544e-19)
(3.6472791 0.030729837 -3.1642856e-23)
(3.6554692 0.032336351 1.8801746e-19)
(3.6638619 0.034780734 0)
(3.672622 0.038434324 1.8457051e-19)
(3.6820073 0.043759496 -1.8236082e-19)
(3.6924018 0.051505847 1.7962551e-19)
(3.704673 0.062424648 -1.7617436e-19)
(3.7193419 0.0776995 1.7171428e-19)
(3.7407358 0.099099356 -1.6551624e-19)
(3.5686156 0.025637279 0)
(3.576381 0.025853045 0)
(3.5843721 0.026084626 0)
(3.5924839 0.026247056 0)
(3.6006135 0.026381756 0)
(3.6087332 0.026537251 -1.9492991e-19)
(3.6168427 0.026760996 0)
(3.6249441 0.027129037 0)
(3.6330591 0.02774694 0)
(3.6412394 0.028748341 -1.8995184e-19)
(3.6495692 0.030312952 0)
(3.6581725 0.032683046 1.8680548e-19)
(3.667237 0.036207606 0)
(3.6770622 0.041328059 1.8258638e-19)
(3.6880576 0.048713835 0)
(3.7011544 0.059091159 0)
(3.7168655 0.073367537 -1.7156458e-19)
(3.739349 0.093201515 1.6529686e-19)
(3.5632851 0.023768672 0)
(3.5710622 0.023934491 -2.0019444e-19)
(3.5790308 0.024134698 0)
(3.5871136 0.024286053 1.9782737e-19)
(3.5952239 0.024417216 0)
(3.6033352 0.024573367 1.9546139e-19)
(3.6114503 0.024799436 0)
(3.619578 0.02516528 -1.9303431e-19)
(3.6277468 0.02577018 0)
(3.6360169 0.026741821 0)
(3.6444847 0.028251117 -1.8891848e-19)
(3.653293 0.03052789 -3.7456347e-19)
(3.6626513 0.033897452 0)
(3.6728944 0.038775865 -1.4706353e-22)
(3.6844577 0.045760267 -1.8009771e-19)
(3.6983126 0.055534136 0)
(3.7149716 0.068797365 3.7864805e-22)
(3.7384053 0.087054266 -4.7310224e-22)
(3.5586243 0.021894752 0)
(3.5664164 0.022019897 4.0139859e-19)
(3.5743704 0.022191558 0)
(3.5824313 0.022331365 -1.9833513e-19)
(3.5905275 0.022457643 0)
(3.598635 0.02261144 0)
(3.6067593 0.022835209 0)
(3.6149155 0.023193203 1.9352707e-19)
(3.6231389 0.023778135 -1.9223072e-19)
(3.6314977 0.024710684 1.9086115e-19)
(3.6400998 0.02615169 3.7876991e-19)
(3.6491052 0.028316762 6.6417785e-23)
(3.6587437 0.031506684 1.8571144e-19)
(3.6693803 0.036109062 -3.6686305e-19)
(3.6814745 0.042655345 3.6113907e-19)
(3.6960217 0.051775725 -1.7685663e-19)
(3.7135356 0.064012419 3.4493839e-19)
(3.7377986 0.080699298 -1.6660862e-19)
(3.5545531 0.020015067 0)
(3.562362 0.020107531 -1.0059035e-19)
(3.5703074 0.020253575 0)
(3.5783521 0.020381389 0)
(3.5864382 0.020501346 -9.8811262e-20)
(3.5945451 0.020650074 9.8213701e-20)
(3.6026811 0.020867509 -9.7608162e-20)
(3.6108668 0.021212586 0)
(3.6191441 0.021771027 2.8903768e-19)
(3.6275889 0.022655501 -9.5677852e-20)
(3.6363197 0.024015619 -9.4937937e-20)
(3.6455121 0.026051524 1.8815493e-19)
(3.6554147 0.029038951 -9.3150128e-20)
(3.6664178 0.033334904 2.7576917e-19)
(3.6790032 0.039410595 -9.0613913e-20)
(3.6941787 0.047837239 1.7750515e-19)
(3.7124579 0.059035915 -8.6687984e-20)
(3.7374436 0.074169634 8.3357514e-20)
(3.5510068 0.01812962 1.0138714e-19)
(3.5588333 0.018196182 -1.1882433e-24)
(3.5667744 0.018319375 1.0022646e-19)
(3.5748074 0.018434806 -9.9633021e-20)
(3.5828867 0.018547079 1.1537242e-24)
(3.5909954 0.018688411 -9.8439885e-20)
(3.5991444 0.018896009 9.7833017e-20)
(3.6073596 0.019223538 -9.7206281e-20)
(3.6156888 0.01974929 -9.6563799e-20)
(3.6242155 0.020577071 -9.5875347e-20)
(3.6330677 0.021844357 -1.9022892e-19)
(3.642435 0.023734858 9.4252032e-20)
(3.6525832 0.026499024 -1.8656854e-19)
(3.6639241 0.030461727 -1.8422781e-19)
(3.6769587 0.036038405 -8.2686668e-23)
(3.6927 0.043738754 -8.8852089e-20)
(3.711659 0.053889816 -1.7337937e-19)
(3.7372715 0.067491785 -8.3835992e-20)
(3.547933 0.016238473 -1.0160506e-19)
(3.5557771 0.016284796 -1.010324e-19)
(3.5637171 0.016387729 -2.0088813e-19)
(3.5717418 0.016490622 9.9550204e-25)
(3.5798167 0.016594104 9.9254434e-20)
(3.5879287 0.016726066 0)
(3.5960914 0.016920666 9.8042306e-20)
(3.6043352 0.017226255 4.5895534e-24)
(3.6127137 0.017713389 0)
(3.6213168 0.018476337 -9.6067983e-20)
(3.6302816 0.01963984 1.7945603e-23)
(3.6398101 0.021370323 -9.4482325e-20)
(3.6501836 0.023892699 3.8353777e-23)
(3.6618319 0.027498701 5.4224019e-23)
(3.6752726 0.032551449 -9.0938513e-20)
(3.6915181 0.039498871 1.0043817e-22)
(3.7110753 0.048594446 1.2939392e-22)
(3.7372278 0.060687667 -8.3992208e-20)
(3.5452892 0.014341982 1.0181488e-19)
(3.5531501 0.014372838 0)
(3.5610911 0.014457901 1.0065192e-19)
(3.5691104 0.014548233 1.0005786e-19)
(3.5771825 0.014641913 0)
(3.5852989 0.014762709 0)
(3.5934752 0.014941415 -2.5410814e-24)
(3.601746 0.015220982 4.2052255e-24)
(3.61017 0.01566401 0)
(3.6188432 0.016354714 1.0687615e-23)
(3.6279107 0.017404602 1.6198933e-23)
(3.6375855 0.018962118 -9.4658429e-20)
(3.6481625 0.021226358 9.3711061e-20)
(3.6600865 0.024455105 9.2560443e-20)
(3.673889 0.028962113 0)
(3.6905786 0.035134798 8.9302019e-23)
(3.7106566 0.043168719 8.7306725e-20)
(3.73727 0.053776182 1.3863851e-22)
(3.5430408 0.0124405 5.8128216e-25)
(3.5509172 0.012459884 -1.0143826e-19)
(3.5588606 0.012529202 0)
(3.5668763 0.012607039 0)
(3.5749472 0.012690027 0)
(3.5830683 0.012798067 0)
(3.5912577 0.012958287 -9.8443638e-20)
(3.5995532 0.013208165 3.7639189e-24)
(3.6080183 0.0136022 9.7157976e-20)
(3.6167545 0.014214131 1.9293484e-19)
(3.6259138 0.015141738 1.432115e-23)
(3.6357189 0.016514891 1.8974225e-19)
(3.6464762 0.018506578 0)
(3.6586433 0.021340145 9.2736578e-20)
(3.6727627 0.025282541 -9.134356e-20)
(3.6898376 0.030662745 1.7934172e-19)
(3.7103626 0.037630504 -8.7518238e-20)
(3.7373649 0.046774215 1.6962028e-19)
(3.5411597 0.010534475 -1.533126e-19)
(3.54905 0.010545658 1.5244434e-19)
(3.5569965 0.010601123 0)
(3.5650101 0.010666634 -5.0222781e-20)
(3.5730807 0.010738214 0)
(3.5812066 0.010832106 0)
(3.5894079 0.010971552 -4.9314809e-20)
(3.5977255 0.011188487 1.4700429e-19)
(3.6062268 0.011529204 -4.8678523e-20)
(3.6150181 0.012056727 -4.833479e-20)
(3.6242575 0.012854541 9.5913331e-20)
(3.6341758 0.014033439 -4.7549457e-20)
(3.6450895 0.01574 0)
(3.6574661 0.01816304 -1.3948978e-19)
(3.6718572 0.021524825 1.3745417e-19)
(3.6892597 0.026098269 -8.9996376e-20)
(3.7101615 0.031996921 1.3188801e-19)
(3.7374866 0.039697112 -4.268837e-20)
(3.5396234 0.0086246921 5.1196833e-20)
(3.5475258 0.0086303515 -5.090652e-20)
(3.5554755 0.0086735678 0)
(3.5634882 0.0087268792 5.0314355e-20)
(3.5715589 0.008786361 0)
(3.5796893 0.0088648401 -4.9712315e-20)
(3.587901 0.0089815526 4.9406381e-20)
(3.5962377 0.009162799 -4.9092629e-20)
(3.6047698 0.0094465872 -2.1885826e-24)
(3.6136078 0.0098848691 -4.8423306e-20)
(3.622915 0.010546499 0)
(3.6329289 0.011522662 -7.5071956e-24)
(3.6439739 0.012933442 0)
(3.6565259 0.014933078 4.6619404e-20)
(3.6711435 0.017701039 -9.1895232e-20)
(3.688817 0.021456452 0)
(3.7100281 0.026284192 -4.4156847e-20)
(3.7376152 0.032558599 -4.1484998e-23)
(3.5384145 0.0067113013 0)
(3.5463268 0.0067136247 -5.0994483e-20)
(3.5542795 0.0067459575 0)
(3.5622918 0.0067872869 5.0401731e-20)
(3.5703631 0.0068341262 0)
(3.5784974 0.0068962348 4.9800131e-20)
(3.5867179 0.0069886905 0)
(3.5950701 0.0071320274 -4.9179254e-20)
(3.6036274 0.007355927 -4.885583e-20)
(3.6125033 0.0077010136 -4.8511325e-20)
(3.6218653 0.0082211808 -4.8142001e-20)
(3.6319563 0.008987696 -9.5473441e-20)
(3.6431071 0.010094089 0)
(3.6558 0.011660025 0)
(3.6705985 0.013823792 1.6157374e-23)
(3.6884876 0.016752755 0)
(3.7099431 0.020509012 -4.4321878e-20)
(3.7377351 0.025372476 -4.3086771e-20)
(3.5375199 0.0047958889 0)
(3.5454397 0.004796328 2.5539572e-20)
(3.553395 0.0048186286 0)
(3.5614073 0.0048480234 -5.0486054e-20)
(3.569479 0.0048817583 0)
(3.5776164 0.0049266663 0)
(3.5858436 0.0049935657 0)
(3.5942077 0.0050971883 2.4632997e-20)
(3.6027841 0.0052587818 0)
(3.6116887 0.0055074699 4.8602851e-20)
(3.6210922 0.0058818949 2.4121016e-20)
(3.6312414 0.0064331337 4.7839389e-20)
(3.642472 0.0072280359 2.3690852e-20)
(3.6552708 0.0083518235 2.3427461e-20)
(3.6702051 0.0099027237 2.3125239e-20)
(3.6882553 0.011998006 2.2733334e-20)
(3.709892 0.01468168 4.4552448e-20)
(3.7378372 0.018143039 0)
(3.53693 0.0028780675 0)
(3.5448547 0.0028780661 2.558007e-20)
(3.5528117 0.0028912506 -1.2716096e-20)
(3.5608239 0.0029089017 1.2641663e-20)
(3.5688961 0.0029293224 -1.2566723e-20)
(3.5770355 0.0029565625 1.2491174e-20)
(3.5852673 0.0029971445 0)
(3.5936393 0.0030599982 2.4673648e-20)
(3.6022285 0.0031578898 0)
(3.6111525 0.0033083939 0)
(3.6205839 0.0035348226 2.4165569e-20)
(3.6307722 0.0038678831 0)
(3.6420563 0.004347825 -2.374935e-20)
(3.6549261 0.0050255675 -2.3495171e-20)
(3.669951 0.0059604002 2.3193867e-20)
(3.688109 0.0072201287 -2.2830108e-20)
(3.7098654 0.0088354616 0)
(3.7379144 0.010904356 0)
(3.5366359 0.00095906509 0)
(3.5445633 0.00095918821 0)
(3.5525213 0.00096366588 1.1764356e-20)
(3.5605337 0.00096962239 -1.1696416e-20)
(3.5686063 0.00097651447 1.1628025e-20)
(3.576747 0.00098570628 -1.1559121e-20)
(3.5849813 0.00099937902 0)
(3.5933577 0.0010205322 0)
(3.6019538 0.0010534551 0)
(3.6108882 0.0011040725 0)
(3.6203345 0.001180177 0)
(3.6305439 0.0012920502 0)
(3.6418567 0.001453193 0)
(3.6547648 0.0016805049 0)
(3.6698383 0.0019940741 0)
(3.6880551 0.0024154458 0)
(3.7098754 0.0029573006 0)
(3.7379824 0.0036454784 0)
(0.40424286 0.0081993767 0)
(0.48745282 0.023428291 1.8639832e-21)
(0.56705429 0.042150789 0)
(0.6321912 0.056131961 1.7282031e-18)
(0.69074568 0.066385355 0)
(0.74733677 0.075156297 -1.5317759e-18)
(0.79975875 0.083255411 0)
(0.8542719 0.09019519 1.4235618e-18)
(1.3382018 0.039793885 0)
(1.413737 0.051898679 2.8776892e-21)
(1.4917792 0.071072519 0)
(1.5615565 0.08927561 0)
(1.6283136 0.10517024 0)
(1.6945298 0.1199691 8.0679615e-19)
(1.757537 0.13397714 -7.7750594e-19)
(1.8220666 0.1470852 7.6448715e-19)
(2.2414361 0.081231272 -6.2114762e-19)
(2.2999303 0.093860512 3.0484849e-21)
(2.3595795 0.11047205 0)
(2.4116297 0.12710842 -5.7723152e-19)
(2.4619444 0.14263821 0)
(2.5127874 0.15743166 -5.5798495e-19)
(2.5617524 0.17143425 5.5069763e-19)
(2.6119137 0.18499772 -1.090039e-18)
(2.9585766 0.11586785 4.8258358e-19)
(2.9978119 0.12850996 4.7029128e-19)
(3.0379797 0.14226662 -4.6199579e-19)
(3.072162 0.15674565 4.6213706e-19)
(3.1053587 0.17132204 0)
(3.1396247 0.18559134 4.5415284e-19)
(3.1731999 0.1991557 -4.4596995e-19)
(3.2077039 0.21260893 4.4807811e-19)
(3.4265416 0.13804829 -4.1540926e-19)
(3.4492461 0.15053353 0)
(3.4731873 0.16255461 8.1460081e-19)
(3.4933326 0.17531045 -4.0460537e-19)
(3.513072 0.18863151 0)
(3.5341115 0.20179964 0)
(3.5554608 0.21429933 4.0141802e-19)
(3.5776859 0.22669651 0)
(3.6671956 0.14771279 3.9099843e-19)
(3.6791253 0.15955328 0)
(3.6925976 0.17047986 -3.8417612e-19)
(3.7043032 0.18180048 3.8382155e-19)
(3.7160759 0.19366037 0)
(3.729164 0.20543463 0)
(3.7431748 0.21665792 0)
(3.7580676 0.22771297 0)
(3.7563695 0.14833598 3.7631796e-19)
(3.7631888 0.15916359 3.7278004e-19)
(3.7716364 0.16932077 3.722943e-19)
(3.7797188 0.17955487 3.7193453e-19)
(3.7881926 0.19011241 3.7144803e-19)
(3.7978494 0.2006018 3.7053996e-19)
(3.8086277 0.21066566 3.6920927e-19)
(3.8202535 0.22048495 3.7038309e-19)
(3.7734104 0.14432516 -2.7763566e-21)
(3.7787468 0.15399792 -7.4205902e-19)
(3.7855435 0.16341471 -7.4139091e-19)
(3.792689 0.17274118 -2.4573772e-21)
(3.8004145 0.18217852 -7.3971121e-19)
(3.809158 0.1915408 -7.3795118e-19)
(3.8189762 0.20058344 -3.6889483e-19)
(3.8295806 0.20935377 -7.3786122e-19)
(3.7687393 0.13868624 -3.7452003e-19)
(3.7741452 0.14723051 3.7111088e-19)
(3.7807098 0.15582315 3.7081071e-19)
(3.7878607 0.16430534 -3.7039837e-19)
(3.7956867 0.17278117 3.6980255e-19)
(3.8044024 0.18117887 3.688717e-19)
(3.8140662 0.18933822 0)
(3.8244428 0.1972442 3.6881899e-19)
(3.7625802 0.13261835 0)
(3.7684398 0.14016297 0)
(3.7751569 0.14789939 3.6788551e-19)
(3.7824604 0.15557575 0)
(3.7904684 0.16320895 0)
(3.7992808 0.17076555 0)
(3.8089215 0.17813891 0)
(3.8192063 0.18529512 0)
(3.7588979 0.12633033 0)
(3.7651929 0.13303331 0)
(3.7721105 0.13995939 -3.6903752e-19)
(3.7795331 0.14687956 0)
(3.7876456 0.15375915 0)
(3.7965026 0.16056805 0)
(3.8060963 0.16723121 0)
(3.8162748 0.17371392 0)
(3.7569457 0.11978249 3.7092369e-19)
(3.7635891 0.12577959 3.6696461e-19)
(3.7706924 0.13197807 0)
(3.77821 0.13820371 3.6593571e-19)
(3.7863797 0.14440266 3.6514636e-19)
(3.7952441 0.15053983 3.6411417e-19)
(3.8047756 0.15655773 0)
(3.8148418 0.16242511 3.6419951e-19)
(3.7558329 0.11296182 -3.7198751e-19)
(3.7627491 0.1183525 -1.4842263e-21)
(3.7700169 0.12390728 -3.6590916e-19)
(3.7776232 0.12950242 -3.6679024e-19)
(3.7858354 0.13508356 -1.5024399e-21)
(3.7946964 0.14061234 -3.6487208e-19)
(3.8041685 0.1460412 -3.6212193e-19)
(3.8141329 0.1513425 -1.4307933e-21)
(3.7551792 0.10589831 1.8511116e-19)
(3.7623095 0.11075246 -3.6737772e-19)
(3.7697183 0.11573429 3.6677537e-19)
(3.7774075 0.12075771 1.8236866e-19)
(3.7856574 0.12577513 -3.6521692e-19)
(3.7945128 0.13074838 1.8138512e-19)
(3.8039323 0.13563639 3.6281385e-19)
(3.8138082 0.14041474 -3.6413528e-19)
(3.7548441 0.098633088 -3.7058104e-19)
(3.7621426 0.10300103 -1.8286049e-19)
(3.7696683 0.10746594 0)
(3.7774309 0.11196797 -3.6491416e-19)
(3.7857136 0.1164678 -1.8169314e-19)
(3.7945622 0.12092984 -3.6287541e-19)
(3.8039344 0.1253183 0)
(3.8137329 0.12961163 -1.8116528e-19)
(3.754747 0.091202526 1.8545207e-19)
(3.7621776 0.095122083 3.6603527e-19)
(3.7697977 0.099113934 0)
(3.7776224 0.10313644 1.8253601e-19)
(3.7859318 0.10715786 3.6357075e-19)
(3.7947722 0.11114643 1.8148427e-19)
(3.8041012 0.11507108 0)
(3.813831 0.11891292 3.6245592e-19)
(3.7548214 0.083635489 -1.8487957e-19)
(3.762356 0.087136234 -3.6584439e-19)
(3.7700512 0.090689857 0)
(3.7779266 0.094267574 -1.8187555e-19)
(3.7862571 0.097844049 -1.8187268e-19)
(3.7950878 0.10139172 -1.8080355e-19)
(3.8043774 0.10488386 0)
(3.8140458 0.1083039 -1.8128894e-19)
(3.7550118 0.075954586 3.7020219e-19)
(3.7626283 0.079060489 3.6574947e-19)
(3.7703828 0.082204253 0)
(3.778299 0.085366361 3.6406544e-19)
(3.7866454 0.088526738 1.8130913e-19)
(3.7954658 0.091661859 3.6186549e-19)
(3.8047195 0.094748911 0)
(3.8143331 0.097773285 1.8072844e-19)
(3.7552735 0.068178091 -1.8531605e-19)
(3.7629546 0.070909179 -1.8306416e-19)
(3.7707558 0.073666768 0)
(3.7787046 0.076438045 -1.8218775e-19)
(3.7870629 0.07920717 -1.8166654e-19)
(3.7958728 0.081954263 -3.7706177e-22)
(3.8050941 0.084659933 -1.8001578e-19)
(3.8146591 0.087311284 -1.810528e-19)
(3.7555714 0.060321495 1.8503232e-19)
(3.7633035 0.062694794 1.8275766e-19)
(3.7711415 0.065086224 1.823083e-19)
(3.7791163 0.067487725 1.8184559e-19)
(3.7874832 0.0698868 1.8131249e-19)
(3.7962829 0.072266762 -3.2772432e-22)
(3.8054754 0.074611229 1.8034844e-19)
(3.8149974 0.076908922 1.8069633e-19)
(3.7558784 0.052398422 -2.7804144e-19)
(3.7636508 0.054428385 -1.8315793e-19)
(3.7715177 0.056470409 -1.8269436e-19)
(3.7795129 0.05851968 -2.7318486e-19)
(3.7878862 0.060566364 -2.7236596e-19)
(3.7966761 0.062596599 -2.7143274e-19)
(3.8058432 0.064596701 0)
(3.8153277 0.066556989 -2.7140298e-19)
(3.7561737 0.044421098 9.2797247e-20)
(3.7639775 0.046119941 -9.1519668e-20)
(3.7718669 0.047826564 9.128028e-20)
(3.7798781 0.049538204 9.1153952e-20)
(3.7882557 0.051247179 1.1860193e-22)
(3.7970367 0.05294218 9.0558909e-20)
(3.8061818 0.05461197 9.009634e-20)
(3.8156342 0.056248479 1.1380065e-22)
(3.7564417 0.036399605 0)
(3.76427 0.03777688 9.1720551e-20)
(3.7721764 0.039158912 -9.1474778e-20)
(3.7801997 0.040544313 0)
(3.78858 0.041927262 9.0938659e-20)
(3.797353 0.043298786 0)
(3.8064794 0.044649872 -9.0267312e-20)
(3.8159051 0.045973982 9.05982e-20)
(3.7566693 0.028346462 -4.646529e-20)
(3.7645159 0.029410621 -4.5875969e-20)
(3.772435 0.030476926 0)
(3.7804673 0.031545074 -4.5620937e-20)
(3.7888495 0.032611072 -4.5476023e-20)
(3.7976159 0.03366817 -4.5313724e-20)
(3.8067273 0.034709484 0)
(3.8161315 0.035730013 -4.5302493e-20)
(3.7568514 0.020261279 4.6572129e-20)
(3.7647098 0.021018395 9.1928877e-20)
(3.7726368 0.021775956 -4.5822072e-20)
(3.7806749 0.022534656 4.5716777e-20)
(3.789058 0.02329183 9.1111504e-20)
(3.7978192 0.024042511 4.5403893e-20)
(3.8069193 0.024781777 -4.5198779e-20)
(3.8163074 0.025506332 9.0752097e-20)
(3.7569824 0.012172933 -2.3318458e-20)
(3.764848 0.012623376 -4.6053766e-20)
(3.7727804 0.013073105 4.5921742e-20)
(3.7808232 0.013524677 0)
(3.7892074 0.013976573 -4.5636451e-20)
(3.7979653 0.014425191 0)
(3.8070579 0.014867187 4.528721e-20)
(3.8164352 0.015301656 -4.5450562e-20)
(3.7570773 0.004068194 2.2944203e-20)
(3.7649437 0.0042164832 0)
(3.7728801 0.0043640358 0)
(3.7809284 0.0045127936 0)
(3.789316 0.0046623593 0)
(3.7980744 0.0048112684 0)
(3.807166 0.004958196 0)
(3.8165403 0.0051034366 0)
(0.93275923 0.097922809 -1.6371923e-17)
(1.0146038 0.10759881 1.525691e-17)
(1.0790752 0.11536819 -1.4178546e-17)
(1.1363143 0.12161954 0)
(1.1868066 0.12664098 0)
(1.2442428 0.13110764 1.7066633e-20)
(1.2856086 0.13337463 0)
(1.4356974 0.1429049 -9.1194477e-18)
(1.9267832 0.16835299 1.0264254e-17)
(2.0599383 0.19560588 0)
(2.1759525 0.21786612 1.8009573e-17)
(2.2823907 0.23587919 0)
(2.3810343 0.24977746 0)
(2.4833589 0.26143449 7.1971695e-18)
(2.5727637 0.26444621 6.496167e-18)
(2.7415264 0.27694477 5.8500957e-18)
(2.6955506 0.20790845 -7.5256684e-18)
(2.8070323 0.23682071 -7.2269087e-18)
(2.9090128 0.26050765 -1.3797102e-17)
(3.0065389 0.27948403 -6.5169417e-18)
(3.1008988 0.29352045 0)
(3.1993712 0.30417554 0)
(3.2921378 0.30428361 -5.1998166e-18)
(3.4340983 0.31013231 0)
(3.2674134 0.2353093 9.4644317e-18)
(3.3500136 0.26384563 3.0883379e-18)
(3.4287958 0.28717618 5.9221899e-18)
(3.506914 0.30544008 5.6559965e-18)
(3.5849099 0.3181023 2.6693071e-18)
(3.6674521 0.32644711 0)
(3.7478117 0.32327683 0)
(3.8597647 0.32361794 -2.1243872e-18)
(3.6192776 0.24801894 -1.7874561e-20)
(3.6803563 0.27499936 2.8091224e-18)
(3.7420877 0.29697097 2.7111591e-18)
(3.8059511 0.31376805 2.6061782e-18)
(3.8716299 0.32468175 -2.4866881e-18)
(3.941752 0.33065911 2.3406121e-18)
(4.0115019 0.32520416 0)
(4.0998637 0.32078754 2.0025869e-18)
(3.789126 0.24740122 -2.7393723e-18)
(3.8380607 0.27261185 0)
(3.8904679 0.29309102 -1.1354112e-20)
(3.9466627 0.30851109 -2.5218967e-18)
(4.0057405 0.31808953 0)
(4.0688348 0.32238858 -2.2722814e-18)
(4.1325693 0.31598545 0)
(4.2057095 0.30810297 0)
(3.846665 0.23859502 0)
(3.8904319 0.26205586 0)
(3.9389806 0.28106514 -2.5802918e-18)
(3.9919703 0.29522548 0)
(4.0482258 0.3037497 0)
(4.1079459 0.30683316 0)
(4.1687234 0.30024206 0)
(4.2333917 0.28991806 0)
(3.8544342 0.22601544 0)
(3.8964408 0.24782336 2.6250983e-18)
(3.9436041 0.26545958 0)
(3.9952854 0.27848926 0)
(4.0502366 0.28615784 0)
(4.1081346 0.28837262 0)
(4.1671268 0.28194981 0)
(4.2271797 0.27026146 0)
(3.8487495 0.21256412 0)
(3.8899627 0.2327867 -2.6336544e-18)
(3.9363151 0.24911827 2.5574981e-18)
(3.9870526 0.26108907 -2.4731826e-18)
(4.0409265 0.26799327 0)
(4.0973278 0.26954388 2.2562422e-18)
(4.1546841 0.26338308 -2.1263959e-18)
(4.2117713 0.25119063 0)
(3.8431158 0.19933961 2.6570153e-18)
(3.883591 0.21801421 0)
(3.9290731 0.23308541 -2.565014e-18)
(3.9787683 0.24404506 4.9538286e-18)
(4.0314392 0.25023963 0)
(4.0863074 0.2512698 -2.2626476e-18)
(4.1419421 0.2453932 -4.8609025e-21)
(4.1966652 0.23330257 0)
(3.8397751 0.18654555 -1.1728537e-20)
(3.8794602 0.20371717 -2.618413e-18)
(3.9239916 0.21757393 0)
(3.9725686 0.22757247 -2.480106e-18)
(4.0239628 0.23311028 -2.3788492e-18)
(4.0772878 0.23373638 2.270337e-18)
(4.1311966 0.22816127 2.1464866e-18)
(4.1838523 0.21654595 0)
(3.83795 0.17411007 -2.664651e-18)
(3.8768667 0.18983381 2.6261082e-18)
(3.9204566 0.20252519 0)
(3.9679306 0.21161638 0)
(4.0180707 0.216553 2.3846166e-18)
(4.0699214 0.2168734 -2.276547e-18)
(4.1221978 0.21162279 0)
(4.1730377 0.20069429 0)
(3.8368906 0.16194856 -2.6534854e-18)
(3.875102 0.17628697 -2.6162887e-18)
(3.9178055 0.18786542 -2.5551037e-18)
(3.9642356 0.19610537 0)
(4.0131894 0.20049715 0)
(4.0636718 0.200594 -2.2847021e-18)
(4.1144506 0.19569007 0)
(4.163713 0.18555721 0)
(3.8362582 0.15000801 2.6629762e-18)
(3.8738322 0.16302705 7.6385765e-21)
(3.9157145 0.17354617 5.9189602e-21)
(3.9611708 0.18098969 0)
(4.0090188 0.18488949 -2.3910836e-18)
(4.0582458 0.18482851 -8.9037371e-22)
(4.1076681 0.18028684 0)
(4.1555655 0.17099496 -2.0784671e-18)
(3.8359122 0.13825488 0)
(3.8729117 0.15002123 5.2422153e-18)
(3.9140382 0.15953427 2.5629032e-18)
(3.9585924 0.16623304 2.4827243e-18)
(4.0054178 0.16968853 1.4236383e-21)
(4.0535 0.16952094 4.5992946e-18)
(4.101702 0.1653495 0)
(4.148417 0.1569056 2.0882101e-18)
(3.8357714 0.12666461 0)
(3.8722543 0.13724355 -2.6259511e-18)
(3.9126898 0.14580189 1.2799679e-18)
(3.9564145 0.15180334 -2.4894335e-18)
(4.0023015 0.15485623 1.2020182e-18)
(4.049346 0.15462094 -2.3073111e-18)
(4.0964564 0.15082102 0)
(4.1421456 0.1432096 0)
(3.8357749 0.11521737 0)
(3.8717954 0.12467078 1.3113081e-18)
(3.9116038 0.13232261 -2.5652832e-18)
(3.9545721 0.1376692 0)
(3.9996052 0.1403552 1.2042603e-18)
(4.0457155 0.14008139 -1.1581931e-18)
(4.0918556 0.13664954 0)
(4.1366547 0.12984319 -1.0616515e-18)
(3.8358756 0.10389613 1.333065e-18)
(3.8714842 0.11228087 -1.3157152e-18)
(3.9107284 0.11907031 1.2854508e-18)
(3.9530132 0.12379956 1.2476183e-18)
(3.9972765 0.12614907 0)
(4.0425526 0.12585864 1.1620595e-18)
(4.0878358 0.12278853 1.1155882e-18)
(4.1318642 0.11675469 1.0667043e-18)
(3.836037 0.092685152 -2.5642038e-21)
(3.8712813 0.10005229 -1.3155235e-18)
(3.9100227 0.10601916 0)
(3.9516966 0.11016415 -1.2513829e-18)
(3.9952732 0.11220311 -1.210196e-18)
(4.0398111 0.11191265 1.1667028e-18)
(4.084344 0.10919652 -2.2411027e-18)
(4.1277078 0.10390158 0)
(3.8362314 0.081569806 -1.3410583e-18)
(3.8711565 0.087964562 1.3201755e-18)
(3.9094551 0.093144466 1.2884953e-18)
(3.9505896 0.096734342 0)
(3.9935612 0.098485037 1.214056e-18)
(4.0374535 0.098207293 -1.1707733e-18)
(4.0813359 0.095836793 2.2520882e-18)
(4.1241308 0.091248282 -1.082154e-18)
(3.8364372 0.070535815 0)
(3.8710863 0.075997874 1.3213537e-18)
(3.9090007 0.080422458 -1.2927642e-18)
(3.9496664 0.083482848 0)
(3.9921132 0.084964386 0)
(4.0354489 0.084709186 0)
(4.0787751 0.082675911 -1.1310624e-18)
(4.121088 0.078763714 -1.2829484e-21)
(3.8366381 0.059571456 -6.7313139e-19)
(3.871053 0.064134971 -6.6380915e-19)
(3.9086405 0.067831728 0)
(3.9489069 0.070384662 0)
(3.9909076 0.071613024 0)
(4.0337724 0.071387683 0)
(4.0766314 0.069683393 0)
(4.1185423 0.066420365 1.0937534e-18)
(3.8368214 0.048663215 6.7594616e-19)
(3.8710427 0.052357423 -1.3292449e-18)
(3.9083597 0.055350118 0)
(3.9482954 0.057414258 0)
(3.989927 0.058402495 0)
(4.032404 0.05821231 0)
(4.0748802 0.056829329 0)
(4.1164639 0.054191934 -5.5043186e-19)
(3.8369784 0.037802667 0)
(3.8710459 0.040650813 6.6687119e-19)
(3.9081478 0.042958987 0)
(3.9478201 0.044549592 0)
(3.9891583 0.045307996 6.1454625e-19)
(4.0313281 0.045156626 0)
(4.0735024 0.044088055 0)
(4.1148293 0.042056404 1.1063688e-18)
(3.8371024 0.026975971 3.4009396e-19)
(3.8710558 0.028995033 0)
(3.9079977 0.030633166 0)
(3.9474736 0.031761886 3.1781733e-19)
(3.9885931 0.032298513 -6.1664973e-19)
(4.0305345 0.032189161 2.9829932e-19)
(4.0724851 0.031430584 0)
(4.1136224 0.029990482 -8.3401418e-19)
(3.8371954 0.016181473 -5.1229325e-19)
(3.871074 0.017385938 0)
(3.9079114 0.018364021 -1.6384819e-19)
(3.9472579 0.019037595 -4.7832948e-19)
(3.9882329 0.01935566 0)
(4.0300236 0.019286974 -4.490803e-19)
(4.0718266 0.018831122 -1.4463883e-19)
(4.1128388 0.017968235 2.7936662e-19)
(3.8372835 0.0053975762 1.6169976e-19)
(3.8711252 0.0057979889 0)
(3.9079106 0.0061230512 1.5474449e-19)
(3.9471912 0.0063465416 1.5039752e-19)
(3.988091 0.0064508903 0)
(4.0298024 0.006426003 1.4096492e-19)
(4.0715262 0.0062722658 1.3610999e-19)
(4.1124694 0.0059829332 0)
(1.2878214 0.078377058 0)
(0.99104996 0.037283334 0)
(0.85202192 0.022470024 4.5078179e-18)
(0.83498379 0.019817618 -4.5418158e-18)
(0.8399817 0.021525165 -4.4560552e-18)
(0.84272407 0.023285907 4.3258863e-18)
(0.84658121 0.024248591 -4.1784783e-18)
(0.85122055 0.02479072 4.0210369e-18)
(0.85476499 0.025118306 -3.8480052e-18)
(0.85710105 0.025286799 3.6685506e-18)
(0.85885583 0.025362533 3.5051604e-18)
(0.86040764 0.025403414 -3.3238723e-18)
(0.86189384 0.025435915 -3.7553452e-21)
(0.8633942 0.025469407 -2.9566852e-18)
(0.86497436 0.025508444 0)
(0.86667743 0.025553352 -2.5842753e-18)
(0.86852543 0.025600549 2.3871182e-18)
(0.87052911 0.025645851 -2.1933332e-18)
(0.8726884 0.025689343 -3.714709e-21)
(0.87501405 0.025735268 -1.7934009e-18)
(0.87747844 0.025791132 -3.9272936e-22)
(0.88016476 0.025853866 -1.3976564e-18)
(0.88282881 0.025934703 1.1855084e-18)
(0.88612796 0.025987896 -9.7500091e-19)
(0.88823262 0.026135904 7.5936549e-19)
(0.8936645 0.026046927 -1.0881932e-18)
(0.89126039 0.026650964 -3.2035174e-19)
(0.90171224 0.025447566 -5.6683053e-22)
(2.7139535 0.19839001 2.2222418e-18)
(2.5393077 0.13899703 2.4639392e-18)
(2.3909305 0.10358676 -2.64978e-18)
(2.3077775 0.08218033 0)
(2.2605422 0.07200688 0)
(2.2311098 0.068070866 -5.4167677e-18)
(2.2140882 0.066614422 1.3153774e-21)
(2.2053545 0.066189493 -2.5758116e-18)
(2.2011371 0.066213203 2.4855452e-18)
(2.1993072 0.06634785 -2.3855217e-18)
(2.1989579 0.066459542 2.2841743e-18)
(2.199652 0.066536195 -4.2477366e-21)
(2.2011299 0.066593943 -2.063523e-18)
(2.2032493 0.066646911 0)
(2.2059415 0.066706301 0)
(2.2091724 0.066777722 0)
(2.2129195 0.06685847 -1.5940619e-18)
(2.2171666 0.066940959 0)
(2.2218949 0.067021439 -1.340478e-18)
(2.2271 0.067105329 0)
(2.2327386 0.067204853 0)
(2.2388823 0.067326467 0)
(2.2452665 0.067479269 -1.052481e-21)
(2.2525653 0.067622468 0)
(2.2588545 0.067893662 -5.1756153e-19)
(2.2689066 0.067831958 3.7284436e-19)
(2.2708508 0.069104831 0)
(2.2878302 0.06674912 -7.9010081e-20)
(3.4659183 0.23217905 -3.6275145e-18)
(3.4035173 0.17541651 1.5042264e-20)
(3.3322149 0.14395221 -4.8460225e-22)
(3.2837892 0.12273377 -2.034989e-18)
(3.2498702 0.11015656 -9.7480609e-22)
(3.2245776 0.10357129 6.4847441e-23)
(3.2071803 0.099940724 -9.3981452e-22)
(3.1962166 0.097817907 9.4787764e-22)
(3.189588 0.096582163 1.7593985e-21)
(3.1858762 0.095832723 -1.7731686e-18)
(3.1843357 0.09533607 -1.6976712e-18)
(3.1845055 0.094989481 1.6180239e-18)
(3.1860552 0.094746364 8.5365937e-23)
(3.1887579 0.094580778 2.8423474e-21)
(3.1924628 0.094478939 -1.3818104e-21)
(3.1970652 0.09443127 0)
(3.2024874 0.094424446 0)
(3.2086719 0.094441575 0)
(3.2155715 0.094470342 2.0055059e-18)
(3.2231576 0.094510775 1.8673895e-21)
(3.2313789 0.094573864 -8.0704117e-19)
(3.2402681 0.09466982 -7.0560368e-19)
(3.249621 0.094809891 -6.0251812e-19)
(3.2599168 0.094953825 -8.632355e-22)
(3.269712 0.095260979 -3.8676436e-19)
(3.2826923 0.095166828 -4.3195474e-22)
(3.2891643 0.096794882 4.3163224e-22)
(3.3101464 0.093798883 -5.984308e-20)
(3.9050369 0.24890288 8.0925006e-19)
(3.8882897 0.19311575 -2.5902933e-18)
(3.8601989 0.16402455 0)
(3.8440516 0.14358229 2.6602683e-18)
(3.8343205 0.13017711 0)
(3.8275112 0.12271087 2.5871114e-18)
(3.8242603 0.1185452 -8.4168805e-19)
(3.8243606 0.11607874 0)
(3.826721 0.11461173 -7.8942838e-19)
(3.8305653 0.11371637 2.2727356e-18)
(3.8355464 0.11312275 1.3801027e-21)
(3.8414767 0.11269982 -6.9249596e-19)
(3.8482233 0.11238947 -6.5472629e-19)
(3.8557014 0.11216304 -1.2480512e-21)
(3.8638625 0.11200684 -5.8214501e-19)
(3.872676 0.11191242 -1.1038203e-21)
(3.8821197 0.11186736 5.0492448e-19)
(3.892179 0.11185397 -4.6536799e-19)
(3.9028424 0.11185713 -8.5404011e-19)
(3.914108 0.11187354 -3.8404612e-19)
(3.9259524 0.11191269 6.8411208e-19)
(3.9384117 0.11198666 3.0169901e-19)
(3.9513359 0.11211067 2.5586972e-19)
(3.9651118 0.1122462 -7.335778e-22)
(3.9785861 0.11256761 4.9531562e-19)
(3.9948686 0.11245864 -1.1845623e-19)
(4.005338 0.11424765 0)
(4.0306991 0.11099309 2.5086215e-20)
(4.1539786 0.25471223 8.0171586e-19)
(4.1627297 0.20120678 8.1849369e-19)
(4.1571053 0.17296525 8.3750612e-19)
(4.1581902 0.15285943 -8.2835297e-19)
(4.1630258 0.13900573 -8.1794976e-19)
(4.1689445 0.1311162 -7.9996298e-19)
(4.176838 0.12679195 1.5590169e-18)
(4.186917 0.12428224 -1.4434517e-21)
(4.1984396 0.12282311 2.7391505e-21)
(4.2108147 0.12198413 -6.9827315e-19)
(4.2237915 0.12147972 0)
(4.2372457 0.12115898 -1.269812e-18)
(4.251092 0.12095273 6.0285694e-19)
(4.265284 0.12082687 -5.6803783e-19)
(4.2798065 0.12076467 5.3390006e-19)
(4.294659 0.12075658 -4.9876716e-19)
(4.3098474 0.12079094 -4.649298e-19)
(4.325384 0.12085116 1.889621e-21)
(4.3412845 0.12092194 -1.4462658e-21)
(4.3575722 0.12099815 7.0453049e-19)
(4.3742495 0.12108767 1.1440018e-21)
(4.3913668 0.12120274 -9.8291029e-22)
(4.4088111 0.12136414 -1.0053689e-21)
(4.4269395 0.12153397 1.9202969e-19)
(4.4447361 0.12190395 -1.4924109e-19)
(4.4651302 0.12182418 2.1259535e-22)
(4.4796365 0.12368437 0)
(4.5104783 0.12050448 4.7467327e-20)
(4.2673835 0.25160887 -8.1477874e-19)
(4.2954505 0.20146491 0)
(4.3062009 0.1742027 -8.1161172e-19)
(4.3190838 0.15498432 -1.1722909e-21)
(4.3335598 0.14127441 1.5801818e-18)
(4.3478072 0.1332045 -7.4105516e-22)
(4.3629961 0.12875548 1.3409747e-21)
(4.3797375 0.12618078 0)
(4.3975927 0.12469748 6.9711169e-19)
(4.4161098 0.1238868 0)
(4.4350967 0.12345558 6.3793791e-19)
(4.4544557 0.12323441 6.0688684e-19)
(4.4741088 0.12314065 5.7498749e-19)
(4.4940066 0.12313219 5.4252849e-19)
(4.5141263 0.12318665 0)
(4.5344594 0.12329107 4.7556103e-19)
(4.5550047 0.12343308 0)
(4.5757697 0.12359723 4.0460305e-19)
(4.5967686 0.12376878 1.5169989e-21)
(4.618026 0.12394067 -3.3289589e-19)
(4.6395483 0.12411767 -1.2330245e-21)
(4.6613864 0.12430977 2.594287e-19)
(4.6834388 0.12454182 -2.2179142e-19)
(4.7060509 0.12477694 -1.8118428e-19)
(4.7282456 0.12521828 0)
(4.7529846 0.1252102 1.0192904e-19)
(4.7713561 0.12706739 0)
(4.8081717 0.12419747 -2.2668655e-20)
(4.2984784 0.24256289 8.1274322e-19)
(4.3391932 0.19659696 0)
(4.3616302 0.17061295 -8.1128946e-19)
(4.3831413 0.1525877 0)
(4.4047823 0.13936694 -1.5601872e-18)
(4.4252552 0.131293 7.3003917e-22)
(4.4458212 0.12679036 -7.3774416e-19)
(4.4673815 0.12419072 -7.0919649e-22)
(4.4897594 0.1226973 1.3078095e-21)
(4.5126351 0.12190319 -1.309185e-21)
(4.535885 0.12151753 -6.264997e-19)
(4.5594545 0.12136125 1.1913582e-21)
(4.5832895 0.12134376 -5.6389508e-19)
(4.6073499 0.12141806 1.0678388e-21)
(4.6316151 0.12155751 9.3953534e-22)
(4.6560739 0.12174596 -9.3967434e-22)
(4.6807203 0.12197049 -1.614223e-21)
(4.7055562 0.12221751 1.6144233e-21)
(4.7305913 0.12247384 0)
(4.7558464 0.12273087 0)
(4.7813257 0.12298946 0)
(4.807077 0.12325587 0)
(4.8329979 0.12355715 7.6455909e-22)
(4.8594321 0.12385878 -7.6462926e-22)
(4.8853848 0.12436522 0)
(4.9139577 0.12444758 0)
(4.9355544 0.12622011 0)
(4.9778252 0.12379443 0)
(4.2919147 0.23079939 0)
(4.3391589 0.1891574 0)
(4.3686305 0.16442367 8.1147494e-19)
(4.3954604 0.14752834 8.0003551e-19)
(4.4217376 0.13492548 7.7767521e-19)
(4.4464478 0.12697288 7.5367003e-22)
(4.4707339 0.1224872 0)
(4.4956244 0.11990533 7.1026905e-19)
(4.5211208 0.11841987 -5.7428021e-23)
(4.5469937 0.11763781 -6.524772e-19)
(4.5731652 0.1172799 -1.182333e-21)
(4.5996148 0.1171648 2.3034083e-21)
(4.6263105 0.11719725 -1.1209404e-21)
(4.653224 0.11732664 0)
(4.6803408 0.11752242 4.9218247e-19)
(4.7076523 0.11776552 9.3046897e-22)
(4.7351528 0.11804311 -4.2602315e-19)
(4.7628438 0.11834433 0)
(4.7907335 0.11865857 -3.5691703e-19)
(4.8188419 0.11897645 1.1861525e-21)
(4.8471728 0.11929518 -2.2302839e-21)
(4.8757737 0.11961706 1.94474e-21)
(4.9045394 0.11996982 -2.1202837e-19)
(4.9338213 0.1203229 -1.4879725e-22)
(4.9625819 0.12087162 -1.3614319e-19)
(4.9941017 0.12104081 0)
(5.0180641 0.12265763 5.5402788e-20)
(5.0646363 0.12071759 0)
(4.2742995 0.21813616 0)
(4.3242593 0.18063367 0)
(4.3575715 0.15709886 0)
(4.3872192 0.14120384 -8.0241874e-19)
(4.416003 0.12925735 7.8388384e-19)
(4.4431493 0.12149035 -7.2931906e-22)
(4.469606 0.11704046 7.3193336e-22)
(4.4964278 0.11447661 -9.4939729e-22)
(4.5237389 0.11299179 1.35769e-21)
(4.5513711 0.11220627 6.5077602e-19)
(4.5792717 0.11185565 1.1812684e-21)
(4.6074403 0.11175923 5.8791324e-19)
(4.6358591 0.11181782 0)
(4.6645072 0.11197716 0)
(4.6933731 0.11220304 -4.9200848e-19)
(4.7224499 0.11247402 0)
(4.7517325 0.1127779 4.2319817e-19)
(4.7812217 0.11310696 1.5915166e-21)
(4.8109249 0.11345336 3.5565402e-19)
(4.8408616 0.11380745 1.1812338e-21)
(4.8710354 0.11416328 -1.1804408e-21)
(4.9014955 0.11451976 2.469598e-19)
(4.932134 0.11490381 2.125105e-19)
(4.9633142 0.11528946 -7.4975067e-22)
(4.9939489 0.1158542 1.3480593e-19)
(5.0274919 0.11609313 9.646067e-20)
(5.052998 0.11750922 -5.5079639e-20)
(5.1025695 0.11602763 0)
(4.2566339 0.20532419 -8.7155933e-19)
(4.3075841 0.17169992 0)
(4.3431572 0.14939689 -8.2932745e-19)
(4.3743358 0.13440324 -8.120791e-19)
(4.404394 0.12311015 -1.5743825e-18)
(4.4328325 0.115561 -7.6339341e-19)
(4.4604208 0.1111492 0)
(4.4881953 0.10859493 -1.4233583e-18)
(4.5163778 0.10710164 -6.7949793e-19)
(4.5448534 0.1062992 -6.5342052e-19)
(4.5735876 0.10593815 -6.2133131e-19)
(4.6025946 0.10584045 -1.1786447e-18)
(4.6318682 0.10590367 -1.1204074e-21)
(4.6613927 0.10607021 -5.2531167e-19)
(4.6911588 0.10630298 -9.2916236e-22)
(4.7211609 0.10657906 -4.5784044e-19)
(4.7513942 0.10688725 -4.248046e-19)
(4.781859 0.10722257 -3.8892418e-19)
(4.8125612 0.10757948 -3.5693817e-19)
(4.843519 0.10794833 -3.1889545e-19)
(4.874736 0.10832093 -2.8426577e-19)
(4.9062635 0.10869348 -4.9546671e-19)
(4.9379907 0.10909068 -1.4521692e-22)
(4.9702937 0.10949063 -1.7364204e-19)
(5.002038 0.11004733 0)
(5.0368207 0.1103321 -1.9252882e-19)
(5.0632114 0.11153036 -5.4561943e-20)
(5.1146368 0.11044015 -2.3142353e-20)
(4.2415511 0.19260233 8.7959664e-19)
(4.2928885 0.16257217 0)
(4.3300979 0.14157059 8.340978e-19)
(4.362351 0.12741827 8.1364352e-19)
(4.3931858 0.11677033 7.9067736e-19)
(4.4224003 0.10947552 7.6622425e-19)
(4.4506302 0.10511908 0)
(4.478875 0.10257892 7.1426608e-19)
(4.5074396 0.10107897 6.8104503e-19)
(4.5362636 0.1002563 6.5485367e-19)
(4.5653307 0.0998764 6.2145707e-19)
(4.5946687 0.0997659 5.9226707e-19)
(4.6242826 0.099820001 0)
(4.654163 0.09997847 5.2627999e-19)
(4.6843038 0.10020249 0)
(4.7147016 0.10046855 4.5952439e-19)
(4.7453532 0.10076649 4.2386543e-19)
(4.7762587 0.10109325 3.9253669e-19)
(4.807423 0.10144491 3.5595486e-19)
(4.8388633 0.10181217 3.2164823e-19)
(4.8705833 0.10218577 2.83259e-19)
(4.9026366 0.10255991 2.47864e-19)
(4.9349107 0.10295579 7.4948286e-22)
(4.9677928 0.10335429 1.7287583e-19)
(5.0001089 0.1038837 -1.4942815e-22)
(5.0355629 0.10418943 9.5804298e-20)
(5.0623821 0.10517582 5.4592471e-20)
(5.1148107 0.1043963 2.3144721e-20)
(4.2288589 0.18001803 8.9926882e-19)
(4.2803777 0.15328435 0)
(4.318956 0.13365039 8.4465792e-19)
(4.3521686 0.12031355 -8.2273215e-19)
(4.3836404 0.11030868 7.9759564e-19)
(4.4134579 0.10331134 7.7139977e-19)
(4.4421668 0.099040404 -7.4006364e-22)
(4.4707191 0.096529451 7.1396549e-19)
(4.4994896 0.095033754 1.3681916e-21)
(4.5284728 0.094197157 0)
(4.5576719 0.093799556 -6.2523203e-19)
(4.5871271 0.093673699 5.9235864e-19)
(4.6168549 0.093713495 5.6112981e-19)
(4.646853 0.093856985 -5.2721614e-19)
(4.6771193 0.094064904 4.9395781e-19)
(4.7076537 0.094313945 -4.6024256e-19)
(4.7384551 0.0945946 4.2607724e-19)
(4.7695243 0.094904757 0)
(4.8008659 0.095241594 3.5638133e-19)
(4.8324965 0.095596721 3.2199425e-19)
(4.86442 0.095960828 -2.8589188e-19)
(4.8966928 0.09632674 2.4806088e-19)
(4.9292012 0.09671105 -2.1004823e-19)
(4.9623422 0.097096088 1.7230955e-19)
(4.9949105 0.097585336 -1.3440248e-19)
(5.0306851 0.097891442 -2.943166e-22)
(5.0576652 0.098687967 2.938582e-22)
(5.1105598 0.09814361 -2.3464386e-20)
(4.2179792 0.16758426 -9.0691454e-19)
(4.2695669 0.14384568 0)
(4.3093246 0.12562311 -8.4801442e-19)
(4.3434523 0.11309596 8.2369636e-19)
(4.3755259 0.10373287 -7.9904707e-19)
(4.4058905 0.097073141 -7.7174636e-19)
(4.4350372 0.092922049 0)
(4.4638644 0.090460499 -7.1680249e-19)
(4.4928028 0.088984762 -1.3122596e-21)
(4.5219 0.088145979 2.5640705e-21)
(4.5511789 0.087737226 6.2276524e-19)
(4.5806909 0.087598545 -5.9106248e-19)
(4.6104634 0.087623973 -5.610729e-19)
(4.6405014 0.087751082 5.2708264e-19)
(4.670807 0.087941165 -4.9574694e-19)
(4.7013833 0.088171446 4.6195767e-19)
(4.732232 0.088432518 -4.2838765e-19)
(4.7633548 0.088722474 3.0618374e-21)
(4.7947559 0.089039356 -3.5841386e-19)
(4.8264517 0.089376299 -3.2249842e-19)
(4.8584462 0.089724678 2.873719e-19)
(4.8907986 0.090076223 -2.4857542e-19)
(4.9233943 0.09044235 2.1096029e-19)
(4.9566383 0.090805963 -1.740549e-19)
(4.9893017 0.091248755 1.3459035e-19)
(5.0252145 0.09154177 0)
(5.0522274 0.092178986 0)
(5.1053016 0.09180856 2.3491857e-20)
(4.2085222 0.15530424 -2.1896746e-22)
(4.2600906 0.13427182 -2.0071314e-22)
(4.3008486 0.11747958 4.278022e-22)
(4.3358355 0.10576649 0)
(4.3684841 0.09704271 0)
(4.3993585 0.090754432 7.4319731e-22)
(4.4289234 0.086757687 7.4747634e-19)
(4.4580219 0.084367516 1.3742244e-21)
(4.4871265 0.082928546 -5.9633644e-23)
(4.5163346 0.082100431 -1.3147294e-21)
(4.5456887 0.081688415 0)
(4.5752503 0.081540995 -1.129668e-21)
(4.6050567 0.08155397 1.1286293e-21)
(4.6351198 0.081665655 0)
(4.6654459 0.081838459 0)
(4.6960415 0.082050143 0)
(4.7269102 0.08229105 0)
(4.758055 0.082559156 0)
(4.7894798 0.082853449 0)
(4.8212007 0.083168885 -1.1862681e-21)
(4.8532216 0.083497886 1.1849571e-21)
(4.8856035 0.083831205 -8.9869155e-22)
(4.9182313 0.084175204 8.9768744e-22)
(4.9515165 0.084513126 -6.0186741e-22)
(4.9842127 0.084908819 1.4999025e-22)
(5.0201839 0.085182381 7.4510697e-22)
(5.0471832 0.085692645 5.4046647e-20)
(5.1003095 0.085449817 0)
(4.2002581 0.14317578 0)
(4.2517407 0.12458421 0)
(4.2933327 0.10922023 0)
(4.3291073 0.098330838 0)
(4.3622957 0.090244135 0)
(4.3936396 0.084355025 7.7867682e-19)
(4.4235983 0.080545239 -7.4823806e-19)
(4.4529614 0.078248086 6.5897317e-22)
(4.4822311 0.076861529 -1.3775941e-21)
(4.5115506 0.076055872 6.590657e-19)
(4.5409818 0.075647953 -1.1945196e-21)
(4.5705952 0.075495755 1.1935261e-21)
(4.6004369 0.075498515 5.6272871e-19)
(4.6305257 0.075596068 0)
(4.660872 0.075752317 0)
(4.6914849 0.075945596 0)
(4.7223701 0.076165972 4.2625493e-19)
(4.7535318 0.076411378 1.6024042e-21)
(4.7849736 0.076681823 0)
(4.8167112 0.076974061 3.2078639e-19)
(4.848748 0.077281507 1.1862017e-21)
(4.8811463 0.07759413 0)
(4.9137905 0.077913927 0)
(4.9470971 0.078224747 1.735159e-19)
(4.9798069 0.078576459 -4.5144776e-22)
(5.0158066 0.078829091 4.5097724e-22)
(5.0427838 0.079241586 -6.9133565e-23)
(5.095915 0.079091342 0)
(4.1930311 0.1311911 0)
(4.244384 0.11480429 -4.5185604e-19)
(4.2866641 0.10085113 4.3580981e-19)
(4.3231495 0.090797682 -1.2239906e-21)
(4.3568379 0.083347237 4.0755967e-19)
(4.3886089 0.077879787 -3.9085789e-19)
(4.4189315 0.074286611 0)
(4.4485466 0.072102717 3.6114028e-19)
(4.4779757 0.070782349 0)
(4.5074032 0.070009328 -3.2997162e-19)
(4.5369102 0.069611815 3.1301286e-19)
(4.5665756 0.069458207 1.1953007e-21)
(4.5964534 0.069452543 -2.806902e-19)
(4.6265689 0.069536891 -1.0676397e-21)
(4.6569363 0.069676905 2.4746638e-19)
(4.6875672 0.069851653 2.3408058e-19)
(4.7184694 0.070051215 -2.1757283e-19)
(4.749648 0.070273702 1.3542495e-22)
(4.7811068 0.070520037 1.8052705e-19)
(4.8128605 0.070788418 -3.2236455e-19)
(4.8449122 0.071073047 1.4193502e-19)
(4.8773246 0.071363397 1.2558942e-19)
(4.9099818 0.071658221 7.5288579e-22)
(4.9433044 0.071942341 -8.7640323e-20)
(4.9760236 0.072254856 -4.5170432e-22)
(5.0120416 0.072487211 4.8939098e-20)
(5.0390003 0.072825315 -2.7524174e-20)
(5.092122 0.072740062 1.1890209e-20)
(4.18672 0.11933956 0)
(4.2379182 0.10495196 9.1128605e-19)
(4.2807624 0.092381946 -8.7622603e-19)
(4.3178818 0.083177117 -4.2163393e-22)
(4.352029 0.076363635 -4.0629458e-19)
(4.3841856 0.071335641 -3.9271036e-19)
(4.4148404 0.067985113 0)
(4.4446912 0.065932856 -3.6174359e-19)
(4.474271 0.064690585 0)
(4.5038004 0.063958715 -3.3057518e-19)
(4.5333795 0.063576937 -6.3051312e-19)
(4.5630948 0.063424721 2.3315107e-21)
(4.5930075 0.063411995 -2.8324988e-19)
(4.6231488 0.063483731 -2.6551193e-19)
(4.6535368 0.063607568 -2.4777333e-19)
(4.6841855 0.063763729 -4.6254297e-19)
(4.7151044 0.063942671 -2.1617624e-19)
(4.7462997 0.064142724 -1.9693863e-19)
(4.7777752 0.064365458 -1.7926523e-19)
(4.8095452 0.064610026 -1.1897846e-21)
(4.8416116 0.064871209 -1.4299682e-19)
(4.8740376 0.065138364 -1.2273378e-19)
(4.9067069 0.065408133 -8.9999293e-22)
(4.9400435 0.065666544 -1.7380001e-19)
(4.9727716 0.065944423 0)
(5.0088037 0.066157149 -4.824197e-20)
(5.0357494 0.06643803 -2.7198394e-20)
(5.0888579 0.066395477 -2.3808009e-20)
(4.1812256 0.10760975 2.2911696e-22)
(4.2322584 0.09504498 1.5922822e-21)
(4.2755628 0.083824119 4.4080371e-19)
(4.313242 0.075479253 -4.2403812e-22)
(4.3478064 0.069304472 0)
(4.3803089 0.064729591 0)
(4.4112637 0.061643917 0)
(4.4413321 0.05973962 0)
(4.4710521 0.05858563 0)
(4.500676 0.057902075 0)
(4.5303222 0.057540646 -1.2265768e-21)
(4.5600842 0.057392248 1.1985484e-21)
(4.5900295 0.057373692 -2.8138376e-19)
(4.620195 0.057433414 2.6475763e-19)
(4.6506023 0.057541422 0)
(4.6812675 0.057679412 2.319287e-19)
(4.712202 0.057838438 1.6093739e-21)
(4.743413 0.058017047 1.9554618e-19)
(4.7749045 0.058217108 0)
(4.80669 0.058438268 -1.1907919e-21)
(4.8387704 0.058675725 2.2367457e-21)
(4.8712092 0.058919094 -1.0461234e-21)
(4.9038898 0.059163834 0)
(4.9372389 0.059397239 8.696985e-20)
(4.9699755 0.059643863 0)
(5.0060191 0.059836713 0)
(5.0329562 0.060072469 0)
(5.0860503 0.06005493 1.1917027e-20)
(4.1764668 0.095990198 0)
(4.2273337 0.085098469 -4.6295764e-19)
(4.2710113 0.075189399 4.4524326e-19)
(4.3091795 0.067713356 -4.2634573e-22)
(4.3441194 0.062179405 7.8587422e-22)
(4.3769297 0.05806779 -7.8726385e-22)
(4.4081526 0.055265417 0)
(4.438419 0.053523467 3.6337255e-19)
(4.4682678 0.052466605 0)
(4.4979783 0.051837602 0)
(4.5276859 0.051500735 3.1430042e-19)
(4.5574908 0.051358605 2.3373902e-21)
(4.587466 0.051335648 2.8164475e-19)
(4.6176537 0.051384317 0)
(4.6480786 0.051477291 -9.4072601e-22)
(4.678759 0.051597929 9.3960428e-22)
(4.7097077 0.051738055 0)
(4.7409331 0.051896344 -1.4730098e-21)
(4.7724392 0.052074634 1.4712366e-21)
(4.804239 0.05227274 -1.1917382e-21)
(4.8363324 0.05248622 1.1903e-21)
(4.8687828 0.052705297 9.0235685e-22)
(4.9014736 0.052924896 1.0513201e-19)
(4.9348338 0.053133452 0)
(4.9675784 0.053350955 0)
(5.0036311 0.053522956 0)
(5.0305626 0.053722318 0)
(5.0836418 0.053716397 -1.192745e-20)
(4.172377 0.084469383 2.335067e-22)
(4.2230849 0.075124455 2.1138706e-22)
(4.2670633 0.066488943 -4.4758748e-19)
(4.3056535 0.059887849 -4.2996757e-19)
(4.3409267 0.05499687 -4.1250609e-19)
(4.3740082 0.051355833 1.5471036e-21)
(4.4054677 0.048851904 -3.8071784e-19)
(4.4359118 0.047284929 -3.6392487e-19)
(4.465877 0.046333022 3.4812992e-19)
(4.4956654 0.045764125 -3.3209372e-19)
(4.5254285 0.045455924 -1.2027535e-21)
(4.5552722 0.04532268 3.007965e-19)
(4.5852745 0.045297013 0)
(4.6154822 0.04533593 -2.6638386e-19)
(4.6459231 0.045414979 2.4947971e-19)
(4.6766171 0.045519298 0)
(4.7075787 0.04564155 -2.1342303e-19)
(4.738817 0.045780412 -1.6103714e-21)
(4.7703363 0.04593755 0)
(4.802149 0.046112753 -1.6288764e-19)
(4.8342541 0.046301996 1.4228226e-22)
(4.8667148 0.046496251 1.0476037e-21)
(4.8994145 0.046690431 -2.1222684e-19)
(4.9327843 0.046873921 0)
(4.965536 0.047063675 -6.797912e-20)
(5.0015962 0.0472136 4.5205008e-22)
(5.0285238 0.047383335 2.7180375e-20)
(5.081588 0.047379097 2.0855955e-24)
(4.1689018 0.073035292 2.3556004e-22)
(4.2194629 0.065131597 2.1296461e-22)
(4.2636815 0.05773241 -2.0257094e-23)
(4.3026307 0.052009875 -1.8025204e-21)
(4.3381951 0.047764046 4.1444575e-19)
(4.3715122 0.044598949 -7.5943823e-22)
(4.4031773 0.042405944 5.6582051e-22)
(4.4337779 0.04102509 0)
(4.4638465 0.040185245 -6.9724569e-19)
(4.493704 0.039681647 3.3376196e-19)
(4.5235161 0.039406079 -2.4706729e-21)
(4.5533944 0.039284422 -2.9985444e-19)
(4.5834209 0.039257908 1.1385345e-21)
(4.6136464 0.039288469 2.6564193e-19)
(4.6441013 0.039354759 -2.4871527e-19)
(4.6748075 0.039443721 -2.3257515e-19)
(4.7057805 0.039548851 2.152353e-19)
(4.7370303 0.039668807 -1.9764548e-19)
(4.7685613 0.039805002 1.7984485e-19)
(4.8003853 0.039957171 1.6183583e-19)
(4.8325006 0.04012182 -1.4353522e-19)
(4.8649704 0.040290714 0)
(4.8976778 0.040459182 1.061881e-19)
(4.9310557 0.040617349 0)
(4.9638136 0.040780455 6.7127104e-20)
(4.9998799 0.040907182 -4.7841846e-20)
(5.0268047 0.041052994 -2.7201153e-20)
(5.0798535 0.041042748 2.3883414e-20)
(4.1659969 0.061675936 2.3752748e-22)
(4.2164273 0.055126178 -2.3772484e-22)
(4.2608353 0.048928669 0)
(4.3000842 0.044086376 2.1624842e-19)
(4.3358978 0.040487886 0)
(4.3694157 0.037802796 -7.6144089e-22)
(4.4012559 0.035930786 3.8147771e-19)
(4.4319915 0.034745671 7.2909006e-22)
(4.46215 0.034024175 1.7318792e-19)
(4.4920672 0.033590518 2.600846e-21)
(4.5219219 0.033351302 -1.6080311e-19)
(4.5518302 0.033243965 2.3451566e-21)
(4.5818777 0.033218498 -1.1396646e-21)
(4.6121187 0.033242139 -1.3445657e-19)
(4.642586 0.033296699 1.9521102e-21)
(4.6733027 0.033371033 1.1370378e-19)
(4.7042855 0.033459542 1.344815e-22)
(4.7355453 0.033560863 1.9795154e-19)
(4.7670864 0.033676141 -1.7852111e-19)
(4.7989202 0.033805123 8.0962966e-20)
(4.8310443 0.033944813 7.1835959e-20)
(4.8635217 0.034087956 0)
(4.8962356 0.034230591 0)
(4.9296203 0.034363391 0)
(4.9623832 0.034501001 -4.5295685e-22)
(4.9984544 0.034603643 2.4330505e-20)
(5.0253768 0.03473073 1.3887829e-20)
(5.0784099 0.034707946 -1.1948385e-20)
(4.1636267 0.05037829 -2.5139785e-19)
(4.2139452 0.045111701 -2.3863088e-19)
(4.2584999 0.040085285 -8.8982289e-22)
(4.2979928 0.036124069 4.3629473e-19)
(4.3340135 0.033175574 -8.3162959e-22)
(4.3676981 0.030974113 -1.9885862e-19)
(4.3996837 0.029431539 1.9042518e-19)
(4.4305322 0.02845042 -1.3981262e-21)
(4.4607665 0.027852608 1.761907e-19)
(4.4907342 0.027492689 1.2708885e-21)
(4.5206246 0.027292897 -2.4832437e-21)
(4.5505583 0.027202052 6.3129857e-23)
(4.5806235 0.027179099 1.1407372e-21)
(4.6108776 0.027196791 1.3255598e-19)
(4.6413553 0.027240233 1.2702726e-19)
(4.6720809 0.027300257 1.1729615e-19)
(4.703072 0.027372258 1.0764748e-19)
(4.73434 0.027454935 -1.6141738e-21)
(4.7658895 0.027549165 0)
(4.7977313 0.027654653 -8.855451e-24)
(4.8298626 0.027768972 7.1869159e-20)
(4.8623462 0.02788596 0)
(4.8950651 0.028002681 5.2387318e-20)
(4.9284552 0.028110075 1.3602604e-21)
(4.9612215 0.028223306 3.2752287e-20)
(4.9972967 0.028300903 2.4624956e-20)
(5.0242164 0.028414196 -2.7196611e-20)
(5.0772326 0.028372505 0)
(4.1617638 0.039131501 2.5351879e-19)
(4.211991 0.035091652 2.3986992e-19)
(4.2566562 0.03120937 0)
(4.2963404 0.028128138 -2.1747288e-19)
(4.3325268 0.025831482 -1.6335276e-21)
(4.3663444 0.024116389 2.0081674e-19)
(4.3984457 0.022910103 -1.9222724e-19)
(4.4293851 0.022140174 2.1317645e-21)
(4.4596806 0.021670973 -1.3985953e-21)
(4.4896889 0.02138844 1.272316e-21)
(4.5196081 0.021231069 1.573854e-19)
(4.5495622 0.021159008 1.1432472e-21)
(4.5796416 0.021140221 -2.2196069e-21)
(4.609906 0.02115325 -1.3259984e-19)
(4.640392 0.021186475 -1.2612205e-19)
(4.6711246 0.021232839 -1.1562709e-19)
(4.702122 0.021288749 -1.0786674e-19)
(4.7333963 0.021353109 0)
(4.7649521 0.02142651 -9.0112733e-20)
(4.7967999 0.021508613 -8.1076133e-20)
(4.8289364 0.021597599 -7.0851684e-20)
(4.8614243 0.0216885 6.1561733e-20)
(4.8941464 0.021779552 -1.0635203e-19)
(4.92754 0.021861921 0)
(4.9603077 0.021952124 -3.3831896e-20)
(4.9963856 0.022004084 -2.417337e-20)
(5.0233011 0.022109133 1.3602833e-20)
(5.0762987 0.022041936 0)
(4.1603889 0.027924397 -1.2739092e-19)
(4.2105469 0.025071619 1.2064151e-19)
(4.2552908 0.022314573 0)
(4.2951164 0.020113314 1.096278e-19)
(4.3314269 0.018470204 1.0480642e-19)
(4.3653441 0.017242873 -7.6687543e-22)
(4.3975317 0.016376737 9.6708834e-20)
(4.4285391 0.015821803 9.3154208e-20)
(4.4588806 0.015483182 8.6227671e-20)
(4.4889192 0.015279089 1.2736666e-21)
(4.5188596 0.015164844 7.6925794e-20)
(4.5488286 0.015111942 7.5334247e-20)
(4.5789182 0.01509734 1.1427156e-21)
(4.6091898 0.015105632 1.996633e-19)
(4.6396812 0.015128365 6.4591302e-20)
(4.6704183 0.015160646 1.1571524e-19)
(4.7014198 0.015199862 5.2350178e-20)
(4.7326979 0.015245248 1.3675678e-22)
(4.7642572 0.015297105 9.1654122e-20)
(4.7961083 0.015355145 0)
(4.8282473 0.015418083 1.0792436e-19)
(4.8607369 0.015482168 -6.2653266e-20)
(4.8934595 0.015546867 7.9049542e-20)
(4.926854 0.015603611 -2.1062511e-20)
(4.9596201 0.015671017 0)
(4.9956986 0.015694928 3.5983929e-20)
(5.0226074 0.015798934 7.0925943e-21)
(5.0755817 0.015694928 0)
(4.1594944 0.016732746 6.4444355e-20)
(4.209605 0.015032942 -1.820663e-19)
(4.2543973 0.013385848 -9.0273424e-22)
(4.2943139 0.012066619 -1.1036962e-19)
(4.3307052 0.011082466 -1.0422067e-19)
(4.3646868 0.010348722 -7.6847716e-22)
(4.3969301 0.0098306594 -9.5321258e-20)
(4.4279815 0.0094984077 -9.1867685e-20)
(4.4583525 0.0092960382 -8.9063159e-20)
(4.4884104 0.0091746675 2.61243e-21)
(4.5183641 0.0091071645 -8.0751147e-20)
(4.548342 0.0090764683 -7.4188936e-20)
(4.5784373 0.009068704 -2.2232241e-21)
(4.6087125 0.0090746913 -6.5864494e-20)
(4.6392061 0.0090892753 -6.3627298e-20)
(4.6699446 0.0091096929 -8.1192495e-22)
(4.7009467 0.0091343072 -5.3871661e-20)
(4.7322251 0.0091627959 1.6174509e-21)
(4.7637843 0.009195232 0)
(4.7956348 0.0092313908 0)
(4.8277725 0.0092705755 -3.5995575e-20)
(4.8602602 0.0093100085 9.0604172e-22)
(4.8929797 0.0093509713 -2.7521123e-20)
(4.9263713 0.0093835799 2.243742e-20)
(4.9591309 0.0094333453 7.4042078e-21)
(4.9952074 0.0094247629 -1.1645014e-20)
(5.0221037 0.0095437042 -6.8014364e-21)
(5.0750503 0.0093944141 0)
(4.1590618 0.0055682141 5.9437678e-20)
(4.2091402 0.0049999646 5.5726162e-20)
(4.2539489 0.0044490427 0)
(4.2939053 0.0040071748 -7.7257796e-22)
(4.3303336 0.0036777344 3.2554431e-23)
(4.3643456 0.0034323799 3.0873163e-23)
(4.3966161 0.0032587992 7.0303187e-22)
(4.4276898 0.0031467428 0)
(4.4580766 0.0030776567 0)
(4.4881448 0.0030352999 1.1664618e-21)
(4.5181051 0.0030105934 -5.7487822e-23)
(4.5480865 0.002997904 -2.1516291e-21)
(4.5781826 0.002992612 1.0449659e-21)
(4.6084566 0.0029917418 -9.2550253e-22)
(4.6389475 0.0029935562 1.7877841e-21)
(4.669682 0.0029972011 -8.6239714e-22)
(4.7006794 0.0030020971 0)
(4.7319525 0.0030081877 0)
(4.7635064 0.0030154631 0)
(4.7953517 0.0030238328 -1.0906589e-21)
(4.827484 0.0030331251 1.0887443e-21)
(4.8599656 0.0030421719 0)
(4.892677 0.0030522614 -6.8897497e-22)
(4.9260602 0.0030575882 6.8776496e-22)
(4.9588043 0.0030742499 -8.1055516e-21)
(4.9948737 0.0030547609 4.1160418e-22)
(5.0217505 0.0031180169 0)
(5.0746468 0.0030259215 0)
)
;

boundaryField
{
    inlet
    {
        type            fixedValue;
        value           uniform (3.4 0 0);
    }
    outlet
    {
        type            inletOutlet;
        inletValue      uniform (0 0 0);
        value           nonuniform List<vector> 
27
(
(0.90171224 0.025447566 -5.6683053e-22)
(2.2878302 0.06674912 -7.9010081e-20)
(3.3101464 0.093798883 -5.984308e-20)
(4.0306991 0.11099309 2.5086215e-20)
(4.5104783 0.12050448 4.7467327e-20)
(4.8081717 0.12419747 -2.2668655e-20)
(4.9778252 0.12379443 0)
(5.0646363 0.12071759 0)
(5.1025695 0.11602763 0)
(5.1146368 0.11044015 -2.3142353e-20)
(5.1148107 0.1043963 2.3144721e-20)
(5.1105598 0.09814361 -2.3464386e-20)
(5.1053016 0.09180856 2.3491857e-20)
(5.1003095 0.085449817 0)
(5.095915 0.079091342 0)
(5.092122 0.072740062 1.1890209e-20)
(5.0888579 0.066395477 -2.3808009e-20)
(5.0860503 0.06005493 1.1917027e-20)
(5.0836418 0.053716397 -1.192745e-20)
(5.081588 0.047379097 2.0855955e-24)
(5.0798535 0.041042748 2.3883414e-20)
(5.0784099 0.034707946 -1.1948385e-20)
(5.0772326 0.028372505 0)
(5.0762987 0.022041936 0)
(5.0755817 0.015694928 0)
(5.0750503 0.0093944141 0)
(5.0746468 0.0030259215 0)
)
;
    }
    hydrofoilFlap
    {
        type            noSlip;
    }
    farfield
    {
        type            slip;
    }
    frontAndBack
    {
        type            empty;
    }
}


// ************************************************************************* //
