/*--------------------------------*- C++ -*----------------------------------*\
| =========                 |                                                 |
| \\      /  F ield         | OpenFOAM: The Open Source CFD Toolbox           |
|  \\    /   O peration     | Version:  2512                                  |
|   \\  /    A nd           | Website:  www.openfoam.com                      |
|    \\/     M anipulation  |                                                 |
\*---------------------------------------------------------------------------*/
FoamFile
{
    version     2.0;
    format      ascii;
    arch        "LSB;label=32;scalar=64";
    class       volScalarField;
    location    "72";
    object      p;
}
// * * * * * * * * * * * * * * * * * * * * * * * * * * * * * * * * * * * * * //

dimensions      [0 2 -2 0 0 0 0];

internalField   nonuniform List<scalar> 
2052
(
7.987514
7.4095675
7.118348
6.9746975
6.8591799
6.7816476
6.7467904
6.7348593
6.727665
6.7176067
6.7035019
6.6859779
6.6669904
6.6452388
7.7889653
7.3794688
7.1234369
6.9831694
6.8693026
6.7906637
6.7533799
6.7392888
6.7305557
6.7194865
6.7047635
6.6868818
6.6676724
6.6456489
7.669777
7.3834921
7.1402883
6.9983262
6.8902841
6.8117692
6.7691358
6.7490885
6.7359524
6.7221876
6.7060394
6.6875136
6.6679488
6.6458321
7.5858732
7.3729669
7.1455303
7.0058977
6.9052482
6.8290962
6.7832312
6.7587148
6.7419918
6.7257828
6.7081115
6.6887026
6.6684935
6.646332
7.5147542
7.35024
7.1459597
7.0117541
6.9169664
6.8431881
6.7952015
6.7672534
6.7476089
6.7292775
6.7101778
6.6898818
6.6690062
6.6467316
7.4545031
7.3261993
7.1461707
7.0174702
6.9267577
6.855222
6.8057945
6.7749531
6.7527389
6.7325255
6.7121382
6.6910242
6.669515
6.6469604
7.4035548
7.302254
7.144366
7.0216592
6.9345308
6.8654435
6.8152431
6.7820096
6.7575391
6.7356452
6.7140735
6.6921709
6.6700348
6.6470913
7.3600926
7.2787874
7.1406
7.0246915
6.9409756
6.8742938
6.8237655
6.7885619
6.7620973
6.738677
6.7159945
6.6933192
6.670565
6.6471987
7.3227014
7.2564046
7.1355403
7.0268709
6.9463617
6.8818943
6.8313664
6.7945858
6.7663791
6.741583
6.7178729
6.6944566
6.6711077
6.6473159
7.290321
7.2354537
7.129587
7.028225
6.9507939
6.8883751
6.8381105
6.8001064
6.7703899
6.7443563
6.7197005
6.6955794
6.6716624
6.6474505
7.2621295
7.2160743
7.1230548
7.0288398
6.954429
6.8939114
6.8440868
6.8051532
6.7741331
6.746987
6.721463
6.696677
6.6722215
6.6476019
7.2374798
7.1983016
7.1162219
7.0288327
6.9573948
6.8986383
6.8493616
6.8097435
6.7776087
6.7494668
6.7231497
6.6977417
6.6727798
6.6477699
7.2158591
7.1821112
7.1093133
7.0283153
6.9597877
6.9026667
6.8540001
6.8139003
6.7808219
6.7517923
6.724753
6.6987673
6.6733317
6.6479522
7.1968574
7.1674441
7.1025032
7.0273946
6.9616908
6.9060946
6.8580667
6.8176481
6.7837783
6.7539602
6.726266
6.6997471
6.6738714
6.6481454
7.1801442
7.1542241
7.0959245
7.0261719
6.963178
6.909006
6.8616202
6.8210103
6.7864832
6.755969
6.7276832
6.7006756
6.6743937
6.6483455
7.165451
7.1423687
7.0896767
7.0247401
6.9643146
6.9114718
6.864714
6.8240104
6.7889431
6.7578178
6.7290005
6.701548
6.6748936
6.6485485
7.1525583
7.1317959
7.0838324
7.0231821
6.9651596
6.9135529
6.8673962
6.8266714
6.791165
6.7595068
6.7302144
6.7023598
6.6753669
6.6487505
7.141286
7.1224279
7.0784435
7.0215707
6.9657656
6.9153011
6.86971
6.8290154
6.7931557
6.7610365
6.7313225
6.7031075
6.6758094
6.6489475
7.1314855
7.1141933
7.0735463
7.0199686
6.9661801
6.9167611
6.8716931
6.831063
6.7949225
6.7624078
6.732323
6.7037879
6.6762177
6.6491355
7.1230346
7.1070283
7.0691652
7.0184289
6.9664453
6.9179708
6.8733786
6.8328334
6.7964724
6.7636219
6.7332144
6.7043985
6.6765884
6.6493113
7.1158326
7.1008769
7.0653162
7.0169962
6.9665983
6.9189629
6.8747949
6.8343438
6.7978119
6.7646802
6.7339957
6.7049369
6.6769186
6.6494717
7.109797
7.0956908
7.0620091
7.0157069
6.9666711
6.9197648
6.8759662
6.8356096
6.7989473
6.7655842
6.7346663
6.7054015
6.6772059
6.6496141
7.1048613
7.0914296
7.0592496
7.0145908
6.9666909
6.9203992
6.8769125
6.8366439
6.7998843
6.766335
6.7352256
6.7057908
6.6774485
6.6497362
7.1009725
7.08806
7.0570402
7.0136716
6.966681
6.9208857
6.8776507
6.8374581
6.8006277
6.766934
6.7356733
6.7061033
6.6776443
6.6498361
7.0980902
7.0855566
7.0553802
7.0129648
6.9666574
6.9212377
6.8781933
6.838061
6.8011821
6.7673827
6.7360095
6.7063387
6.6777925
6.6499125
7.0961842
7.0839078
7.0542764
7.0124871
6.9666352
6.9214663
6.8785486
6.8384577
6.8015487
6.7676805
6.7362331
6.7064956
6.6778916
6.6499639
7.0952138
7.0830852
7.053723
7.0122467
6.9666256
6.9215833
6.8787281
6.8386571
6.8017327
6.76783
6.7363451
6.706574
6.677941
6.6499895
6.6316417
6.601471
6.5691372
6.5388806
6.5094312
6.4805654
6.4527182
6.4260554
6.4006045
6.3764912
6.3540066
6.3335434
6.3158855
6.3014156
6.2931195
6.2869063
6.303307
6.2915811
6.6318793
6.6016041
6.5692829
6.5390682
6.5096621
6.4808052
6.4529447
6.4262615
6.4007847
6.3766386
6.3541146
6.3336041
6.3158905
6.3013464
6.2929865
6.2865452
6.3032213
6.2895853
6.6308358
6.6010044
6.5690963
6.5391066
6.5098516
6.4810463
6.4531584
6.4264057
6.4008267
6.3765406
6.3538286
6.3330694
6.3150115
6.3000243
6.2909519
6.2836986
6.2988035
6.2813784
6.6290367
6.6001901
6.5688651
6.5390497
6.5099364
6.481198
6.4532675
6.42639
6.4006126
6.3760394
6.3529241
6.3316076
6.3127611
6.2967067
6.2859285
6.2767125
6.2869195
6.2651627
6.6271593
6.5993822
6.5686732
6.5389895
6.5100063
6.4813455
6.4533622
6.4263174
6.4002661
6.3752885
6.3515942
6.3294614
6.3094478
6.291765
6.2784327
6.2660526
6.2686999
6.2426467
6.6256557
6.5986365
6.5684956
6.5389329
6.5100516
6.4814549
6.4534098
6.4261801
6.3998241
6.3743903
6.3500323
6.3269495
6.3055607
6.2859288
6.2695452
6.2532507
6.2470276
6.2162729
6.6245583
6.5979409
6.5683055
6.5388745
6.5100667
6.4815155
6.4534066
6.4259914
6.3993256
6.3734244
6.3483804
6.3243088
6.3014787
6.2797937
6.2601971
6.2397318
6.2245454
6.1883714
6.6237671
6.5973048
6.5681039
6.5388136
6.5100557
6.4815325
6.4533583
6.425759
6.3987841
6.3724163
6.3466877
6.3216292
6.297359
6.2736249
6.2508443
6.2262255
6.2026887
6.1605244
6.6231909
6.596743
6.5678976
6.5387483
6.5100247
6.4815136
6.4532709
6.4254881
6.3982046
6.3713734
6.3449675
6.3189345
6.2932454
6.2674978
6.2416323
6.2129714
6.181924
6.1335451
6.6227691
6.5962603
6.5676924
6.5386781
6.5099793
6.4814664
6.4531509
6.4251848
6.3975945
6.3703048
6.3432313
6.3162394
6.2891586
6.2614417
6.2326108
6.2000505
6.1623159
6.1078165
6.6224629
6.5958535
6.5674933
6.5386034
6.5099234
6.4813966
6.4530035
6.4248553
6.3969621
6.3692217
6.3414939
6.3135628
6.2851234
6.2554896
6.2238247
6.1875327
6.14385
6.0835364
6.6222456
6.5955153
6.5673047
6.5385252
6.5098596
6.4813088
6.4528335
6.4245059
6.3963167
6.3681367
6.3397713
6.3109252
6.2811674
6.2496804
6.2153247
6.1754938
6.1265181
6.0608124
6.6220967
6.5952374
6.5671298
6.5384448
6.5097897
6.4812069
6.4526462
6.4241436
6.3956676
6.3670617
6.3380783
6.3083463
6.2773178
6.2440532
6.2071607
6.1640055
6.1103188
6.0396949
6.6220007
6.5950117
6.5669705
6.5383634
6.5097148
6.4810944
6.4524469
6.4237753
6.3950237
6.3660074
6.3364287
6.3058443
6.2736008
6.2386457
6.1993787
6.1531282
6.0952502
6.0201947
6.6219455
6.5948305
6.5668275
6.5382821
6.5096365
6.4809753
6.4522411
6.4234077
6.3943928
6.3649833
6.3348347
6.3034374
6.2700421
6.2334934
6.1920201
6.142911
6.0813076
6.0022961
6.6219216
6.5946867
6.5667005
6.5382021
6.5095565
6.4808532
6.452034
6.4230464
6.3937815
6.3639982
6.3333089
6.3011434
6.2666662
6.228629
6.1851202
6.1333921
6.0684833
5.9859678
6.6219211
6.5945736
6.5665888
6.5381247
6.5094767
6.4807315
6.45183
6.4226965
6.3931959
6.3630606
6.3318636
6.2989797
6.2634965
6.2240815
6.1787095
6.1246007
6.0567683
5.9711707
6.6219375
6.5944857
6.5664915
6.5380512
6.509399
6.480613
6.4516327
6.4223622
6.392642
6.362179
6.330511
6.2969627
6.2605535
6.2198761
6.1728129
6.1165591
6.0461533
5.9578647
6.6219652
6.5944182
6.5664078
6.537983
6.5093249
6.4804999
6.4514452
6.4220478
6.3921254
6.3613617
6.3292623
6.2951072
6.2578555
6.216034
6.1674514
6.1092849
6.0366293
5.9460108
6.6219998
6.5943672
6.5663367
6.5379209
6.5092556
6.4803941
6.4512705
6.4217573
6.3916519
6.3606163
6.3281276
6.293426
6.2554181
6.2125737
6.1626434
6.1027924
6.0281885
5.9355725
6.6220375
6.5943293
6.5662771
6.5378654
6.5091924
6.4802975
6.4511115
6.4214947
6.3912265
6.3599496
6.3271156
6.2919304
6.2532551
6.2095115
6.1584046
6.0970927
6.0208234
5.9265166
6.6220753
6.5943017
6.5662281
6.5378171
6.5091362
6.4802116
6.4509705
6.4212633
6.3908537
6.3593674
6.326234
6.2906299
6.2513785
6.2068614
6.1547483
6.0921948
6.0145265
5.9188126
6.6221105
6.5942821
6.5661887
6.5377763
6.5090878
6.4801378
6.4508498
6.421066
6.3905372
6.3588744
6.3254891
6.2895332
6.249799
6.2046355
6.1516858
6.0881053
6.0092909
5.9124342
6.622141
6.5942686
6.5661581
6.5377434
6.5090482
6.4800774
6.4507511
6.4209052
6.3902802
6.3584751
6.3248866
6.2886473
6.248525
6.2028433
6.1492257
6.0848291
6.0051104
5.9073593
6.6221654
6.5942597
6.5661356
6.5377184
6.509018
6.4800312
6.4506758
6.4207829
6.3900851
6.3581725
6.3244307
6.2879776
6.2475633
6.2014923
6.1473744
6.0823689
6.0019784
5.903568
6.6221823
6.5942544
6.5661211
6.5377018
6.5089976
6.4800001
6.4506252
6.4207007
6.3899542
6.3579697
6.3241255
6.2875298
6.2469206
6.2005904
6.14614
6.0807312
5.9998967
5.9010574
6.6221906
6.5942516
6.5661137
6.5376933
6.5089872
6.4799842
6.4505993
6.4206588
6.3898876
6.3578665
6.3239703
6.2873022
6.2465943
6.2001332
6.1455148
6.079904
5.9988434
5.8998032
6.3826106
6.372292
6.3468182
6.3204739
6.2877197
6.2452456
6.1940675
6.1382321
6.3935029
6.3604849
6.3270689
6.3034243
6.2720284
6.2285001
6.176387
6.1216001
6.3909218
6.3327105
6.2892051
6.2694925
6.2417208
6.1990354
6.1479182
6.095211
6.3603511
6.2960734
6.2476814
6.2272697
6.2004105
6.1584376
6.1084747
6.0569819
6.305611
6.2512423
6.2041514
6.1793543
6.1509574
6.1101829
6.0622429
6.0121008
6.2418955
6.2019928
6.1602618
6.1312891
6.1007138
6.0612837
6.0156125
5.966933
6.1826279
6.1529886
6.1169344
6.0856892
6.0533867
6.0150436
5.9714444
5.9244417
6.1328072
6.1073801
6.0753481
6.0436734
6.010548
5.9730467
5.9311756
5.8858853
6.0916364
6.0665315
6.0366575
6.0054581
5.9721747
5.9352991
5.8947591
5.8510091
6.0567429
6.030483
6.0014406
5.9708423
5.9377225
5.9013491
5.8618307
5.819384
6.0262316
5.9986459
5.9697242
5.9395392
5.9066767
5.8707384
5.8320207
5.7906464
5.9990028
5.9703416
5.9412518
5.9112705
5.8786475
5.8430929
5.8050229
5.7645344
5.9744743
5.945022
5.9156902
5.8857716
5.8533362
5.8181179
5.7805899
5.7408461
5.9523106
5.9222893
5.8927272
5.8627981
5.8305024
5.7955782
5.7585167
5.7194111
5.9322862
5.9018567
5.8721032
5.8421351
5.8099474
5.775283
5.7386304
5.7000784
5.9142338
5.8835129
5.8536123
5.8236021
5.7915048
5.7570725
5.7207808
5.6827114
5.8980244
5.8670989
5.8370924
5.8070488
5.7750328
5.740808
5.7048343
5.6671848
5.8835571
5.8524916
5.8224141
5.7923485
5.7604075
5.7263668
5.6906707
5.6533854
5.8707496
5.8395915
5.8094697
5.7793919
5.747519
5.7136396
5.6781839
5.6412133
5.8595323
5.8283153
5.7981678
5.7680846
5.7362725
5.7025325
5.6672837
5.6305841
5.8498445
5.8185913
5.78843
5.7583456
5.7265867
5.6929664
5.6578943
5.6214264
5.8416337
5.8103592
5.7801921
5.7501096
5.718397
5.6848782
5.6499553
5.6136827
5.8348544
5.8035671
5.7733988
5.7433201
5.7116473
5.6782131
5.6434138
5.6073023
5.8294747
5.7981813
5.7680148
5.7379406
5.7062993
5.6729319
5.6382304
5.6022465
5.8254496
5.7941582
5.7640002
5.7339322
5.7023157
5.6689991
5.634371
5.5984824
5.8227728
5.7914905
5.7613387
5.7312709
5.6996694
5.6663874
5.6318088
5.5959843
5.8214305
5.7901817
5.7600331
5.7299552
5.6983537
5.6650853
5.6305276
5.5947252
5.9973791
5.7903762
5.5656157
5.3182097
5.0525671
4.7724754
4.4547255
4.1437543
5.9824937
5.7748731
5.5502194
5.3030458
5.0377939
4.7580747
4.4424017
4.1347456
5.9595937
5.7554844
5.5336486
5.2892441
5.0269277
4.7504329
4.4413982
4.1423641
5.9281312
5.7297954
5.5120981
5.2721585
5.0147394
4.7436541
4.4445682
4.1557487
5.8917977
5.7005069
5.4881591
5.2542202
5.0033686
4.7394216
4.4522114
4.1737497
5.8544631
5.6703584
5.4639149
5.2366045
4.9930333
4.7369891
4.4621162
4.1938376
5.8183912
5.6410822
5.4406704
5.2200579
4.9839131
4.7359921
4.4730864
4.2152179
5.7846909
5.6135536
5.4190133
5.2048572
4.9759424
4.7360083
4.4842736
4.2368369
5.7535569
5.587943
5.3989941
5.1909678
4.9689624
4.7367229
4.4952399
4.2578608
5.7249339
5.564239
5.3805547
5.1783209
4.9628572
4.7379337
4.5057703
4.2777417
5.6986921
5.5423681
5.363603
5.1668258
4.9575157
4.7394765
4.5157356
4.29619
5.6747009
5.5222616
5.3480642
5.1564054
4.9528477
4.7412257
4.5250619
4.3130992
5.6528371
5.5038525
5.33387
5.1469841
4.9487686
4.7430771
4.5337033
4.3284613
5.6329828
5.4870712
5.320953
5.1384886
4.9452022
4.7449493
4.5416398
4.3423231
5.6150249
5.4718442
5.3092463
5.130849
4.9420815
4.746781
4.5488706
4.3547592
5.5988551
5.4580961
5.2986842
5.1240014
4.9393496
4.7485292
4.5554097
4.3658576
5.5843713
5.4457531
5.2892055
5.1178898
4.9369609
4.7501657
4.5612805
4.3757087
5.5714796
5.4347462
5.2807555
5.1124671
4.9348792
4.7516734
4.5665109
4.3843988
5.5600965
5.4250134
5.2732859
5.107693
4.9330757
4.7530418
4.5711289
4.3920061
5.5501497
5.4164998
5.2667544
5.1035337
4.9315267
4.7542642
4.575161
4.3985996
5.5415768
5.4091573
5.2611233
5.0999589
4.9302117
4.7553362
4.5786316
4.4042394
5.5343252
5.4029437
5.2563597
5.0969425
4.9291136
4.7562553
4.5815625
4.4089779
5.5283499
5.3978222
5.2524344
5.0944618
4.9282179
4.7570201
4.5839732
4.4128595
5.5236144
5.3937622
5.249323
5.0924988
4.9275141
4.7576312
4.5858813
4.4159218
5.5200899
5.3907385
5.247004
5.0910371
4.9269923
4.7580879
4.5873001
4.418194
5.5177573
5.3887392
5.2454675
5.0900695
4.9266487
4.7583915
4.5882384
4.4196947
5.516585
5.3877426
5.2447
5.0895875
4.9264822
4.7585501
4.5887143
4.4204538
3.5095609
3.5331428
3.5377367
3.4490413
3.3552955
3.2645248
3.1621364
3.0477272
2.9263119
2.8005217
2.6711627
2.5387183
2.4035922
2.2660158
2.1260815
1.9838126
1.8391992
1.6922133
1.542816
1.3909707
1.2366051
1.0797137
0.92004859
0.7580423
0.59220994
0.42637033
0.2507533
0.090250816
3.5345694
3.5399059
3.5424856
3.4519164
3.3558432
3.2641236
3.1614232
3.0467857
2.9252318
2.7993927
2.6700159
2.5375553
2.4024114
2.2648153
2.1248594
1.98257
1.8379404
1.690943
1.5415351
1.3896749
1.235288
1.0783726
0.91868322
0.75665968
0.59078994
0.42496134
0.24913207
0.089365495
3.6003405
3.5648078
3.5550186
3.4595704
3.358652
3.2646558
3.1612746
3.0463045
2.924557
2.7986474
2.6692444
2.5367583
2.4015855
2.2639579
2.1239678
1.9816465
1.836996
1.6899919
1.5405843
1.3887192
1.2343143
1.0773711
0.91765273
0.75560723
0.5896905
0.42388039
0.24763456
0.089656535
3.6777076
3.5956085
3.5692408
3.470491
3.3645861
3.2671409
3.1623266
3.046616
2.9243949
2.7982388
2.6687198
2.5361657
2.4009429
2.263271
2.1232356
1.9808719
1.8361936
1.6891833
1.5397848
1.387926
1.2335104
1.0765386
0.91678632
0.75470823
0.5887352
0.422928
0.24612285
0.090796287
3.7544245
3.6302023
3.5852535
3.483807
3.3728402
3.2709819
3.1641363
3.0474548
2.924621
2.7981205
2.6684321
2.5357818
2.4004898
2.2627581
2.1226634
1.9802438
1.8355259
1.6885028
1.5391134
1.3872664
1.2328465
1.0758479
0.91605672
0.75393558
0.58788728
0.42208045
0.24460009
0.092433785
3.8248455
3.6672199
3.602684
3.498049
3.3822783
3.2756652
3.1664719
3.0487053
2.9251781
2.7982539
2.6683423
2.5355649
2.4001843
2.2623804
2.1222185
1.979737
1.8349737
1.6879326
1.53855
1.386718
1.2323008
1.0752821
0.91545131
0.75327995
0.58713634
0.42133631
0.24310943
0.094280441
3.8861927
3.7042382
3.6204731
3.5120743
3.3921346
3.280877
3.1691601
3.0502215
2.9259513
2.7985505
2.6683786
2.5354543
2.3999743
2.262092
2.121861
1.979318
1.8345083
1.6874446
1.5380637
1.3862456
1.2318364
1.0748054
0.91493707
0.75271068
0.58645439
0.42066936
0.24169329
0.096089135
3.937994
3.7396588
3.6381631
3.5254793
3.4019784
3.2863638
3.1720371
3.0518755
2.926853
2.798955
2.6685009
2.5354163
2.399828
2.2618627
2.1215631
1.9789618
1.8341071
1.6870168
1.5376299
1.3858209
1.231422
1.0743856
0.91448268
0.75219823
0.58581777
0.42005594
0.24039461
0.097698738
3.981427
3.7728008
3.6555789
3.5381397
3.4115248
3.2919284
3.1749961
3.053593
2.9278315
2.7994317
2.6686806
2.5354241
2.3997206
2.2616697
2.1213042
1.9786506
1.8337535
1.6866325
1.5372307
1.3854236
1.2310343
1.073997
0.914062
0.75171856
0.58521089
0.4194812
0.23924443
0.099036677
4.018075
3.8033772
3.6725641
3.5500534
3.4206402
3.297468
3.1779941
3.0553415
2.9288575
2.7999585
2.6688996
2.5354619
2.3996379
2.2615008
2.1210739
1.9783736
1.8334365
1.6862804
1.5368547
1.3850411
1.2306582
1.0736216
0.9136569
0.75125686
0.58462898
0.41894228
0.23826015
0.10009811
4.0493135
3.8312998
3.6889799
3.561279
3.4292807
3.3029222
3.1810052
3.057101
2.9299107
2.80052
2.6691464
2.5355198
2.3995722
2.2613499
2.1208657
1.9781235
1.8331475
1.6859523
1.5364948
1.3846669
1.2302854
1.0732493
0.91325803
0.75080827
0.58407661
0.41844528
0.23744534
0.10091513
4.0761906
3.8566082
3.7047038
3.5718711
3.4374297
3.30824
3.1840057
3.0588571
2.9309764
2.8011047
2.6694124
2.5355916
2.3995191
2.2612136
2.1206755
1.9778942
1.8328799
1.685643
1.5361485
1.3842997
1.2299142
1.0728771
0.912864
0.75037589
0.58356333
0.41799898
0.23679021
0.10153098
4.099477
3.8794168
3.719627
3.5818609
3.4450806
3.3133771
3.1869713
3.0605962
2.9320402
2.8017006
2.6696894
2.5356718
2.3994753
2.2610891
2.1204996
1.977681
1.8326293
1.6853504
1.5358163
1.3839416
1.2295469
1.0725074
0.9124789
0.74996662
0.58309797
0.41760825
0.23627342
0.10198518
4.1197499
3.8998804
3.7336624
3.5912619
3.4522334
3.3182952
3.1898752
3.0623026
2.9330873
2.8022953
2.6699697
2.535756
2.3994379
2.2609739
2.1203349
1.9774809
1.8323939
1.6850749
1.535501
1.3835969
1.2291882
1.0721454
0.9121088
0.74958663
0.58268417
0.41727063
0.23586646
0.1023091
4.1374516
3.9181685
3.746746
3.6000742
3.4588893
3.32296
3.1926887
3.0639589
2.9341029
2.8028774
2.6702463
2.5358402
2.3994046
2.2608661
2.12018
1.9772929
1.8321743
1.6848187
1.535206
1.38327
1.2288436
1.0717968
0.91175869
0.74923837
0.58231896
0.41697721
0.23553962
0.1025281
4.1529277
3.9344487
3.7588344
3.6082882
3.4650483
3.3273411
3.1953824
3.0655476
2.9350736
2.8034369
2.6705135
2.5359217
2.3993737
2.260765
2.1200349
1.9771182
1.8319722
1.6845836
1.5349335
1.3829641
1.228517
1.0714657
0.9114309
0.74892021
0.58199481
0.41671663
0.23526768
0.10266469
4.1664514
3.9488772
3.7699002
3.615888
3.4707086
3.3314123
3.1979287
3.0670522
2.9359885
2.803966
2.6707674
2.5359992
2.3993455
2.2606717
2.1199013
1.9769585
1.8317886
1.6843703
1.5346844
1.3826807
1.228211
1.0711545
0.91112543
0.7486284
0.58170321
0.41647922
0.23503284
0.10273991
4.1782394
3.9615933
3.7799286
3.6228547
3.4758669
3.3351525
3.2003034
3.0684584
2.9368391
2.8044593
2.6710053
2.5360724
2.3993206
2.2605873
2.1197806
1.9768145
1.8316234
1.6841778
1.5344574
1.3824194
1.2279262
1.0708638
0.91084141
0.74835938
0.58143765
0.41625921
0.2348245
0.10277225
4.1884646
3.9727195
3.7889145
3.6291695
3.4805196
3.3385454
3.2024859
3.0697543
2.9376191
2.8049126
2.6712259
2.5361413
2.3992999
2.2605128
2.1196731
1.9766859
1.8314754
1.6840041
1.5342508
1.3821795
1.2276627
1.070594
0.91057824
0.74811117
0.58119448
0.41605439
0.23463668
0.10277644
4.1972652
3.9823615
3.7968605
3.6348158
3.4846636
3.3415794
3.20446
3.0709299
2.9383235
2.8053231
2.6714273
2.5362054
2.3992829
2.2604475
2.119578
1.9765712
1.8313424
1.6838471
1.5340628
1.38196
1.2274207
1.0703455
0.9103361
0.74788331
0.58097227
0.41586465
0.23446572
0.10276322
4.2047534
3.99061
3.8037744
3.63978
3.4882968
3.3442464
3.2062122
3.0719766
2.9389481
2.8056876
2.6716074
2.5362635
2.3992688
2.2603903
2.1194937
1.9764686
1.8312227
1.6837051
1.5338923
1.3817605
1.2272004
1.070119
0.91011547
0.74767601
0.58077042
0.4156905
0.2343085
0.10274042
4.2110197
3.9975423
3.8096676
3.6440518
3.4914168
3.3465407
3.2077316
3.0728867
2.9394888
2.8060028
2.6717635
2.5363134
2.3992557
2.2603395
2.1194185
1.9763767
1.831115
1.6835773
1.533739
1.3815814
1.2270024
1.0699154
0.909917
0.74748953
0.58058856
0.41553254
0.23416248
0.10271461
4.2161375
4.0032227
3.8145527
3.6476224
3.4940214
3.348458
3.2090097
3.0736538
2.9399421
2.806266
2.671893
2.536353
2.3992417
2.2602934
2.1193512
1.9762944
1.8310183
1.6834631
1.5336026
1.3814226
1.2268272
1.0697349
0.90974051
0.74732328
0.58042545
0.41539049
0.23402431
0.10269128
4.220165
4.007704
3.8184418
3.6504844
3.4961067
3.3499934
3.2100377
3.074271
2.9403043
2.8064742
2.6719935
2.5363807
2.3992258
2.2602513
2.1192913
1.9762216
1.8309332
1.683363
1.5334841
1.3812856
1.2266763
1.0695793
0.90958738
0.74717834
0.5802816
0.41526606
0.23389285
0.10267835
4.2231474
4.0110285
3.8213488
3.6526358
3.4976727
3.3511457
3.2108111
3.0747342
2.9405727
2.8066253
2.6720626
2.536394
2.3992055
2.2602104
2.1192363
1.9761557
1.8308569
1.6832743
1.5333805
1.3811671
1.2265464
1.0694448
0.90945346
0.74704979
0.58015154
0.41515383
0.23375965
0.10267739
4.2251118
4.0132177
3.8232736
3.6540659
3.4987118
3.3519092
3.2113242
3.0750408
2.9407482
2.8067215
2.6721036
2.5363973
2.3991858
2.2601767
2.1191927
1.9761043
1.8307978
1.6832062
1.5333019
1.3810779
1.226449
1.0693438
0.90935201
0.74695151
0.58005012
0.41507012
0.23363405
0.10271946
4.2261027
4.0143122
3.8242351
3.6547777
3.4992231
3.3522785
3.2115661
3.0751775
2.9408168
2.806748
2.6721002
2.5363725
2.399147
2.2601282
2.1191366
1.9760412
1.8307278
1.6831283
1.5332153
1.3809826
1.2263462
1.0692359
0.90923951
0.74683906
0.57992507
0.4149761
0.23343783
0.10276904
)
;

boundaryField
{
    inlet
    {
        type            zeroGradient;
    }
    outlet
    {
        type            fixedValue;
        value           uniform 0;
    }
    hydrofoilFlap
    {
        type            zeroGradient;
    }
    farfield
    {
        type            zeroGradient;
    }
    frontAndBack
    {
        type            empty;
    }
}


// ************************************************************************* //
