/*--------------------------------*- C++ -*----------------------------------*\
| =========                 |                                                 |
| \\      /  F ield         | OpenFOAM: The Open Source CFD Toolbox           |
|  \\    /   O peration     | Version:  2512                                  |
|   \\  /    A nd           | Website:  www.openfoam.com                      |
|    \\/     M anipulation  |                                                 |
\*---------------------------------------------------------------------------*/
FoamFile
{
    version     2.0;
    format      ascii;
    arch        "LSB;label=32;scalar=64";
    class       surfaceScalarField;
    location    "72";
    object      phi;
}
// * * * * * * * * * * * * * * * * * * * * * * * * * * * * * * * * * * * * * //

dimensions      [0 3 -1 0 0 0 0];

oriented        oriented;

internalField   nonuniform List<scalar> 
4001
(
0.00084355224
0.00016385516
0.00067079532
0.00017275693
0.00052869346
0.00014210186
0.00042173101
0.00010696245
0.00034882726
7.2903751e-05
0.00030347327
4.5353993e-05
0.00027681005
2.6663218e-05
0.00026116967
1.5640375e-05
0.00025125627
9.9134039e-06
0.00024390904
7.3472236e-06
0.0002374953
6.4137371e-06
0.00023131337
6.1819314e-06
0.00022510969
6.203682e-06
6.4971878e-06
0.0002186125
0.0010670694
0.00010419321
0.0010693752
0.00017045114
0.0010343255
0.00017715149
0.00097860861
0.00016267935
0.00091788203
0.00013363033
0.0008620565
0.00010117952
0.00081453954
7.4180172e-05
0.00077508093
5.5098986e-05
0.00074218995
4.2804391e-05
0.00071426389
3.5273276e-05
0.00068994926
3.0728372e-05
0.00066830781
2.7823375e-05
0.00064840694
2.6104556e-05
2.4426972e-05
0.00063047715
0.0010366133
7.4987271e-05
0.0010679848
0.00013907965
0.0010922541
0.00015288221
0.001103133
0.00015180045
0.0010997507
0.00013701267
0.0010863968
0.00011453336
0.0010678135
9.2763541e-05
0.0010472016
7.5710873e-05
0.0010262894
6.3716594e-05
0.0010058406
5.5722042e-05
0.00098608119
5.048779e-05
0.00096702987
4.6874687e-05
0.00094850322
4.463121e-05
4.208291e-05
0.00093084728
0.0010220179
6.0376811e-05
0.0010407558
0.00012034169
0.0010601244
0.00013351362
0.001078896
0.00013302888
0.0010931302
0.00012277843
0.0011015134
0.00010615016
0.0011048454
8.9431614e-05
0.0011044712
7.6084981e-05
0.0011015931
6.6594741e-05
0.0010970633
6.0251796e-05
0.0010913864
5.6164779e-05
0.001084833
5.3428067e-05
0.0010775553
5.1908881e-05
5.0080148e-05
0.0010695581
0.0010182067
4.9577535e-05
0.001032303
0.00010624535
0.0010448236
0.00012099302
0.0010570651
0.00012078738
0.0010677935
0.00011205005
0.0010762764
9.7667272e-05
0.0010827206
8.2987378e-05
0.001087555
7.1250621e-05
0.0010911848
6.2964943e-05
0.0010939221
5.7514473e-05
0.0010959487
5.4138158e-05
0.0010973227
5.2054075e-05
0.001098126
5.1105584e-05
5.0166909e-05
0.0010980392
0.001015841
4.1143901e-05
0.0010283605
9.3725924e-05
0.0010391856
0.00011016784
0.0010488659
0.00011110709
0.001056825
0.00010409095
0.0010628268
9.1665516e-05
0.0010674108
7.8403357e-05
0.0010711601
6.7501333e-05
0.0010744695
5.9655512e-05
0.0010775771
5.4406905e-05
0.0010805952
5.1120057e-05
0.0010835179
4.9131348e-05
0.0010863823
4.8241229e-05
4.767782e-05
0.0010888714
0.0010139958
3.4555535e-05
0.0010250843
8.2637385e-05
0.0010351402
0.00010011193
0.0010440628
0.00010218453
0.0010513704
9.6783307e-05
0.001056731
8.6304957e-05
0.0010605979
7.4536392e-05
0.0010635833
6.4515936e-05
0.0010661316
5.7107233e-05
0.0010685237
5.2014862e-05
0.0010709165
4.8727222e-05
0.0010733505
4.6697294e-05
0.0010758815
4.5710269e-05
4.522133e-05
0.001078338
0.0010126278
2.9335139e-05
0.0010223543
7.2910897e-05
0.001031624
9.0842228e-05
0.0010399293
9.3879259e-05
0.0010469169
8.9795626e-05
0.0010522014
8.1020482e-05
0.0010560607
7.0677122e-05
0.0010590106
6.1566e-05
0.0010614561
5.4661765e-05
0.0010636644
4.980655e-05
0.0010658001
4.6591485e-05
0.0010679296
4.456786e-05
0.0010701171
4.3522779e-05
4.304917e-05
0.0010722892
0.0010116118
2.5130751e-05
0.0010201261
6.4396552e-05
0.0010286451
8.2323277e-05
0.0010363598
8.6164514e-05
0.0010429953
8.31602e-05
0.0010481867
7.5829069e-05
0.0010520906
6.6773224e-05
0.0010551312
5.8525358e-05
0.0010576647
5.2128254e-05
0.0010599295
4.7541812e-05
0.001062078
4.4442897e-05
0.001064182
4.2463874e-05
0.001066303
4.1401772e-05
4.0940548e-05
0.0010684117
0.0010108462
2.1691924e-05
0.0010183054
5.693739e-05
0.0010261354
7.4493311e-05
0.0010333251
7.8974766e-05
0.0010396167
7.6868655e-05
0.0010446824
7.0763275e-05
0.0010485939
6.286172e-05
0.001051698
5.5421352e-05
0.0010543107
4.9515525e-05
0.0010566473
4.5205152e-05
0.0010588494
4.2240871e-05
0.0010609906
4.0322685e-05
0.0010631301
3.9262256e-05
3.8808042e-05
0.0010652626
0.0010102625
1.8836873e-05
0.0010168133
5.0386521e-05
0.0010240118
6.729487e-05
0.0010307361
7.2250411e-05
0.0010367116
7.0893154e-05
0.0010416469
6.5827977e-05
0.0010455511
5.8957517e-05
0.0010487008
5.2271641e-05
0.0010513756
4.6840779e-05
0.0010537711
4.280961e-05
0.0010560194
3.9992613e-05
0.0010581959
3.8146114e-05
0.0010603591
3.7099071e-05
3.6646846e-05
0.0010625203
0.0010098121
1.6432221e-05
0.0010155868
4.461181e-05
0.001022208
6.0673625e-05
0.0010285158
6.5942657e-05
0.0010342033
6.5205641e-05
0.0010390094
6.1021889e-05
0.0010428989
5.5067942e-05
0.0010460859
4.9084669e-05
0.0010488145
4.4112162e-05
0.0010512627
4.0361432e-05
0.0010535532
3.7702094e-05
0.0010557622
3.5937174e-05
0.0010579473
3.4913948e-05
3.4462641e-05
0.0010601315
0.0010094604
1.4379209e-05
0.0010145751
3.9497121e-05
0.0010206721
5.4576661e-05
0.0010266047
6.0010065e-05
0.0010320304
5.9779915e-05
0.0010367102
5.6342072e-05
0.0010405789
5.1199251e-05
0.001043796
4.5867524e-05
0.0010465723
4.1335892e-05
0.001049069
3.7864786e-05
0.0010514
3.5371081e-05
0.0010536406
3.3696511e-05
0.001055848
3.2706548e-05
3.2258153e-05
0.0010580525
0.0010091828
1.2603858e-05
0.001013738
3.4941862e-05
0.0010193621
4.8952592e-05
0.0010249558
5.4416354e-05
0.0010301442
5.4591557e-05
0.0010347023
5.1783929e-05
0.0010385449
4.7356596e-05
0.0010417857
4.2626782e-05
0.0010446037
3.8517906e-05
0.0010471445
3.5323938e-05
0.0010495139
3.300168e-05
0.0010517855
3.142498e-05
0.0010540154
3.0476632e-05
3.0034836e-05
0.0010562387
0.0010089612
1.1050022e-05
0.0010130434
3.0859738e-05
0.0010182439
4.3752046e-05
0.0010235314
4.9128904e-05
0.001028505
4.9617873e-05
0.0010329476
4.7341389e-05
0.0010367604
4.3543742e-05
0.0010400189
3.936829e-05
0.0010428731
3.5663767e-05
0.0010454538
3.2743254e-05
0.0010478589
3.0596494e-05
0.0010501599
2.9124004e-05
0.0010524119
2.8224601e-05
2.7793942e-05
0.0010546528
0.0010087829
9.6744989e-06
0.0010124656
2.7177071e-05
0.0010172896
3.892808e-05
0.0010223008
4.4117701e-05
0.0010270809
4.4837755e-05
0.001031415
4.3007307e-05
0.0010351956
3.9763101e-05
0.0010384668
3.60971e-05
0.001041352
3.277856e-05
0.0010439683
3.0126975e-05
0.0010464064
2.8158374e-05
0.001048735
2.6795383e-05
0.0010510083
2.5951367e-05
2.5536718e-05
0.0010532655
0.0010086383
8.443559e-06
0.0010119843
2.3831074e-05
0.0010164759
3.4436496e-05
0.001021239
3.9354661e-05
0.0010258452
4.023149e-05
0.0010300788
3.8773735e-05
0.0010338261
3.6015815e-05
0.0010371057
3.2817455e-05
0.0010400174
2.9866875e-05
0.0010426652
2.7479165e-05
0.0010451333
2.5690299e-05
0.0010474875
2.4441171e-05
0.0010497807
2.3658168e-05
2.3264395e-05
0.001052053
0.0010085205
7.3304632e-06
0.0010115834
2.0768169e-05
0.0010157839
3.0235996e-05
0.0010203254
3.4813185e-05
0.0010247764
3.5780527e-05
0.0010289179
3.4632202e-05
0.0010326318
3.2301909e-05
0.0010359164
2.9532814e-05
0.0010388505
2.6932815e-05
0.001041526
2.4803648e-05
0.001044021
2.3195287e-05
0.0010463986
2.206357e-05
0.0010487103
2.1346463e-05
2.0978229e-05
0.0010509965
0.0010084242
6.3136858e-06
0.0010112499
1.7942465e-05
0.0010151977
2.6288164e-05
0.001019543
3.0467876e-05
0.0010238563
3.1467292e-05
0.0010279146
3.0573877e-05
0.0010315961
2.86204e-05
0.001034883
2.624589e-05
0.0010378358
2.3980041e-05
0.0010405354
2.2104018e-05
0.0010430544
2.067633e-05
0.0010454531
1.9664886e-05
0.0010477816
1.9017873e-05
1.8679498e-05
0.0010500804
0.0010083455
5.3756089e-06
0.0010109735
1.5314405e-05
0.0010147043
2.2557379e-05
0.0010188778
2.6294366e-05
0.0010230701
2.7274977e-05
0.0010270543
2.658971e-05
0.0010307052
2.4969478e-05
0.0010339924
2.2958713e-05
0.0010369607
2.1011778e-05
0.0010396811
1.9383631e-05
0.001042221
1.8136368e-05
0.0010446384
1.7247466e-05
0.0010469822
1.6674135e-05
1.636951e-05
0.0010492922
0.0010082814
4.5015682e-06
0.0010107462
1.284962e-05
0.001014293
1.901061e-05
0.0010183182
2.2269173e-05
0.0010224058
2.3187385e-05
0.001026325
2.2670526e-05
0.0010299478
2.1346635e-05
0.0010332338
1.9672686e-05
0.0010362147
1.8030862e-05
0.0010389528
1.6645615e-05
0.0010415109
1.5578274e-05
0.0010439446
1.4813688e-05
0.0010463017
1.4317045e-05
1.4049602e-05
0.0010486216
0.0010082298
3.679156e-06
0.0010105615
1.0517919e-05
0.001013955
1.5617131e-05
0.0010178546
1.8369604e-05
0.0010218531
1.9188818e-05
0.0010257166
1.8807079e-05
0.0010293144
1.7748787e-05
0.0010325985
1.6388663e-05
0.0010355895
1.5039776e-05
0.0010383423
1.3892887e-05
0.0010409157
1.3004825e-05
0.0010433635
1.2365924e-05
0.0010457321
1.1948468e-05
1.1721145e-05
0.0010480605
0.0010081889
2.8976679e-06
0.0010104144
8.2924394e-06
0.0010136833
1.2348249e-05
0.0010174792
1.4573644e-05
0.0010214041
1.5263937e-05
0.0010252211
1.4990086e-05
0.0010287975
1.4172399e-05
0.0010320791
1.3107032e-05
0.0010350782
1.2040705e-05
0.0010378429
1.1128196e-05
0.001040429
1.0418731e-05
0.0010428883
9.906542e-06
0.0010452665
9.5702853e-06
9.3855162e-06
0.0010476021
0.0010081574
2.1476727e-06
0.0010103009
6.1489073e-06
0.0010134722
9.1770106e-06
0.0010171859
1.0859874e-05
0.0010210522
1.1397698e-05
0.001024832
1.1210246e-05
0.0010283909
1.0613551e-05
0.0010316701
9.8277647e-06
0.0010346753
9.0355506e-06
0.0010374494
8.3541128e-06
0.0010400455
7.8226103e-06
0.0010425141
7.4378928e-06
0.0010449
7.1843978e-06
7.0441354e-06
0.0010472414
0.0010081344
1.4207102e-06
0.0010102185
4.0648147e-06
0.0010133176
6.0778576e-06
0.0010169701
7.2073839e-06
0.0010207925
7.5752885e-06
0.0010245445
7.4582671e-06
0.00102809
7.0680775e-06
0.0010313672
6.5505306e-06
0.0010343767
6.0259934e-06
0.0010371578
5.5730655e-06
0.0010397614
5.2190056e-06
0.001042237
4.9622889e-06
0.0010446287
4.7927142e-06
4.6984173e-06
0.0010469744
0.0010081186
7.0951333e-07
0.0010101647
2.0187156e-06
0.0010132166
3.0260145e-06
0.0010168286
3.5953065e-06
0.0010206221
3.7818183e-06
0.0010243556
3.7247437e-06
0.0010278921
3.5315857e-06
0.0010311678
3.2748165e-06
0.0010341802
3.0136656e-06
0.0010369657
2.7875146e-06
0.0010395742
2.6105272e-06
0.0010420543
2.4821454e-06
0.0010444498
2.3972362e-06
2.3498604e-06
0.0010467984
0.0010081169
0.0010101356
0.0010131616
0.001016757
0.0010205388
0.0010242635
0.0010277951
0.0010310699
0.0010340836
0.0010368711
0.0010394816
0.0010419638
0.001044361
0.0010467109
0.00021752584
1.0866578e-06
0.00021479074
2.7350973e-06
0.00021111233
3.6784088e-06
0.00020705563
4.0566994e-06
0.00020295535
4.1002772e-06
0.00019894417
4.011184e-06
0.00019504057
3.9035935e-06
0.00019120982
3.8307489e-06
0.00018738013
3.8296932e-06
0.00018344367
3.9364596e-06
0.00017925526
4.1884051e-06
0.00017461614
4.6391191e-06
0.00016927783
5.338312e-06
0.00016281715
6.4606867e-06
0.00015500464
7.8125064e-06
0.00014405308
1.0951543e-05
0.0001328039
1.1249172e-05
2.447829e-05
0.00010832559
0.00061749083
1.4072973e-05
0.00060514982
1.5076109e-05
0.00059340083
1.5427401e-05
0.00058209008
1.5367445e-05
0.00057117457
1.5015787e-05
0.00056066509
1.4520666e-05
0.00055053713
1.4031551e-05
0.00054071729
1.3650591e-05
0.00053108935
1.3457633e-05
0.00052149034
1.3535465e-05
0.00051169063
1.3988115e-05
0.00050139087
1.4938886e-05
0.00049011972
1.6609463e-05
0.00047740538
1.9175029e-05
0.00046195447
2.3263411e-05
0.00044372977
2.9176238e-05
0.00041744365
3.7535283e-05
5.6167078e-05
0.00038575485
0.00091576532
2.9154934e-05
0.00090121324
2.9628189e-05
0.00088722245
2.9418191e-05
0.00087369719
2.8892703e-05
0.00086058164
2.813134e-05
0.00084786088
2.7241424e-05
0.00083550602
2.6386402e-05
0.00082345373
2.5702886e-05
0.00081160467
2.5306691e-05
0.00079981633
2.5323806e-05
0.00078788538
2.5919066e-05
0.00077552997
2.7294287e-05
0.00076232739
2.9812042e-05
0.00074775767
3.3744752e-05
0.00073071387
4.0307215e-05
0.00071081011
4.9079993e-05
0.00068296476
6.5380628e-05
8.6792378e-05
0.00065233945
0.0010617699
3.6943057e-05
0.0010537203
3.7677842e-05
0.0010455058
3.7632694e-05
0.0010371354
3.7263129e-05
0.0010286076
3.6659064e-05
0.0010199491
3.5899922e-05
0.0010111853
3.5150222e-05
0.0010023178
3.4570384e-05
0.00099331845
3.4306054e-05
0.00098412214
3.4520118e-05
0.00097461336
3.5427841e-05
0.00096460787
3.7299784e-05
0.00095381657
4.0603335e-05
0.00094183027
4.5731058e-05
0.00092789021
5.4247273e-05
0.00091144356
6.5526636e-05
0.00088924936
8.7574822e-05
0.00011190073
0.000864141
0.0010973267
3.7655559e-05
0.0010962167
3.8787847e-05
0.001094705
3.9144434e-05
0.0010928002
3.9167894e-05
0.001090483
3.8976312e-05
0.0010877574
3.8625478e-05
0.0010846446
3.8263092e-05
0.0010811604
3.8054502e-05
0.0010773071
3.8159368e-05
0.0010730665
3.8760771e-05
0.0010683897
4.0104622e-05
0.0010631844
4.2505075e-05
0.0010572919
4.6495797e-05
0.0010504656
5.2557388e-05
0.0010422856
6.2427286e-05
0.0010322549
7.5557328e-05
0.0010190836
0.00010074612
0.00012843896
0.0010025454
0.0010908502
3.5676693e-05
0.0010927554
3.6882721e-05
0.0010944681
3.7431715e-05
0.0010959662
3.7669749e-05
0.0010972016
3.7740979e-05
0.0010981397
3.7687321e-05
0.0010987697
3.7633109e-05
0.0010990873
3.7736943e-05
0.0010990862
3.8160396e-05
0.0010987549
3.9092069e-05
0.00109807
4.0789577e-05
0.0010969893
4.3585743e-05
0.0010954422
4.8042904e-05
0.0010933083
5.4691309e-05
0.0010904463
6.5289314e-05
0.0010864632
7.9540363e-05
0.0010816149
0.00010559443
0.00013622034
0.0010738335
0.0010804169
3.3597758e-05
0.0010826457
3.46539e-05
0.0010848735
3.5203948e-05
0.0010870726
3.5470663e-05
0.0010891998
3.5613803e-05
0.0010912135
3.5673612e-05
0.0010930917
3.575488e-05
0.0010948211
3.6007501e-05
0.0010963899
3.6591645e-05
0.0010977862
3.7695809e-05
0.0010989963
3.9579429e-05
0.0011000019
4.2580161e-05
0.0011007824
4.7262402e-05
0.0011012897
5.4183989e-05
0.0011015674
6.5011623e-05
0.0011013204
7.9787323e-05
0.0011016655
0.00010524936
0.00013756755
0.0011003183
0.0010740536
3.1833416e-05
0.001076004
3.2703507e-05
0.0010780036
3.3204273e-05
0.0010800277
3.3446571e-05
0.0010820504
3.359111e-05
0.0010840407
3.3683316e-05
0.0010859821
3.3813482e-05
0.0010878665
3.4123144e-05
0.0010896872
3.4770883e-05
0.0010914388
3.5944216e-05
0.0010931173
3.7900955e-05
0.0010947188
4.097861e-05
0.0010962514
4.5729804e-05
0.0010977045
5.2730902e-05
0.001099215
6.3501148e-05
0.0011005876
7.8414742e-05
0.0011031636
0.00010267331
0.00013530547
0.0011054257
0.0010700474
3.0197639e-05
0.0010718434
3.0907558e-05
0.0010736853
3.1362361e-05
0.0010755454
3.1586444e-05
0.001077408
3.1728498e-05
0.0010792508
3.1840558e-05
0.0010810622
3.2002057e-05
0.0010828396
3.2345763e-05
0.0010845827
3.302781e-05
0.0010862927
3.4234158e-05
0.0010879744
3.6219285e-05
0.0010896346
3.9318389e-05
0.0010912982
4.4066181e-05
0.001092978
5.1051155e-05
0.001094844
6.1635144e-05
0.001096806
7.6452673e-05
0.0011000764
9.940295e-05
0.00013131902
0.0011040629
0.0010668792
2.8580976e-05
0.0010686305
2.9156345e-05
0.0010704239
2.9568948e-05
0.0010722273
2.9783019e-05
0.0010740285
2.9927288e-05
0.0010758097
3.0059317e-05
0.0010775612
3.0250553e-05
0.0010792824
3.0624575e-05
0.0010809765
3.1333739e-05
0.0010826493
3.2561362e-05
0.0010843116
3.4556968e-05
0.0010859788
3.7651242e-05
0.001087687
4.2357894e-05
0.0010894688
4.92694e-05
0.0010915022
5.9601721e-05
0.0010937963
7.4158568e-05
0.0010973464
9.5852905e-05
0.00012644226
0.0011022231
0.0010641401
2.6961171e-05
0.0010658745
2.7421945e-05
0.0010676514
2.7792074e-05
0.0010694367
2.7997755e-05
0.0010712194
2.8144595e-05
0.0010729851
2.8293555e-05
0.0010747252
2.8510465e-05
0.00107644
2.8909803e-05
0.0010781349
2.9638858e-05
0.0010798191
3.0877104e-05
0.0010815086
3.2867494e-05
0.0010832261
3.5933691e-05
0.0010850178
4.0566246e-05
0.0010869348
4.7352396e-05
0.0010891582
5.7378329e-05
0.00109178
7.153678e-05
0.0010956135
9.2019344e-05
0.00012095849
0.0011010973
0.0010617568
2.5335834e-05
0.0010634791
2.5699701e-05
0.0010652438
2.6027345e-05
0.0010670178
2.6223774e-05
0.0010687908
2.6371588e-05
0.0010705516
2.653275e-05
0.0010722929
2.6769123e-05
0.0010740162
2.7186488e-05
0.0010757291
2.7926011e-05
0.0010774441
2.9162078e-05
0.001079182
3.1129589e-05
0.0010809731
3.4142655e-05
0.0010828724
3.8666856e-05
0.0010849494
4.5275442e-05
0.0010873883
5.4939415e-05
0.001090345
6.8580116e-05
0.0010945041
8.7860243e-05
0.00011498388
0.0011004787
0.001059685
2.3703316e-05
0.0010613984
2.3986363e-05
0.0010631528
2.4272946e-05
0.0010649176
2.445893e-05
0.0010666832
2.4605971e-05
0.0010684412
2.4774801e-05
0.001070186
2.502426e-05
0.0010719206
2.5451951e-05
0.0010736546
2.6192028e-05
0.001075404
2.7412599e-05
0.0010771945
2.9339096e-05
0.0010790635
3.2273705e-05
0.0010810748
3.6655534e-05
0.0010833139
4.3036319e-05
0.0010859693
5.2284082e-05
0.0010892429
6.5306502e-05
0.001093729
8.3374075e-05
0.00010860217
0.0011001107
0.0010578799
2.2062102e-05
0.0010595877
2.2278564e-05
0.0010613341
2.2526579e-05
0.001063092
2.2701028e-05
0.0010648523
2.2845643e-05
0.001066609
2.3018131e-05
0.0010683585
2.3274708e-05
0.0010701052
2.37053e-05
0.0010718609
2.4436323e-05
0.001073645
2.5628445e-05
0.0010754878
2.7496349e-05
0.0010774334
3.0328117e-05
0.0010795538
3.4535124e-05
0.0010819486
4.0641509e-05
0.0010848102
4.9422489e-05
0.0010883728
6.1743851e-05
0.0010931645
7.8582339e-05
0.00010188392
0.0010998828
0.0010563036
2.0411362e-05
0.0010580086
2.0573575e-05
0.001059749
2.0786126e-05
0.0010615019
2.0948125e-05
0.0010632589
2.1088709e-05
0.0010650157
2.1261277e-05
0.001066771
2.151944e-05
0.0010685304
2.1945871e-05
0.001070308
2.2658677e-05
0.0010721265
2.3810002e-05
0.0010740203
2.5602571e-05
0.0010760399
2.8308457e-05
0.0010782649
3.2310197e-05
0.0010808067
3.8099626e-05
0.0010838616
4.6367623e-05
0.0010876851
5.7920332e-05
0.001092755
7.3512425e-05
9.4885623e-05
0.0010997533
0.001054926
1.8750832e-05
0.0010566302
1.8869375e-05
0.0010583665
1.9049861e-05
0.0010601159
1.9198706e-05
0.0010618709
1.9333688e-05
0.0010636291
1.9503119e-05
0.0010653907
1.975776e-05
0.0010671633
2.0173346e-05
0.0010689627
2.0859258e-05
0.0010708146
2.1958116e-05
0.0010727576
2.3659575e-05
0.001074848
2.6217975e-05
0.0010771721
2.9986158e-05
0.0010798516
3.5420108e-05
0.0010830858
4.3133399e-05
0.0010871438
5.3862329e-05
0.0010924642
6.819208e-05
8.7651746e-05
0.001099698
0.0010537232
1.7080635e-05
0.0010554281
1.7164539e-05
0.0010571615
1.731641e-05
0.0010589086
1.7451634e-05
0.0010606628
1.757948e-05
0.001062423
1.774287e-05
0.0010641915
1.7989296e-05
0.0010659771
1.8387784e-05
0.0010677976
1.903868e-05
0.0010696816
2.0074133e-05
0.0010716715
2.1669735e-05
0.0010738288
2.4060611e-05
0.0010762458
2.7569205e-05
0.0010790528
3.2613053e-05
0.0010824519
3.9734323e-05
0.0010867197
4.9594569e-05
0.0010922634
6.2648306e-05
8.0218266e-05
0.0010996969
0.0010526759
1.5401223e-05
0.0010543824
1.5458066e-05
0.0010561141
1.558469e-05
0.0010578597
1.5706031e-05
0.0010596139
1.5825328e-05
0.0010613767
1.5980013e-05
0.0010631521
1.6213948e-05
0.0010649502
1.6589616e-05
0.001066791
1.7197884e-05
0.0010687053
1.8159823e-05
0.0010707391
1.9635933e-05
0.0010729588
2.1840954e-05
0.0010754618
2.5066189e-05
0.0010783858
2.968908e-05
0.0010819348
3.6185332e-05
0.0010863889
4.5140395e-05
0.0010921302
5.6907055e-05
7.261525e-05
0.0010997332
0.0010517685
1.3713121e-05
0.0010534771
1.3749411e-05
0.001055208
1.3853856e-05
0.0010569527
1.3961246e-05
0.0010587074
1.4070674e-05
0.0010604732
1.4214253e-05
0.0010622552
1.4431914e-05
0.0010640654
1.477942e-05
0.0010659251
1.5338204e-05
0.0010678676
1.6217316e-05
0.001069942
1.7561537e-05
0.0010722189
1.9564005e-05
0.0010748006
2.2484499e-05
0.0010778304
2.6659269e-05
0.0010815141
3.2501599e-05
0.0010861327
4.0521862e-05
0.0010920467
5.0992996e-05
6.4868653e-05
0.0010997933
0.0010509882
1.2017105e-05
0.0010526994
1.2038189e-05
0.0010544299
1.2123345e-05
0.0010561744
1.22168e-05
0.0010579299
1.2315178e-05
0.0010596986
1.2445536e-05
0.001061487
1.2643453e-05
0.0010633083
1.295811e-05
0.0010651854
1.3461128e-05
0.0010671536
1.4249089e-05
0.001069265
1.5450229e-05
0.0010715937
1.7235228e-05
0.0010742462
1.9832052e-05
0.0010773705
2.3534938e-05
0.0010811737
2.8698391e-05
0.0010859356
3.5759922e-05
0.0010919992
4.4929452e-05
5.7001122e-05
0.0010998667
0.0010503247
1.0313987e-05
0.0010520386
1.0324372e-05
0.0010537692
1.0392725e-05
0.0010555136
1.047235e-05
0.0010572702
1.0558639e-05
0.0010590418
1.0673901e-05
0.0010608361
1.084911e-05
0.0010626675
1.1126715e-05
0.0010645603
1.1568398e-05
0.0010665515
1.2257832e-05
0.0010686957
1.3306013e-05
0.0010710705
1.4860472e-05
0.0010737856
1.7116987e-05
0.0010769929
2.0327636e-05
0.0010809002
2.4791007e-05
0.0010857856
3.0874571e-05
0.0010919766
3.8738403e-05
4.9032612e-05
0.0010999452
0.0010497698
8.6046664e-06
0.0010514862
8.6080343e-06
0.0010532172
8.6617333e-06
0.0010549618
8.7277102e-06
0.0010567195
8.8009954e-06
0.0010584938
8.8995335e-06
0.0010602934
9.0494875e-06
0.0010621337
9.2864228e-06
0.0010640401
9.6619798e-06
0.0010660515
1.024646e-05
0.0010682244
1.1133148e-05
0.001070639
1.2445811e-05
0.0010734082
1.4347856e-05
0.0010766868
1.7049039e-05
0.0010806831
2.0794654e-05
0.0010856727
2.5884962e-05
0.0010919706
3.2440568e-05
4.0980954e-05
0.0011000222
0.0010493167
6.8900961e-06
0.0010510354
6.8893879e-06
0.0010527669
6.9302429e-06
0.0010545118
6.982752e-06
0.0010562705
7.0422705e-06
0.0010580473
7.1227802e-06
0.0010598515
7.2453116e-06
0.0010616993
7.4385388e-06
0.0010636174
7.7439061e-06
0.0010656458
8.2180593e-06
0.0010678429
8.9361017e-06
0.0010702911
9.9975552e-06
0.0010731056
1.1533376e-05
0.0010764436
1.3710989e-05
0.0010805139
1.6724399e-05
0.0010855893
2.080953e-05
0.0010919743
2.6055587e-05
3.2862026e-05
0.0011000932
0.0010489602
5.1712616e-06
0.0010506808
5.168825e-06
0.0010524128
5.1982007e-06
0.0010541581
5.2374445e-06
0.0010559178
5.2826158e-06
0.0010576966
5.3439766e-06
0.0010595045
5.4373616e-06
0.0010613586
5.5844721e-06
0.0010632861
5.8163962e-06
0.0010653283
6.1758821e-06
0.0010675449
6.7194979e-06
0.0010700202
7.5222777e-06
0.0010728711
8.682424e-06
0.0010762568
1.0325284e-05
0.0010803859
1.25953e-05
0.0010855294
1.5666096e-05
0.0010919827
1.960221e-05
2.4690579e-05
0.0011001542
0.0010486964
3.4492335e-06
0.0010504186
3.4466925e-06
0.001052151
3.4657385e-06
0.0010538967
3.4918138e-06
0.0010556571
3.5222068e-06
0.0010574374
3.5635902e-06
0.0010592482
3.6265748e-06
0.001061107
3.7256911e-06
0.0010630417
3.8817449e-06
0.0010650943
4.1232499e-06
0.0010673256
4.4881554e-06
0.0010698214
5.0265652e-06
0.0010726998
5.8040121e-06
0.0010761212
6.9038504e-06
0.0010802943
8.4221575e-06
0.0010854884
1.047207e-05
0.0010919922
1.3098408e-05
1.6479026e-05
0.0011002037
0.0010485225
1.7251095e-06
0.0010502456
1.7235884e-06
0.0010519784
1.7329271e-06
0.0010537242
1.7459909e-06
0.0010554851
1.7612944e-06
0.0010572666
1.7821293e-06
0.0010590793
1.81386e-06
0.0010609412
1.8637845e-06
0.0010628807
1.9422529e-06
0.0010649403
2.0636313e-06
0.0010671816
2.2469023e-06
0.001069691
2.5171483e-06
0.0010725877
2.9072617e-06
0.0010760331
3.4585243e-06
0.0010802356
4.2196346e-06
0.0010854633
5.244336e-06
0.001092
6.56168e-06
8.2389297e-06
0.0011002401
0.001048436
0.0010501596
0.0010518925
0.0010536385
0.0010553998
0.0010571819
0.0010589958
0.0010608595
0.0010628018
0.0010648654
0.0010671123
0.0010696295
0.0010725367
0.0010759953
0.0010802149
0.0010854592
0.0010920209
0.0011002599
0.00013230551
-2.3979924e-05
0.00015408427
-2.1778778e-05
0.00017313434
-1.9050076e-05
0.00019031565
-1.7181328e-05
0.00020618418
-1.5868537e-05
0.00022093564
-1.4751468e-05
0.00023463956
-1.3703913e-05
-1.3071407e-05
0.00024771096
0.00040368152
-4.1906595e-05
0.00042234268
-4.0439946e-05
0.00044107561
-3.7783019e-05
0.00045913435
-3.5240076e-05
0.00047633671
-3.3070898e-05
0.00049267734
-3.1092103e-05
0.00050820602
-2.9232592e-05
-2.7587712e-05
0.00052272233
0.00066479934
-5.4366489e-05
0.00067700497
-5.2645572e-05
0.00068939615
-5.0174207e-05
0.00070151788
-4.7361813e-05
0.00071310439
-4.4657405e-05
0.00072413215
-4.2119865e-05
0.0007346398
-3.9740241e-05
-3.7458721e-05
0.0007445108
0.00087080459
-6.1030083e-05
0.00087693255
-5.8773535e-05
0.00088310303
-5.6344687e-05
0.00088923675
-5.349554e-05
0.00089514153
-5.056218e-05
0.00090077456
-4.7752903e-05
0.00090615807
-4.5123744e-05
-4.2541294e-05
0.00091124064
0.0010043338
-6.2818563e-05
0.0010057425
-6.0182156e-05
0.0010071132
-5.7715438e-05
0.0010085783
-5.4960626e-05
0.0010100759
-5.2059816e-05
0.0010115669
-4.9243843e-05
0.0010130507
-4.6607552e-05
-4.4026023e-05
0.0010145354
0.0010724584
-6.1443473e-05
0.0010709889
-5.8712611e-05
0.0010695102
-5.6236768e-05
0.0010681997
-5.3650159e-05
0.0010670895
-5.0949561e-05
0.0010661531
-4.8307436e-05
0.0010653696
-4.5824068e-05
-4.3419173e-05
0.0010647627
0.0010974023
-5.8527446e-05
0.001094636
-5.5946397e-05
0.0010919513
-5.3552035e-05
0.0010894676
-5.1166492e-05
0.0010872466
-4.8728489e-05
0.001085274
-4.6334863e-05
0.0010835191
-4.4069159e-05
-4.1894742e-05
0.0010819946
0.0011020073
-5.5109016e-05
0.0010988638
-5.2802871e-05
0.001095887
-5.0575276e-05
0.0010931193
-4.8398808e-05
0.0010906099
-4.6219121e-05
0.0010883535
-4.4078449e-05
0.001086321
-4.2036653e-05
-4.0084639e-05
0.0010845109
0.0011006106
-5.1656755e-05
0.0010974505
-4.9642782e-05
0.0010945026
-4.7627332e-05
0.001091761
-4.5657231e-05
0.0010892504
-4.3708591e-05
0.0010869691
-4.179712e-05
0.0010848945
-3.9962032e-05
-3.8206163e-05
0.001083016
0.0010988781
-4.8311728e-05
0.0010957884
-4.6553065e-05
0.0010929166
-4.4755511e-05
0.0010902423
-4.2982985e-05
0.0010877714
-4.123768e-05
0.0010855019
-3.952766e-05
0.0010834181
-3.7878183e-05
-3.6295408e-05
0.0010815073
0.0010978745
-4.5088896e-05
0.0010948607
-4.3539327e-05
0.001092048
-4.1942764e-05
0.0010894193
-4.0354324e-05
0.0010869715
-3.8789841e-05
0.0010847014
-3.7257615e-05
0.0010825981
-3.5774877e-05
-3.4347797e-05
0.0010806505
0.0010973611
-4.1971334e-05
0.001094416
-4.0594194e-05
0.0010916483
-3.9175037e-05
0.0010890485
-3.7754584e-05
0.0010866113
-3.635265e-05
0.0010843328
-3.4979123e-05
0.0010822049
-3.3646969e-05
-3.2361635e-05
0.0010802188
0.0010970786
-3.8939244e-05
0.0010941936
-3.7709181e-05
0.0010914641
-3.6445499e-05
0.0010888862
-3.5176713e-05
0.0010864553
-3.3921783e-05
0.0010841675
-3.2691289e-05
0.0010820164
-3.1495846e-05
-3.0340265e-05
0.001079995
0.0010969193
-3.5975748e-05
0.0010940854
-3.4875246e-05
0.001091389
-3.3749118e-05
0.0010888294
-3.2617105e-05
0.0010864032
-3.1495669e-05
0.0010841071
-3.0395092e-05
0.0010819357
-2.9324446e-05
-2.8288071e-05
0.0010798835
0.0010968448
-3.3067176e-05
0.001094053
-3.2083499e-05
0.0010913847
-3.108078e-05
0.0010888403
-3.0072716e-05
0.0010864177
-2.9073092e-05
0.0010841139
-2.809131e-05
0.0010819247
-2.7135245e-05
-2.6208863e-05
0.0010798455
0.0010968335
-3.02026e-05
0.001094076
-2.9325987e-05
0.0010914307
-2.8435497e-05
0.0010888986
-2.7540639e-05
0.0010864783
-2.6652824e-05
0.0010841674
-2.5780372e-05
0.0010819623
-2.4930122e-05
-2.4105695e-05
0.0010798591
0.0010968677
-2.7373356e-05
0.0010941377
-2.6596054e-05
0.001091511
-2.5808801e-05
0.0010889886
-2.5018238e-05
0.0010865695
-2.4233738e-05
0.0010842517
-2.3462522e-05
0.0010820321
-2.2710555e-05
-2.198108e-05
0.0010799075
0.0010969324
-2.4572577e-05
0.0010942246
-2.3888267e-05
0.0010916128
-2.3196961e-05
0.0010890978
-2.2503255e-05
0.0010866789
-2.1814857e-05
0.0010843544
-2.1138044e-05
0.0010821217
-2.0477803e-05
-1.9837176e-05
0.0010799778
0.0010970156
-2.1794887e-05
0.0010943257
-2.1198283e-05
0.0010917256
-2.0596894e-05
0.0010892162
-1.9993835e-05
0.0010867968
-1.9395525e-05
0.001084466
-1.8807171e-05
0.0010822213
-1.8233124e-05
-1.7676007e-05
0.0010800601
0.0010971078
-1.9035922e-05
0.001094432
-1.8522578e-05
0.0010918413
-1.8006121e-05
0.001089336
-1.7488564e-05
0.0010869157
-1.6975179e-05
0.0010845789
-1.647037e-05
0.0010823235
-1.5977749e-05
-1.5499538e-05
0.001080147
0.0010972012
-1.6292019e-05
0.001094537
-1.5858311e-05
0.0010919535
-1.5422628e-05
0.0010894512
-1.4986299e-05
0.0010870296
-1.4553592e-05
0.0010846874
-1.4128134e-05
0.0010824225
-1.3712882e-05
-1.3309767e-05
0.0010802328
0.0010972904
-1.3560172e-05
0.0010946351
-1.320304e-05
0.0010920572
-1.2844753e-05
0.0010895571
-1.2486142e-05
0.0010871341
-1.2130632e-05
0.001084787
-1.1781076e-05
0.001082514
-1.1439878e-05
-1.1108638e-05
0.0010803129
0.0010973708
-1.0837744e-05
0.0010947225
-1.0554719e-05
0.0010921489
-1.0271124e-05
0.0010896502
-9.9874515e-06
0.0010872258
-9.7062898e-06
0.0010848746
-9.4298423e-06
0.0010825947
-9.1599821e-06
-8.8980323e-06
0.0010803841
0.0010974389
-8.1224244e-06
0.0010947957
-7.9115475e-06
0.0010922252
-7.7006379e-06
0.0010897276
-7.4898066e-06
0.001087302
-7.2807425e-06
0.0010849474
-7.0752244e-06
0.001082662
-6.8745921e-06
-6.6798358e-06
0.0010804438
0.0010974929
-5.411617e-06
0.0010948531
-5.2717206e-06
0.0010922847
-5.1322305e-06
0.0010897876
-4.9926921e-06
0.001087361
-4.854189e-06
0.0010850038
-4.7179813e-06
0.0010827142
-4.5850546e-06
-4.455854e-06
0.0010804902
0.0010975314
-2.7028515e-06
0.0010948939
-2.6342821e-06
0.0010923271
-2.5653943e-06
0.0010898304
-2.4960293e-06
0.0010874033
-2.427007e-06
0.0010850444
-2.3590944e-06
0.001082752
-2.2927149e-06
-2.2278199e-06
0.001080524
0.001097557
0.0010949227
0.0010923573
0.0010898613
0.0010874343
0.0010850752
0.0010827825
0.0010805547
0.00027090071
-2.3189755e-05
0.00028806014
-1.7159439e-05
0.00030091327
-1.2853154e-05
0.00031115126
-1.0238009e-05
0.00032038366
-9.2324275e-06
0.0003302784
-9.8947509e-06
0.00034424247
-1.3964073e-05
-2.026149e-05
0.00036450397
0.00055579837
-5.6265808e-05
0.0005829472
-4.4308279e-05
0.00060537873
-3.5284696e-05
0.0006244526
-2.9311898e-05
0.0006418474
-2.6627245e-05
0.00065865895
-2.6706311e-05
0.00067888051
-3.4185632e-05
-4.1493092e-05
0.00070011212
0.00076738675
-7.9141753e-05
0.00078668426
-6.3605797e-05
0.00080318061
-5.1781057e-05
0.00081776248
-4.3893778e-05
0.00083149429
-4.0359066e-05
0.00084529485
-4.0506876e-05
0.00086091308
-4.9803868e-05
-5.8764701e-05
0.0008781847
0.00092298832
-9.0889433e-05
0.00093297774
-7.359522e-05
0.00094165814
-6.0461465e-05
0.00094954178
-5.177744e-05
0.00095724058
-4.8057875e-05
0.00096539502
-4.8661322e-05
0.00097455918
-5.8968029e-05
-6.9364671e-05
0.00098515916
0.0010182205
-9.4574565e-05
0.001021584
-7.6958693e-05
0.0010247747
-6.3652223e-05
0.0010279556
-5.495828e-05
0.0010313454
-5.1447716e-05
0.0010353124
-5.2628276e-05
0.0010396077
-6.3263411e-05
-7.5111537e-05
0.0010453546
0.0010639555
-9.3767321e-05
0.0010637285
-7.6731673e-05
0.0010640148
-6.3938602e-05
0.0010647444
-5.5687812e-05
0.0010658615
-5.2564829e-05
0.0010675295
-5.4296267e-05
0.001069033
-6.4766978e-05
-7.7954336e-05
0.0010718758
0.001079312
-9.108465e-05
0.0010776262
-7.5045892e-05
0.0010767498
-6.3062208e-05
0.0010764957
-5.5433768e-05
0.001076662
-5.2731055e-05
0.0010772689
-5.4903244e-05
0.0010774417
-6.4939697e-05
-7.9014777e-05
0.0010785021
0.0010812434
-8.7817153e-05
0.0010790978
-7.2900256e-05
0.0010778283
-6.1792701e-05
0.0010772075
-5.4813044e-05
0.0010769749
-5.2498386e-05
0.0010770477
-5.4976135e-05
0.0010765788
-6.4470708e-05
-7.882919e-05
0.0010763932
0.0010795486
-8.4349769e-05
0.0010772072
-7.0558797e-05
0.0010757227
-6.0308206e-05
0.0010748581
-5.3948501e-05
0.0010743358
-5.1976074e-05
0.0010739961
-5.4636382e-05
0.0010730863
-6.3560966e-05
-7.7672985e-05
0.0010719301
0.001077873
-8.0715435e-05
0.0010753346
-6.8020415e-05
0.0010736164
-5.8589946e-05
0.0010724784
-5.281058e-05
0.0010716401
-5.1137792e-05
0.0010708851
-5.388133e-05
0.0010695568
-6.2232679e-05
-7.5735861e-05
0.0010676197
0.0010768295
-7.689443e-05
0.0010740659
-6.5256781e-05
0.0010720858
-5.6609934e-05
0.0010706473
-5.1372034e-05
0.0010694701
-4.9960637e-05
0.001068299
-5.271022e-05
0.0010665553
-6.0488971e-05
-7.3174894e-05
0.0010639943
0.0010762125
-7.2888171e-05
0.0010732205
-6.2264757e-05
0.0010709768
-5.4366284e-05
0.0010692376
-4.96328e-05
0.0010677246
-4.8447696e-05
0.0010661585
-5.1144084e-05
0.0010640214
-5.835192e-05
-7.0118012e-05
0.0010609646
0.0010758188
-6.8711972e-05
0.0010726104
-5.905633e-05
0.0010701154
-5.1871263e-05
0.0010680896
-4.7607004e-05
0.0010662579
-4.6616083e-05
0.0010643283
-4.9214437e-05
0.0010618321
-5.5855714e-05
-6.6663535e-05
0.0010583776
0.0010755546
-6.4383085e-05
0.0010721455
-5.5647258e-05
0.0010694151
-4.9140881e-05
0.001067121
-4.5312869e-05
0.0010649922
-4.4487342e-05
0.0010627322
-4.6954433e-05
0.0010599136
-5.3037075e-05
-6.2885441e-05
0.0010561355
0.0010753796
-5.9917191e-05
0.0010717858
-5.2053495e-05
0.0010688368
-4.6191834e-05
0.0010662935
-4.2769616e-05
0.0010638903
-4.2084172e-05
0.0010613319
-4.4395972e-05
0.001058226
-4.9931157e-05
-5.8840031e-05
0.0010541806
0.0010752704
-5.5328475e-05
0.0010715077
-4.8290822e-05
0.001068357
-4.3041131e-05
0.0010655843
-3.9996897e-05
0.0010629297
-3.9429664e-05
0.0010601031
-4.156931e-05
0.0010567426
-4.6570636e-05
-5.457135e-05
0.0010524739
0.0010752091
-5.0630046e-05
0.0010712931
-4.4374841e-05
0.001067958
-3.9706085e-05
0.0010649758
-3.701471e-05
0.0010620931
-3.6546953e-05
0.0010590269
-3.8503118e-05
0.0010554419
-4.2985648e-05
-5.0114662e-05
0.0010509853
0.0010751819
-4.5834111e-05
0.0010711279
-4.0320933e-05
0.001067626
-3.620413e-05
0.0010644544
-3.3843132e-05
0.0010613665
-3.3459087e-05
0.0010580878
-3.5224459e-05
0.0010543061
-3.9203922e-05
-4.5498959e-05
0.0010496904
0.001075178
-4.0952035e-05
0.0010710012
-3.6144094e-05
0.0010673498
-3.2552733e-05
0.0010640088
-3.0502181e-05
0.0010607384
-3.0188673e-05
0.0010572729
-3.1758952e-05
0.00105332
-3.5251016e-05
-4.0748619e-05
0.0010485697
0.0010751895
-3.5994489e-05
0.0010709043
-3.1858978e-05
0.0010671208
-2.8769211e-05
0.0010636303
-2.7011693e-05
0.0010601995
-2.6757846e-05
0.0010565714
-2.8130928e-05
0.0010524709
-3.1150474e-05
-3.5884539e-05
0.0010476068
0.0010752099
-3.0971631e-05
0.0010708308
-2.7479887e-05
0.0010669323
-2.4870714e-05
0.0010633118
-2.3391256e-05
0.0010597422
-2.3188194e-05
0.0010559746
-2.4363387e-05
0.0010517484
-2.69242e-05
-3.0925072e-05
0.0010467889
0.0010752345
-2.5893252e-05
0.0010707755
-2.3020869e-05
0.001066779
-2.0874228e-05
0.0010630478
-1.9660106e-05
0.0010593604
-1.9500749e-05
0.0010554753
-2.0478287e-05
0.0010511438
-2.2592698e-05
-2.5886601e-05
0.0010461053
0.0010752597
-2.076891e-05
0.0010707346
-1.8495702e-05
0.0010666568
-1.6796472e-05
0.0010628339
-1.5837229e-05
0.0010590492
-1.571604e-05
0.0010550676
-1.6496655e-05
0.0010506501
-1.8175209e-05
-2.0784209e-05
0.0010455477
0.0010752829
-1.5608011e-05
0.0010707052
-1.3917958e-05
0.0010665626
-1.265399e-05
0.0010626668
-1.1941337e-05
0.0010588048
-1.1854097e-05
0.0010547469
-1.2438746e-05
0.0010502618
-1.3690101e-05
-1.5631841e-05
0.0010451094
0.0010753022
-1.0419998e-05
0.0010706854
-9.3011908e-06
0.0010664946
-8.4631725e-06
0.0010625442
-7.9909686e-06
0.0010586248
-7.9346673e-06
0.0010545102
-8.3241969e-06
0.0010499751
-9.1549415e-06
-1.0442828e-05
0.0010447861
0.0010753181
-5.214125e-06
0.0010706759
-4.6590073e-06
0.0010664531
-4.2404297e-06
0.0010624667
-4.0045825e-06
0.0010585093
-3.9772676e-06
0.0010543574
-4.1722778e-06
0.0010497892
-4.5866886e-06
-5.2296616e-06
0.001044576
0.0010753405
0.0010706815
0.0010664411
0.0010624365
0.0010584592
0.001054287
0.0010497003
0.0010444706
0.00027195508
9.2548923e-05
0.00022863567
4.3319433e-05
0.00021182003
1.6815648e-05
0.00020732216
4.497869e-06
0.00020659767
7.2448621e-07
0.00020659837
-7.0354274e-10
0.00020660724
-8.8399041e-09
0.00020638527
2.219861e-07
0.00020588979
4.9548418e-07
0.00020520712
6.8266707e-07
0.00020443135
7.7576211e-07
0.00020361752
8.1381854e-07
0.00020279456
8.2297907e-07
0.00020198035
8.1420892e-07
0.00020118642
7.9391308e-07
0.00020041915
7.6723083e-07
0.00019968139
7.3778572e-07
0.00019897393
7.0745567e-07
0.00019829672
6.7720606e-07
0.00019765029
6.4643107e-07
0.00019703234
6.1794785e-07
0.00019644731
5.8503656e-07
0.00019587428
5.7303945e-07
0.00019536453
5.0976716e-07
0.00019473647
6.2808086e-07
0.00019447404
2.6242333e-07
0.00019307199
1.4020066e-06
-1.2096211e-06
0.00065211014
0.00014055093
0.00061512422
8.0305366e-05
0.00058543384
4.6506043e-05
0.00056506301
2.4868704e-05
0.00055216105
1.3626437e-05
0.00054363703
8.5233089e-06
0.00053757073
6.0574802e-06
0.00053296403
4.8287029e-06
0.00052921273
4.2467968e-06
0.00052595568
3.9397169e-06
0.00052300535
3.7260776e-06
0.00052026902
3.5501368e-06
0.00051769781
3.3942044e-06
0.00051526482
3.2472076e-06
0.00051295508
3.1036266e-06
0.00051075946
2.9628229e-06
0.00050867118
2.8260809e-06
0.00050668426
2.6943728e-06
0.00050479346
2.5680006e-06
0.00050299344
2.4464493e-06
0.00050128014
2.3312385e-06
0.00049964608
2.2190958e-06
0.00049808948
2.1296541e-06
0.00049659603
2.0032235e-06
0.00049514431
2.0798104e-06
0.00049381296
1.5937691e-06
0.00049203404
3.1808928e-06
-8.0401371e-07
0.00085816127
0.00016057437
0.00084095474
9.7511905e-05
0.00082346692
6.399387e-05
0.00080809037
4.0245252e-05
0.00079605561
2.5661201e-05
0.00078658478
1.7994135e-05
0.00077883855
1.3803718e-05
0.0007723326
1.133466e-05
0.0007667256
9.8537986e-06
0.00076175975
8.9055692e-06
0.00075726544
8.2203812e-06
0.00075313676
7.6788123e-06
0.00074930368
7.2272863e-06
0.00074571754
6.8333539e-06
0.00074234398
6.4771801e-06
0.00073915803
6.1487622e-06
0.00073614065
5.8434577e-06
0.00073327666
5.5583702e-06
0.00073055361
5.2910472e-06
0.00072796083
5.0392249e-06
0.00072548956
4.8025125e-06
0.00072313032
4.5783408e-06
0.0007208769
4.3830823e-06
0.00071871647
4.1636739e-06
0.00071663451
4.1617766e-06
0.00071465614
3.5721407e-06
0.00071253444
5.3025687e-06
6.9810919e-07
0.00097611002
0.00016962352
0.00096756461
0.00010605732
0.00095854625
7.3012239e-05
0.00094966008
4.9131424e-05
0.0009421105
3.3210782e-05
0.00093578463
2.4320003e-05
0.00093027159
1.9316772e-05
0.00092535024
1.6256021e-05
0.00092087443
1.4329619e-05
0.00091672046
1.3059532e-05
0.0009128055
1.2135336e-05
0.00090908278
1.1401526e-05
0.00090552465
1.0785428e-05
0.00090211304
1.0244955e-05
0.00089883581
9.7544012e-06
0.00089568438
9.3001691e-06
0.0008926522
8.8756402e-06
0.00088973365
8.4769197e-06
0.00088692368
8.1010183e-06
0.00088421749
7.7454028e-06
0.00088161063
7.4093728e-06
0.00087909866
7.090312e-06
0.00087667669
6.8050639e-06
0.00087434072
6.4996483e-06
0.00087207567
6.4268418e-06
0.00086990402
5.7437865e-06
0.00086771636
7.4902094e-06
2.6833266e-06
0.0010431627
0.00017181542
0.0010390045
0.00011021552
0.0010343306
7.7686149e-05
0.00102917
5.4292077e-05
0.0010245496
3.7831181e-05
0.0010206525
2.8217084e-05
0.0010172357
2.2733571e-05
0.0010141488
1.934296e-05
0.0010113021
1.7176261e-05
0.0010086126
1.5749103e-05
0.0010060202
1.4727726e-05
0.0010034928
1.3928889e-05
0.0010010145
1.3263693e-05
0.00099857741
1.2682072e-05
0.0009961783
1.2153514e-05
0.00099381701
1.1661457e-05
0.00099149487
1.1197777e-05
0.00098921367
1.0758125e-05
0.00098697503
1.033966e-05
0.00098478031
9.9401207e-06
0.00098263045
9.5592369e-06
0.00098052667
9.1940968e-06
0.00097846832
8.8634245e-06
0.00097645808
8.5099032e-06
0.00097448841
8.3965239e-06
0.00097257059
7.6616038e-06
0.00097072023
9.3405581e-06
4.6403257e-06
0.0010749828
0.00016870845
0.0010742933
0.00011090507
0.001072713
7.9266439e-05
0.0010701616
5.6843483e-05
0.0010675413
4.0451444e-05
0.0010652849
3.0473458e-05
0.0010633165
2.4702017e-05
0.0010615496
2.1109923e-05
0.0010599372
1.8788667e-05
0.001058425
1.7261273e-05
0.0010569658
1.618694e-05
0.0010555312
1.5363466e-05
0.0010541059
1.4688988e-05
0.0010526812
1.4106737e-05
0.0010512528
1.3581894e-05
0.0010498195
1.3094782e-05
0.0010483819
1.2635322e-05
0.0010469419
1.2198188e-05
0.0010455012
1.1780297e-05
0.001044062
1.1379346e-05
0.001042626
1.0995227e-05
0.0010411959
1.0624236e-05
0.0010397728
1.0286522e-05
0.0010383609
9.9217581e-06
0.0010369626
9.7948716e-06
0.0010355663
9.0579002e-06
0.0010343121
1.0594721e-05
6.2386281e-06
0.0010849892
0.00016222135
0.0010867873
0.00010910697
0.0010874374
7.861633e-05
0.0010868866
5.7394302e-05
0.0010858467
4.1491332e-05
0.0010848796
3.1440632e-05
0.0010840395
2.5542111e-05
0.0010832924
2.1857016e-05
0.0010826267
1.9454368e-05
0.0010820164
1.7871518e-05
0.0010814304
1.6773002e-05
0.0010808477
1.5946118e-05
0.0010802569
1.527984e-05
0.0010796507
1.471293e-05
0.0010790249
1.420761e-05
0.0010783779
1.3741805e-05
0.0010777095
1.3303772e-05
0.0010770204
1.2887295e-05
0.0010763116
1.2489048e-05
0.0010755843
1.210665e-05
0.0010748396
1.1739966e-05
0.0010740794
1.138438e-05
0.0010733054
1.1060542e-05
0.0010725202
1.0707041e-05
0.0010717352
1.0579852e-05
0.0010709136
9.8794627e-06
0.0010702947
1.1213692e-05
7.3508502e-06
0.0010845493
0.00015406522
0.0010877788
0.00010587747
0.0010897357
7.6659404e-05
0.0010904935
5.6636584e-05
0.0010905588
4.1425961e-05
0.001090515
3.1484494e-05
0.0010904962
2.5560898e-05
0.0010904986
2.1854609e-05
0.0010905294
1.9423591e-05
0.0010905817
1.7819186e-05
0.0010906367
1.6718022e-05
0.00109068
1.5902846e-05
0.0010907036
1.5256202e-05
0.0010907028
1.4713743e-05
0.0010906745
1.4235894e-05
0.0010906175
1.379882e-05
0.0010905317
1.3389529e-05
0.0010904179
1.3001137e-05
0.0010902767
1.2630257e-05
0.0010901088
1.2274486e-05
0.0010899151
1.1933702e-05
0.0010896969
1.1602598e-05
0.0010894561
1.1301355e-05
0.0010891931
1.0970019e-05
0.0010889271
1.0845825e-05
0.0010886017
1.0204929e-05
0.0010885125
1.1302892e-05
7.9925516e-06
0.0010807026
0.00014529273
0.0010846644
0.00010191573
0.0010872597
7.4064071e-05
0.0010887448
5.5151516e-05
0.0010894661
4.0704601e-05
0.0010899734
3.0977222e-05
0.00109045
2.5084327e-05
0.0010909109
2.139366e-05
0.0010913714
1.8963129e-05
0.0010918359
1.7354698e-05
0.0010922937
1.6260189e-05
0.0010927345
1.5462083e-05
0.0010931524
1.4838239e-05
0.001093544
1.4322148e-05
0.0010939069
1.3872978e-05
0.0010942401
1.3465617e-05
0.0010945437
1.3086005e-05
0.001094818
1.2726807e-05
0.0010950637
1.2384545e-05
0.0010952813
1.205687e-05
0.0010954714
1.1743666e-05
0.0010956348
1.1439177e-05
0.0010957738
1.1162349e-05
0.001095887
1.085681e-05
0.0010959985
1.0734401e-05
0.0010960414
1.016205e-05
0.0010963249
1.1019379e-05
8.2495128e-06
0.0010765272
0.00013638523
0.0010809058
9.7537145e-05
0.0010838138
7.1156046e-05
0.001085691
5.3274273e-05
0.0010867843
3.9611383e-05
0.0010875903
3.0171183e-05
0.001088326
2.4348662e-05
0.0010890238
2.0695841e-05
0.0010897038
1.8283169e-05
0.0010903782
1.6680224e-05
0.0010910432
1.5595239e-05
0.0010916914
1.4813857e-05
0.0010923187
1.4210942e-05
0.0010929225
1.371835e-05
0.0010935009
1.3294565e-05
0.001094053
1.2913555e-05
0.0010945785
1.2560444e-05
0.0010950779
1.2227457e-05
0.0010955513
1.1911068e-05
0.0010959992
1.1608983e-05
0.0010964219
1.1321024e-05
0.0010968198
1.1041259e-05
0.0010971953
1.078683e-05
0.0010975458
1.0506305e-05
0.0010978972
1.0383059e-05
0.0010981813
9.8779901e-06
0.0010986871
1.0513512e-05
8.2260115e-06
0.0010728626
0.00012751695
0.0010775526
9.2847232e-05
0.0010806685
6.8040137e-05
0.0010827964
5.1146323e-05
0.0010841336
3.8274167e-05
0.0010851206
2.9184183e-05
0.0010859971
2.3472173e-05
0.0010868144
1.9878579e-05
0.0010875976
1.7500002e-05
0.0010883656
1.5912172e-05
0.0010891209
1.4839972e-05
0.0010898596
1.4075177e-05
0.0010905792
1.3491266e-05
0.0010912784
1.3019151e-05
0.0010919559
1.2617058e-05
0.001092611
1.2258481e-05
0.0010932435
1.1927915e-05
0.0010938537
1.1617299e-05
0.0010944418
1.1323017e-05
0.0010950079
1.1042839e-05
0.0010955524
1.077651e-05
0.0010960755
1.0518175e-05
0.0010965795
1.0282833e-05
0.0010970612
1.0024636e-05
0.0010975459
9.8984263e-06
0.0010979704
9.4534549e-06
0.0010985844
9.8995327e-06
8.0150748e-06
0.0010697352
0.00011874636
0.0010746964
8.7886027e-05
0.0010780015
6.4735033e-05
0.0010803311
4.8816673e-05
0.0010818671
3.6738163e-05
0.0010829965
2.8054826e-05
0.0010839724
2.2496276e-05
0.0010848653
1.8985724e-05
0.0010857062
1.6659045e-05
0.0010865201
1.5098277e-05
0.0010873153
1.4044748e-05
0.0010880918
1.3298754e-05
0.0010888489
1.2734125e-05
0.0010895866
1.2281413e-05
0.0010903046
1.1899109e-05
0.0010910025
1.1560582e-05
0.0010916804
1.1250013e-05
0.0010923386
1.0959085e-05
0.0010929774
1.068417e-05
0.0010935972
1.0423059e-05
0.0010941982
1.0175467e-05
0.0010947807
9.935769e-06
0.0010953467
9.7167683e-06
0.0010958932
9.4781875e-06
0.0010964432
9.3484193e-06
0.0010969422
8.9544593e-06
0.0010975936
9.2482265e-06
7.6856062e-06
0.0010670266
0.00011009742
0.0010722249
8.268767e-05
0.0010757163
6.1243679e-05
0.0010782266
4.6306365e-05
0.0010799427
3.5022044e-05
0.0010812042
2.6793358e-05
0.0010822693
2.1431199e-05
0.0010832263
1.8028676e-05
0.0010841131
1.577221e-05
0.0010849596
1.4251793e-05
0.0010857797
1.3224625e-05
0.001086577
1.25015e-05
0.0010873529
1.1958204e-05
0.0010881087
1.1525617e-05
0.0010888449
1.1162917e-05
0.0010895618
1.0843742e-05
0.0010902596
1.0552151e-05
0.001090939
1.0279766e-05
0.0010916003
1.0022844e-05
0.0010922441
9.7793015e-06
0.0010928707
9.5488116e-06
0.0010934804
9.3260804e-06
0.0010940753
9.1218654e-06
0.0010946525
8.9009997e-06
0.0010952323
8.7686339e-06
0.0010957695
8.417279e-06
0.0010964236
8.5940964e-06
7.282516e-06
0.0010646515
0.00010158142
0.0010700494
7.7289791e-05
0.0010737196
5.7573482e-05
0.0010763941
4.363185e-05
0.0010782752
3.3140893e-05
0.0010796629
2.5405669e-05
0.0010808138
2.0280329e-05
0.001081832
1.7010459e-05
0.0010827625
1.484175e-05
0.0010836394
1.3374909e-05
0.0010844816
1.2382399e-05
0.0010852962
1.1686923e-05
0.0010860866
1.1167803e-05
0.0010868553
1.0756917e-05
0.0010876036
1.0414553e-05
0.0010883324
1.0114942e-05
0.0010890423
9.8422905e-06
0.0010897338
9.5881925e-06
0.0010904078
9.3488969e-06
0.0010910647
9.1223674e-06
0.0010917053
8.9082965e-06
0.0010923296
8.7017809e-06
0.0010929397
8.5117452e-06
0.0010935332
8.3075152e-06
0.0010941274
8.1745067e-06
0.0010946856
7.8590426e-06
0.0010953304
7.9492981e-06
6.8328149e-06
0.0010625608
9.3201232e-05
0.0010681212
7.1729338e-05
0.001071958
5.3736756e-05
0.0010747807
4.0809072e-05
0.0010768111
3.1110542e-05
0.0010783174
2.3899332e-05
0.0010795503
1.9047483e-05
0.0010806269
1.593383e-05
0.0010815995
1.386914e-05
0.0010825061
1.2468348e-05
0.0010833698
1.1518627e-05
0.0010842011
1.0855662e-05
0.0010850052
1.0363703e-05
0.0010857858
9.9763349e-06
0.001086545
9.6553432e-06
0.0010872841
9.3758794e-06
0.0010880039
9.1224987e-06
0.0010887053
8.8867946e-06
0.0010893891
8.6651208e-06
0.0010900559
8.4555359e-06
0.0010907066
8.2576504e-06
0.0010913412
8.0671331e-06
0.0010919618
7.8911075e-06
0.0010925664
7.7029657e-06
0.0010931693
7.5716116e-06
0.0010937413
7.2870205e-06
0.0010943753
7.3153146e-06
6.3525417e-06
0.0010607217
8.4953474e-05
0.001066412
6.6039024e-05
0.0010704005
4.9748217e-05
0.0010733566
3.7853006e-05
0.0010755202
2.8946872e-05
0.0010771362
2.2283334e-05
0.001078446
1.7737726e-05
0.0010795773
1.4802498e-05
0.0010805897
1.2856759e-05
0.0010815247
1.1533399e-05
0.001082409
1.0634274e-05
0.0010832563
1.0008437e-05
0.0010840735
9.546506e-06
0.0010848653
9.1844722e-06
0.0010856347
8.885938e-06
0.0010863834
8.6272007e-06
0.0010871124
8.3934553e-06
0.0010878228
8.176429e-06
0.0010885154
7.9725315e-06
0.001089191
7.779879e-06
0.0010898504
7.5982591e-06
0.001090494
7.4236169e-06
0.0010911234
7.2617228e-06
0.0010917371
7.089243e-06
0.0010923468
6.9619449e-06
0.0010929292
6.704595e-06
0.0010935544
6.6901748e-06
5.8513863e-06
0.0010591082
7.68306e-05
0.0010649008
6.0246399e-05
0.0010690256
4.5623448e-05
0.0010721012
3.4777345e-05
0.0010743833
2.6664831e-05
0.0010760992
2.0567352e-05
0.0010774803
1.6356693e-05
0.0010786622
1.3620586e-05
0.0010797115
1.1807443e-05
0.0010806729
1.0571957e-05
0.0010815766
9.7306305e-06
0.0010824386
9.1464037e-06
0.0010832679
8.7171858e-06
0.0010840702
8.382178e-06
0.0010848491
8.1071021e-06
0.0010856065
7.8697661e-06
0.001086344
7.6559676e-06
0.0010870626
7.457871e-06
0.0010877633
7.2718716e-06
0.0010884468
7.0963133e-06
0.0010891142
6.9309091e-06
0.0010897657
6.7721241e-06
0.0010904029
6.62446e-06
0.0010910247
6.4675089e-06
0.0010916403
6.3462953e-06
0.0010922313
6.1136236e-06
0.0010928499
6.0715241e-06
5.3355488e-06
0.0010576984
6.8822617e-05
0.0010635707
5.4374123e-05
0.0010678162
4.1377972e-05
0.0010709987
3.1594857e-05
0.0010733852
2.4278279e-05
0.0010751914
1.8761175e-05
0.0010766378
1.4910312e-05
0.001077866
1.239241e-05
0.0010789491
1.0724325e-05
0.0010799349
9.5861165e-06
0.0010808563
8.80932e-06
0.0010817319
8.2707704e-06
0.0010825723
7.8768089e-06
0.001083384
7.5704184e-06
0.0010841713
7.3197907e-06
0.0010849367
7.1043715e-06
0.0010856818
6.9109078e-06
0.0010864078
6.7318722e-06
0.0010871157
6.5639634e-06
0.0010878064
6.4056038e-06
0.0010884808
6.2565071e-06
0.0010891395
6.1134708e-06
0.0010897837
5.9802553e-06
0.0010904126
5.8386124e-06
0.0010910335
5.7254385e-06
0.0010916316
5.5154643e-06
0.0010922454
5.457775e-06
4.8089062e-06
0.0010564739
6.0918352e-05
0.0010624076
4.8440467e-05
0.0010667586
3.7026971e-05
0.001070036
2.8317507e-05
0.0010725141
2.1800175e-05
0.0010744007
1.6874506e-05
0.0010759064
1.3404629e-05
0.0010771764
1.1122385e-05
0.0010782901
9.6105985e-06
0.0010792982
8.5780587e-06
0.0010802356
7.8718733e-06
0.0010811235
7.3829181e-06
0.0010819738
7.026489e-06
0.001082794
6.7502198e-06
0.0010835889
6.5249353e-06
0.0010843613
6.3319527e-06
0.0010851132
6.1590882e-06
0.0010858457
5.999366e-06
0.00108656
5.849703e-06
0.001087257
5.7085594e-06
0.0010879377
5.5757965e-06
0.0010886026
5.4485657e-06
0.001089253
5.3298407e-06
0.0010898882
5.2034056e-06
0.0010905137
5.0999579e-06
0.0010911178
4.9113782e-06
0.0010917279
4.8475853e-06
4.2742127e-06
0.0010554193
5.3105941e-05
0.0010613997
4.2460059e-05
0.0010658416
3.2585014e-05
0.0010692024
2.4956743e-05
0.0010717601
1.9242495e-05
0.0010737176
1.4916963e-05
0.0010752763
1.1845996e-05
0.0010765837
9.8149008e-06
0.0010777248
8.4695124e-06
0.0010787528
7.5500717e-06
0.0010797047
6.9200437e-06
0.0010806035
6.4840727e-06
0.0010814626
6.1673862e-06
0.0010822903
5.9224726e-06
0.0010830919
5.7234169e-06
0.0010838705
5.5533315e-06
0.0010846282
5.401391e-06
0.0010853665
5.2610924e-06
0.0010860864
5.12979e-06
0.0010867889
5.0060191e-06
0.0010874751
4.8896353e-06
0.0010881455
4.7781666e-06
0.0010888013
4.6741075e-06
0.0010894419
4.5627303e-06
0.0010900714
4.4705282e-06
0.0010906805
4.3022534e-06
0.0010912876
4.2404979e-06
3.7332805e-06
0.0010545215
4.5373344e-05
0.0010605372
3.6444433e-05
0.0010650563
2.8065886e-05
0.0010684893
2.1523693e-05
0.0010711154
1.6616476e-05
0.0010731343
1.2898007e-05
0.0010747396
1.0240732e-05
0.00107608
8.4744671e-06
0.0010772451
7.3044091e-06
0.0010782907
6.5044749e-06
0.0010792553
5.955398e-06
0.0010801638
5.5756479e-06
0.0010810306
5.3005037e-06
0.0010818649
5.0882134e-06
0.0010826722
4.9161316e-06
0.0010834562
4.7693526e-06
0.0010842191
4.6385522e-06
0.0010849623
4.5179165e-06
0.001085687
4.4050362e-06
0.0010863944
4.2986898e-06
0.0010870852
4.1987679e-06
0.0010877604
4.1030326e-06
0.0010884207
4.0137152e-06
0.0010890661
3.9174101e-06
0.0010896988
3.8377401e-06
0.0010903122
3.6888508e-06
0.0010909166
3.6360785e-06
3.1875681e-06
0.0010537701
3.7708575e-05
0.0010598119
3.0402687e-05
0.0010643953
2.3482497e-05
0.0010678898
1.8029128e-05
0.0010705735
1.3932846e-05
0.0010726447
1.0826814e-05
0.00107429
8.595388e-06
0.0010756588
7.1056066e-06
0.0010768447
6.1185863e-06
0.0010779055
5.4436928e-06
0.0010788811
4.9797404e-06
0.0010797979
4.6588901e-06
0.0010806714
4.4269918e-06
0.0010815113
4.2483334e-06
0.0010823236
4.103836e-06
0.0010831121
3.9808142e-06
0.0010838793
3.8713591e-06
0.0010846267
3.7705166e-06
0.0010853556
3.6761698e-06
0.001086067
3.5873437e-06
0.0010867618
3.5039155e-06
0.001087441
3.4238642e-06
0.0010881052
3.3494811e-06
0.0010887545
3.2681694e-06
0.0010893899
3.2022652e-06
0.0010900069
3.0718306e-06
0.0010906085
3.0345821e-06
2.6379272e-06
0.0010531564
3.0099919e-05
0.0010592172
2.4341861e-05
0.0010638528
1.8846925e-05
0.0010673983
1.4483612e-05
0.0010701294
1.1201748e-05
0.0010722437
8.7124557e-06
0.0010739226
6.9164946e-06
0.0010753153
5.7129186e-06
0.0010765184
4.915459e-06
0.001077592
4.3700841e-06
0.001078577
3.9947821e-06
0.0010795007
3.7351667e-06
0.0010803798
3.5479115e-06
0.0010812244
3.4037703e-06
0.0010820408
3.2874428e-06
0.0010828332
3.188444e-06
0.0010836039
3.1006315e-06
0.0010843548
3.0196275e-06
0.0010850871
2.9439631e-06
0.0010858017
2.872666e-06
0.0010864999
2.8057886e-06
0.0010871822
2.7414879e-06
0.0010878496
2.6821209e-06
0.001088502
2.61571e-06
0.0010891395
2.5648039e-06
0.0010897597
2.4516158e-06
0.0010903577
2.4364634e-06
2.0849822e-06
0.0010526736
2.2535689e-05
0.001058748
1.8267529e-05
0.0010634244
1.4170517e-05
0.0010670106
1.0897472e-05
0.0010697793
8.4330078e-06
0.001071928
6.5637212e-06
0.0010736338
5.2106537e-06
0.0010750457
4.3011432e-06
0.0010762627
3.6983301e-06
0.0010773466
3.286277e-06
0.001078339
3.0023029e-06
0.0010792683
2.8059111e-06
0.0010801518
2.6643183e-06
0.0010810001
2.5555552e-06
0.0010818198
2.4677369e-06
0.0010826151
2.3931883e-06
0.0010833887
2.3270236e-06
0.0010841423
2.2661196e-06
0.0010848771
2.209149e-06
0.0010855943
2.1555071e-06
0.0010862948
2.1051978e-06
0.0010869796
2.0567151e-06
0.0010876492
2.0124087e-06
0.001088304
1.9610362e-06
0.0010889426
1.9260811e-06
0.0010895655
1.8287811e-06
0.0010901591
1.8428562e-06
1.5287758e-06
0.0010523172
1.5004537e-05
0.0010584007
1.2184093e-05
0.0010631072
9.4639886e-06
0.0010667239
7.2808439e-06
0.0010695206
5.6362432e-06
0.001071695
4.3893624e-06
0.0010734209
3.4846676e-06
0.0010748471
2.8749696e-06
0.0010760745
2.4708527e-06
0.0010771661
2.1947807e-06
0.001078164
2.0043093e-06
0.0010790974
1.8725679e-06
0.0010799841
1.7775442e-06
0.0010808351
1.7046999e-06
0.001081657
1.6457857e-06
0.0010824543
1.5959115e-06
0.0010832298
1.5515801e-06
0.0010839851
1.5108403e-06
0.0010847215
1.4727185e-06
0.0010854403
1.4367584e-06
0.0010861423
1.4031606e-06
0.0010868285
1.3705063e-06
0.0010874994
1.3414889e-06
0.0010881554
1.3050316e-06
0.0010887943
1.2871671e-06
0.0010894193
1.2037974e-06
0.0010900067
1.2554843e-06
9.6945093e-07
0.0010520852
7.4953805e-06
0.0010581737
6.0956126e-06
0.0010628995
4.7381264e-06
0.001066536
3.6443947e-06
0.001069351
2.8212856e-06
0.0010715419
2.1984657e-06
0.0010732809
1.7455925e-06
0.0010747163
1.4395476e-06
0.0010759504
1.2367042e-06
0.0010770468
1.0984513e-06
0.0010780481
1.0029037e-06
0.001078984
9.367345e-07
0.0010798726
8.8895828e-07
0.0010807249
8.5238398e-07
0.001081548
8.2273765e-07
0.0010823463
7.9769525e-07
0.0010831224
7.7542447e-07
0.0010838783
7.5496707e-07
0.0010846152
7.3583778e-07
0.0010853343
7.1767906e-07
0.0010860366
7.0089449e-07
0.001086723
6.8410231e-07
0.0010873938
6.7060452e-07
0.0010880498
6.4909864e-07
0.0010886874
6.4943107e-07
0.001089314
5.7723432e-07
0.0010898921
6.7745029e-07
4.0519524e-07
0.001051966
0.0010580616
0.0010627997
0.0010664441
0.0010692654
0.0010714639
0.0010732095
0.001074649
0.0010758857
0.0010769842
0.0010779871
0.0010789238
0.0010798128
0.0010806652
0.0010814879
0.0010822856
0.001083061
0.001083816
0.0010845518
0.0010852695
0.0010859704
0.0010866545
0.0010873251
0.0010879742
0.0010886236
0.0010892009
0.0010898783
)
;

boundaryField
{
    inlet
    {
        type            calculated;
        value           nonuniform List<scalar> 
27
(
-0.0010074074
-0.0010074074
-0.0010074074
-0.0010074074
-0.0010074074
-0.0010074074
-0.0010074074
-0.0010074074
-0.0010074074
-0.0010074074
-0.0010074074
-0.0010074074
-0.0010074074
-0.0010074074
-0.0010074074
-0.0010074074
-0.0010074074
-0.0010074074
-0.0010074074
-0.0010074074
-0.0010074074
-0.0010074074
-0.0010074074
-0.0010074074
-0.0010074074
-0.0010074074
-0.0010074074
)
;
    }
    outlet
    {
        type            calculated;
        value           nonuniform List<scalar> 
27
(
0.00019428155
0.00049162838
0.0007110323
0.00086573111
0.00096876321
0.0010327138
0.0010691824
0.0010878708
0.0010960679
0.0010987106
0.0010987953
0.001097923
0.0010968267
0.0010957801
0.0010948555
0.0010940555
0.0010933657
0.001092772
0.0010922626
0.0010918285
0.0010914623
0.001091158
0.0010909107
0.0010907153
0.0010905659
0.0010904562
0.0010902835
)
;
    }
    hydrofoilFlap
    {
        type            calculated;
        value           uniform 0;
    }
    farfield
    {
        type            calculated;
        value           uniform 0;
    }
    frontAndBack
    {
        type            empty;
    }
}


// ************************************************************************* //
