/*--------------------------------*- C++ -*----------------------------------*\
| =========                 |                                                 |
| \\      /  F ield         | OpenFOAM: The Open Source CFD Toolbox           |
|  \\    /   O peration     | Version:  2512                                  |
|   \\  /    A nd           | Website:  www.openfoam.com                      |
|    \\/     M anipulation  |                                                 |
\*---------------------------------------------------------------------------*/
FoamFile
{
    version     2.0;
    format      ascii;
    arch        "LSB;label=32;scalar=64";
    class       volVectorField;
    location    "72";
    object      U;
}
// * * * * * * * * * * * * * * * * * * * * * * * * * * * * * * * * * * * * * //

dimensions      [0 1 -1 0 0 0 0];

internalField   nonuniform List<vector> 
2052
(
(3.0861732 0.065570549 0)
(2.530326 0.092319487 0)
(2.0084103 0.069833188 0)
(1.5737349 0.040139182 0)
(1.270651 0.016165799 0)
(1.0822375 0.0016145471 0)
(0.96951032 -0.0045298374 0)
(0.90259773 -0.0056174243 0)
(0.86194637 -0.0045739076 0)
(0.83431456 -0.0030381669 0)
(0.81194219 -0.0017083958 0)
(0.79070653 -0.00073817054 0)
(0.77097107 -0.00017186949 0)
(0.74589418 0.00045198795 0)
(3.5192311 0.10943624 0)
(3.6396918 0.16954453 0)
(3.58124 0.16298331 0)
(3.4071995 0.13871054 0)
(3.1974801 0.10688003 0)
(2.9974031 0.075323091 0)
(2.8230265 0.050144975 0)
(2.6768793 0.032916438 0)
(2.5557509 0.022374088 0)
(2.4541951 0.016489782 0)
(2.3670408 0.013453614 0)
(2.289901 0.011922125 0)
(2.2213702 0.011262054 0)
(2.1539343 0.010773376 0)
(3.4241831 0.075868801 0)
(3.5460119 0.12628937 0)
(3.6586249 0.13605237 0)
(3.7191454 0.13375752 0)
(3.7272998 0.11894397 0)
(3.6954667 0.097176067 0)
(3.6386853 0.076360336 0)
(3.5702882 0.060243637 0)
(3.4989425 0.049055779 0)
(3.4286633 0.041683432 0)
(3.3607646 0.036877417 0)
(3.2951673 0.033561331 0)
(3.2324244 0.031421641 0)
(3.1690692 0.029217239 0)
(3.4105097 0.055147795 0)
(3.4712765 0.10217893 0)
(3.5458445 0.11372629 0)
(3.6138302 0.11449599 0)
(3.6698337 0.10588431 0)
(3.7083386 0.091289889 0)
(3.7275479 0.07656087 0)
(3.7312048 0.064748134 0)
(3.724547 0.056248203 0)
(3.711364 0.050442968 0)
(3.6938366 0.046568266 0)
(3.6729463 0.043852482 0)
(3.6497708 0.042199894 0)
(3.6231608 0.040250303 0)
(3.4084466 0.044914902 0)
(3.4536019 0.092484213 0)
(3.5056585 0.10471686 0)
(3.5493626 0.1041167 0)
(3.5872771 0.095942277 0)
(3.6199444 0.083191268 0)
(3.645365 0.070509806 0)
(3.6639271 0.060492754 0)
(3.6776264 0.053459988 0)
(3.6880376 0.048843476 0)
(3.695971 0.045971367 0)
(3.7016334 0.044155593 0)
(3.7053607 0.043287631 0)
(3.7066522 0.04225701 0)
(3.4063658 0.037261436 0)
(3.4437369 0.082039505 0)
(3.4893231 0.095158722 0)
(3.5262772 0.095281038 0)
(3.5550687 0.088649565 0)
(3.5782581 0.077601877 0)
(3.5960947 0.066105266 0)
(3.6097271 0.056800576 0)
(3.6211401 0.050197068 0)
(3.6317062 0.045847948 0)
(3.6419844 0.043170967 0)
(3.6520063 0.041566946 0)
(3.6617926 0.040881291 0)
(3.6710929 0.040347048 0)
(3.4048263 0.031128739 0)
(3.435542 0.072201779 0)
(3.4762179 0.086283356 0)
(3.510971 0.087601815 0)
(3.5378679 0.082573392 0)
(3.5588083 0.07323595 0)
(3.5742724 0.062960205 0)
(3.5854265 0.054333327 0)
(3.5942657 0.048030474 0)
(3.6023075 0.043750232 0)
(3.6102809 0.041023264 0)
(3.6183974 0.039356145 0)
(3.6267658 0.038574778 0)
(3.6353254 0.038156421 0)
(3.4037473 0.026278289 0)
(3.4291577 0.063697234 0)
(3.4651326 0.078388983 0)
(3.497539 0.080604557 0)
(3.52322 0.076748624 0)
(3.5435373 0.068876329 0)
(3.5588834 0.059806082 0)
(3.5700616 0.051937341 0)
(3.5787274 0.046040542 0)
(3.5862914 0.04193438 0)
(3.5935038 0.03924295 0)
(3.6006543 0.037561115 0)
(3.6079144 0.036711903 0)
(3.6153212 0.036314663 0)
(3.4029705 0.022410065 0)
(3.4242084 0.056267258 0)
(3.4560146 0.071101564 0)
(3.4860385 0.074013368 0)
(3.5103889 0.071117842 0)
(3.5299992 0.064528575 0)
(3.545272 0.056583435 0)
(3.5567623 0.04945793 0)
(3.5657993 0.043989352 0)
(3.5736301 0.040102481 0)
(3.5809596 0.03749886 0)
(3.588086 0.035845973 0)
(3.5951851 0.034972889 0)
(3.6023417 0.034587651 0)
(3.402401 0.01927205 0)
(3.4203272 0.049745029 0)
(3.4485088 0.06438454 0)
(3.4763008 0.067877788 0)
(3.4993859 0.065801485 0)
(3.5182614 0.060309627 0)
(3.5333331 0.053367409 0)
(3.5450027 0.046927681 0)
(3.5543403 0.041868186 0)
(3.5624487 0.038205245 0)
(3.5699912 0.035705924 0)
(3.5772696 0.034098046 0)
(3.5844583 0.033220993 0)
(3.5916744 0.032844362 0)
(3.4019771 0.01668566 0)
(3.4172575 0.044018201 0)
(3.4423013 0.058215821 0)
(3.4680263 0.062160045 0)
(3.4899396 0.060763999 0)
(3.5081296 0.056197647 0)
(3.5229685 0.050148375 0)
(3.5347476 0.04434941 0)
(3.5443196 0.03968724 0)
(3.5526538 0.036253312 0)
(3.5603753 0.033870991 0)
(3.5677897 0.032318501 0)
(3.5750745 0.031448364 0)
(3.5823692 0.031074959 0)
(3.4016566 0.014522805 0)
(3.4148096 0.038976712 0)
(3.4371466 0.052545433 0)
(3.4609684 0.05680367 0)
(3.4817918 0.055969712 0)
(3.4993484 0.05218857 0)
(3.5139485 0.046937005 0)
(3.5258 0.041737869 0)
(3.5355722 0.037460816 0)
(3.544108 0.034257959 0)
(3.5519923 0.032001868 0)
(3.559531 0.030512791 0)
(3.5669053 0.029658057 0)
(3.5742677 0.029285133 0)
(3.4014104 0.012688881 0)
(3.4128417 0.034519667 0)
(3.4328504 0.047326842 0)
(3.4549332 0.051771823 0)
(3.4747422 0.051400325 0)
(3.491712 0.048285639 0)
(3.5060717 0.043742058 0)
(3.5179648 0.039099715 0)
(3.5279085 0.035192977 0)
(3.5366281 0.032220913 0)
(3.5446664 0.030098315 0)
(3.552326 0.028680311 0)
(3.5597901 0.027849274 0)
(3.5672184 0.027477713 0)
(3.4012184 0.011113272 0)
(3.4112479 0.030559197 0)
(3.4292584 0.042517214 0)
(3.4497643 0.047033817 0)
(3.4686314 0.047036102 0)
(3.4850574 0.044485162 0)
(3.4991793 0.040566738 0)
(3.5110881 0.036439248 0)
(3.5211763 0.032888051 0)
(3.5300618 0.030145476 0)
(3.5382442 0.028162044 0)
(3.54602 0.026821889 0)
(3.5535736 0.026022005 0)
(3.5610674 0.025654369 0)
(3.4010666 0.0097427111 0)
(3.4099483 0.027019598 0)
(3.4262475 0.038075061 0)
(3.4453338 0.042561211 0)
(3.4633299 0.042857378 0)
(3.4792534 0.040782201 0)
(3.4931437 0.037414592 0)
(3.5050477 0.033761931 0)
(3.5152558 0.030551289 0)
(3.5242891 0.028035604 0)
(3.5326046 0.026195283 0)
(3.5404903 0.02493859 0)
(3.5481309 0.02417628 0)
(3.5556885 0.023816023 0)
(3.4009452 0.0085365121 0)
(3.408883 0.023835975 0)
(3.4237194 0.033960758 0)
(3.4415368 0.038328165 0)
(3.4587325 0.038846235 0)
(3.4741926 0.037171376 0)
(3.4878612 0.034288339 0)
(3.4997446 0.031072391 0)
(3.5100507 0.028186962 0)
(3.5192148 0.02589468 0)
(3.5276517 0.024200207 0)
(3.5356399 0.023031783 0)
(3.5433631 0.022312701 0)
(3.5509819 0.021963691 0)
(3.4008472 0.0074631002 0)
(3.4080059 0.02095284 0)
(3.4215951 0.030136892 0)
(3.4382866 0.034310776 0)
(3.4547519 0.03498606 0)
(3.4697875 0.033646525 0)
(3.4832464 0.031189331 0)
(3.495098 0.028374383 0)
(3.505483 0.025799092 0)
(3.5147616 0.023726202 0)
(3.5233083 0.022179253 0)
(3.5313909 0.021103045 0)
(3.5391914 0.020432133 0)
(3.5468677 0.020098309 0)
(3.4007675 0.0064976671 0)
(3.407282 0.018322906 0)
(3.4198111 0.026568412 0)
(3.4355115 0.030486484 0)
(3.4513164 0.031261193 0)
(3.4659653 0.030200897 0)
(3.4792288 0.028118004 0)
(3.4910412 0.025671026 0)
(3.5014889 0.023391215 0)
(3.5108667 0.021533431 0)
(3.5195117 0.020134902 0)
(3.5276801 0.019154122 0)
(3.5355518 0.018535632 0)
(3.5432817 0.018220955 0)
(3.4007024 0.0056203793 0)
(3.4066843 0.015905624 0)
(3.4183166 0.023222619 0)
(3.4331522 0.026833896 0)
(3.448366 0.027656783 0)
(3.4626663 0.026827329 0)
(3.4757502 0.025073922 0)
(3.4875193 0.022964885 0)
(3.4980158 0.020966528 0)
(3.507479 0.019319385 0)
(3.516211 0.018069661 0)
(3.5244564 0.017186874 0)
(3.5323928 0.016624465 0)
(3.5401716 0.016332671 0)
(3.4006492 0.0048151252 0)
(3.4061921 0.013666101 0)
(3.4170705 0.020069143 0)
(3.4311596 0.023332468 0)
(3.4458512 0.024158686 0)
(3.4598407 0.023518452 0)
(3.4727622 0.022055859 0)
(3.4844867 0.020257866 0)
(3.4950207 0.018527906 0)
(3.5045564 0.017086954 0)
(3.5133645 0.015985964 0)
(3.5216781 0.015203258 0)
(3.5296722 0.014700155 0)
(3.537495 0.014434634 0)
(3.400606 0.0040686732 0)
(3.405789 0.011574301 0)
(3.4160399 0.017079955 0)
(3.4294933 0.019962571 0)
(3.4437307 0.020753438 0)
(3.4574476 0.020266825 0)
(3.4702248 0.019062045 0)
(3.4819058 0.017551294 0)
(3.492468 0.016077699 0)
(3.5020645 0.014838653 0)
(3.510938 0.013886046 0)
(3.5193111 0.013205076 0)
(3.5273559 0.012764053 0)
(3.5352176 0.012527874 0)
(3.4005711 0.0033698501 0)
(3.4054626 0.009603816 0)
(3.4151987 0.014228917 0)
(3.4281201 0.016705146 0)
(3.4419705 0.017427876 0)
(3.4554531 0.017064973 0)
(3.4681052 0.016090324 0)
(3.4797457 0.014846404 0)
(3.4903287 0.013618443 0)
(3.4999753 0.012577332 0)
(3.5089041 0.011772568 0)
(3.5173278 0.011194512 0)
(3.5254161 0.010817708 0)
(3.5333114 0.010613457 0)
(3.4005434 0.002709102 0)
(3.4052033 0.0077313262 0)
(3.414526 0.01149186 0)
(3.4270135 0.013541829 0)
(3.440543 0.014168915 0)
(3.45383 0.013904617 0)
(3.4663767 0.013137172 0)
(3.4779813 0.012142864 0)
(3.4885792 0.011151367 0)
(3.498266 0.010304793 0)
(3.5072403 0.0096474408 0)
(3.515706 0.0091734359 0)
(3.5238306 0.0088627892 0)
(3.5317541 0.0086926884 0)
(3.4005221 0.0020781027 0)
(3.4050036 0.0059355482 0)
(3.4140057 0.0088461941 0)
(3.4261521 0.010455986 0)
(3.439426 0.010965951 0)
(3.4525562 0.010780215 0)
(3.4650181 0.010201393 0)
(3.4765927 0.0094422079 0)
(3.4872011 0.0086789739 0)
(3.4969191 0.0080235533 0)
(3.5059293 0.0075127897 0)
(3.5144285 0.007143436 0)
(3.5225821 0.0069004023 0)
(3.5305282 0.0067662502 0)
(3.4005065 0.0014701958 0)
(3.4048584 0.004195735 0)
(3.4136262 0.0062658039 0)
(3.4255201 0.007424467 0)
(3.4386029 0.0078012873 0)
(3.4516152 0.0076798967 0)
(3.4640133 0.0072769455 0)
(3.4755645 0.0067431769 0)
(3.4861799 0.0062028537 0)
(3.4959209 0.0057365727 0)
(3.5049579 0.0053720743 0)
(3.5134823 0.0051078131 0)
(3.5216577 0.0049333251 0)
(3.5296208 0.0048363845 0)
(3.4004957 0.00088455179 0)
(3.4047623 0.0025091199 0)
(3.4133782 0.0037463023 0)
(3.4251066 0.0044432747 0)
(3.438063 0.0046714914 0)
(3.4509972 0.0046001573 0)
(3.4633528 0.0043605993 0)
(3.4748882 0.0040429062 0)
(3.4855076 0.003720554 0)
(3.4952634 0.0034417386 0)
(3.5043178 0.0032235871 0)
(3.5128586 0.0030653447 0)
(3.5210482 0.0029607742 0)
(3.5290225 0.002902553 0)
(3.4004932 0.00029882565 0)
(3.4047216 0.00084036076 0)
(3.4132662 0.0012520453 0)
(3.4249136 0.0014838821 0)
(3.4378057 0.0015587735 0)
(3.450699 0.0015335222 0)
(3.4630313 0.0014526688 0)
(3.4745566 0.0013463373 0)
(3.4851761 0.001238788 0)
(3.4949377 0.0011458921 0)
(3.5039998 0.0010733472 0)
(3.5125481 0.0010208485 0)
(3.5207445 0.00098625131 0)
(3.5287243 0.00096705483 0)
(0.73565098 0.0015980035 2.0584361e-23)
(0.7300539 0.0026134148 1.1554587e-23)
(0.72049144 0.0030957315 0)
(0.70739188 0.00319754 0)
(0.69364534 0.0031289361 0)
(0.68030938 0.0030337505 1.1636635e-18)
(0.66736427 0.0029643156 2.3394195e-18)
(0.65469442 0.0029255795 0)
(0.64215285 0.0029177929 0)
(0.62944126 0.002946636 -1.1884887e-18)
(0.61615946 0.0030171442 -1.1957687e-18)
(0.60162724 0.0031483781 0)
(0.58545562 0.003327285 0)
(0.56532002 0.0036824332 0)
(0.54409088 0.0038761782 0)
(0.50590606 0.005252769 0)
(0.49034281 0.0036287874 0)
(0.3593796 0.01058105 -1.3454824e-18)
(2.1048287 0.01181197 -6.3530052e-19)
(2.0638118 0.01290705 -2.267594e-23)
(2.025284 0.013573282 -6.4824522e-19)
(1.9875631 0.01383796 0)
(1.9510199 0.013772396 -6.6220574e-19)
(1.9159273 0.013526496 6.6931227e-19)
(1.8821866 0.013241872 -6.7634488e-19)
(1.849582 0.013002649 6.8335169e-19)
(1.8178151 0.012864333 0)
(1.7864237 0.012878785 -2.7011743e-24)
(1.7547864 0.013105887 7.0441966e-19)
(1.7219092 0.013615316 -7.1200727e-19)
(1.686919 0.01452031 -7.2040353e-19)
(1.6468635 0.015942766 -7.3003571e-19)
(1.603559 0.018094759 7.4211865e-19)
(1.5393692 0.021613671 -7.5603105e-19)
(1.4938499 0.025189236 7.8055509e-19)
(1.3154817 0.037703829 7.9315822e-19)
(3.1159641 0.029618827 0)
(3.0679539 0.029923633 -4.8832429e-23)
(3.0221478 0.029680164 4.5980341e-19)
(2.9775035 0.029143945 0)
(2.9341477 0.028413072 4.6791743e-19)
(2.8921832 0.027591837 -4.7204117e-19)
(2.8514998 0.026808505 0)
(2.8119097 0.02615992 4.8019265e-24)
(2.7731548 0.025722955 0)
(2.7348406 0.025579632 9.7651452e-19)
(2.6964118 0.025837753 -9.8447977e-19)
(2.6570064 0.026626429 9.9256396e-19)
(2.6156794 0.028183718 5.0053366e-19)
(2.570097 0.030677314 5.0506679e-19)
(2.5204086 0.034876088 -2.8610747e-22)
(2.4542938 0.040660227 5.1578962e-19)
(2.3963951 0.050593293 -6.775098e-22)
(2.234402 0.066096262 0)
(3.597592 0.040981748 0)
(3.572903 0.041379574 -7.9310935e-19)
(3.5479063 0.041091103 0)
(3.5220317 0.040518779 0)
(3.4954747 0.039764151 0)
(3.4684475 0.038896393 0)
(3.4410214 0.038046145 0)
(3.4132157 0.037337594 -8.0761128e-19)
(3.3849974 0.036880254 -4.0533303e-19)
(3.3562209 0.036794122 -8.1376004e-19)
(3.3266023 0.037236626 4.0843555e-19)
(3.2956108 0.038401764 -8.1977915e-19)
(3.2626033 0.040630662 0)
(3.2259606 0.044186647 -4.125962e-19)
(3.1854955 0.05022823 -8.2793741e-19)
(3.1329116 0.058239018 -4.1492817e-19)
(3.0835777 0.073911189 -9.9592076e-22)
(2.9613764 0.092035465 -4.1313583e-19)
(3.7059883 0.043432412 0)
(3.7049861 0.044281831 3.8299161e-19)
(3.7030306 0.044434635 0)
(3.699556 0.044294702 0)
(3.6945915 0.043963998 0)
(3.6882505 0.043491153 -3.7858711e-19)
(3.6805738 0.043002263 0)
(3.6715992 0.042633968 3.774587e-19)
(3.661365 0.042514269 7.5404429e-19)
(3.6498531 0.04278749 7.5323289e-19)
(3.6369681 0.043645584 0)
(3.6224469 0.045330804 7.5139614e-19)
(3.6059875 0.048255701 0)
(3.5865756 0.052774565 7.4841142e-19)
(3.5643114 0.060258773 3.7311984e-19)
(3.5337448 0.070156712 7.4237046e-19)
(3.5049642 0.089599618 -3.6835224e-19)
(3.43187 0.11064003 7.245891e-19)
(3.679394 0.041488362 0)
(3.6880533 0.042526192 0)
(3.6965899 0.042980748 0)
(3.7043589 0.043164722 1.8991021e-19)
(3.7112107 0.043188715 -1.8886782e-19)
(3.7171242 0.043090189 3.7579012e-19)
(3.7220325 0.042978114 0)
(3.7258856 0.042984675 0)
(3.7286686 0.043241397 -3.705952e-19)
(3.7303585 0.043901341 -5.5338381e-19)
(3.7309103 0.045172749 0)
(3.7301873 0.0473226 -3.6541942e-19)
(3.7280947 0.050801707 0)
(3.7240512 0.056021825 -5.413509e-19)
(3.7184386 0.064428635 0)
(3.7080185 0.075637663 -3.5435535e-19)
(3.6992502 0.096740478 0)
(3.6693462 0.1206358 -3.4050001e-19)
(3.6438656 0.038991827 0)
(3.653239 0.039939651 0)
(3.6631184 0.040439173 0)
(3.6729242 0.040696985 -1.9157573e-19)
(3.6824668 0.040837396 1.9037748e-19)
(3.6917003 0.040895285 1.8922202e-19)
(3.7005365 0.040961602 0)
(3.7088935 0.041160536 0)
(3.7167276 0.041622973 0)
(3.7240044 0.042503383 1.8478457e-19)
(3.7306919 0.044014224 0)
(3.736712 0.046430257 0)
(3.7420653 0.05021281 -1.8081547e-19)
(3.7464538 0.05580452 1.7929782e-19)
(3.7503467 0.064613654 0)
(3.7521615 0.076527475 0)
(3.7556829 0.0976756 0)
(3.7534751 0.12359154 -1.6535253e-19)
(3.6229121 0.036872229 0)
(3.6312784 0.037662156 1.9543984e-19)
(3.6402387 0.038116507 0)
(3.6493317 0.03835113 0)
(3.658387 0.038496301 0)
(3.667383 0.038589282 -1.905979e-19)
(3.676265 0.038707689 0)
(3.6849733 0.038969332 1.8829392e-19)
(3.6934797 0.039504726 1.8712236e-19)
(3.7017685 0.040468126 1.8590411e-19)
(3.7098319 0.042071272 1.8460411e-19)
(3.7176381 0.044589544 1.8317708e-19)
(3.7252336 0.04847869 3.632187e-19)
(3.7325027 0.054200617 1.7964382e-19)
(3.7398788 0.06305778 1.7725358e-19)
(3.7468534 0.075231731 1.7431337e-19)
(3.7554905 0.095570745 1.7008658e-19)
(3.7662961 0.12228832 7.3262107e-22)
(3.6096368 0.034958016 1.9755422e-19)
(3.617527 0.035608963 -1.9637497e-19)
(3.6259177 0.036018456 0)
(3.6344424 0.036230176 0)
(3.6429415 0.036368128 0)
(3.6514032 0.036473542 0)
(3.6597988 0.036614516 1.9045805e-19)
(3.6680908 0.036902785 -3.7861659e-19)
(3.6762696 0.03746788 -1.7488785e-23)
(3.684341 0.038463035 -1.8691307e-19)
(3.6923213 0.040097222 -1.8559844e-19)
(3.7002165 0.042644138 -7.8518977e-23)
(3.7081007 0.046546847 -1.824897e-19)
(3.7159763 0.052281238 -1.7538572e-22)
(3.724221 0.061021483 -1.7810424e-19)
(3.7329314 0.073198575 -1.7507388e-19)
(3.7432762 0.092478891 -3.4122668e-19)
(3.7588229 0.11896318 3.2912634e-19)
(3.5989959 0.03308767 -1.0898328e-23)
(3.6067831 0.03362254 0)
(3.6149877 0.033995331 1.9592104e-19)
(3.6233154 0.034195693 0)
(3.6316107 0.034333167 1.9356032e-19)
(3.6398572 0.034453147 0)
(3.6480366 0.034616932 -1.9125813e-19)
(3.6561224 0.034929557 1.9010184e-19)
(3.6641137 0.035518145 -1.8891608e-19)
(3.6720286 0.036533674 0)
(3.6798998 0.038180873 0)
(3.687762 0.040730371 -1.8484353e-19)
(3.6957108 0.044609631 -1.8301468e-19)
(3.7038316 0.050302716 -1.8110707e-19)
(3.7124723 0.058859964 0)
(3.7220619 0.070886559 0)
(3.733377 0.089121845 1.711352e-19)
(3.7508193 0.11471968 -1.6501194e-19)
(3.5897575 0.031224431 -1.9900811e-19)
(3.5975258 0.031659105 0)
(3.6056527 0.031996215 -1.9664119e-19)
(3.6139045 0.03218825 0)
(3.6221338 0.032326787 -1.7853141e-24)
(3.6303178 0.032460587 0)
(3.6384438 0.032646226 0)
(3.6464924 0.032981581 0)
(3.6544674 0.033589728 0)
(3.6623953 0.03461827 0)
(3.6703216 0.036266663 0)
(3.6783052 0.038800938 0)
(3.6864632 0.042631372 1.8365825e-19)
(3.6949477 0.048242744 0)
(3.7041045 0.056574041 0)
(3.7145669 0.068331569 0)
(3.7269502 0.085570493 0)
(3.7457792 0.10992583 0)
(3.5817131 0.029363048 1.9964371e-19)
(3.5894732 0.029711832 -1.9848993e-19)
(3.5975425 0.030012866 1.9729506e-19)
(3.6057389 0.030195994 0)
(3.6139278 0.030334418 -2.0017848e-24)
(3.6220828 0.030478738 -1.9376363e-19)
(3.6301959 0.03068209 1.9259192e-19)
(3.6382549 0.031035008 -1.9140205e-19)
(3.6462689 0.031655285 1.901713e-19)
(3.6542723 0.03268632 1.888683e-19)
(3.6623236 0.034321616 -1.8745035e-19)
(3.6705043 0.036821013 0)
(3.6789549 0.04057604 -1.8401423e-19)
(3.6878844 0.046064263 1.8180566e-19)
(3.6976537 0.054125429 -1.790561e-19)
(3.7090352 0.065509317 1.7558243e-19)
(3.7225763 0.081769842 -1.7103284e-19)
(3.7427407 0.10469658 1.6469512e-19)
(3.5747161 0.027501375 -2.0024718e-19)
(3.5824751 0.027777719 1.9910342e-19)
(3.5904992 0.028043265 -1.9791206e-19)
(3.5986486 0.028216428 0)
(3.6068042 0.028353447 -1.9554389e-19)
(3.6149382 0.028504838 1.9437022e-19)
(3.6230467 0.028720866 -1.9319125e-19)
(3.631125 0.02908477 1.9199329e-19)
(3.6391881 0.029708401 -1.907542e-19)
(3.6472791 0.030730406 -3.1674612e-23)
(3.6554694 0.032337567 1.8801719e-19)
(3.6638623 0.034781809 0)
(3.6726223 0.038434242 1.8457019e-19)
(3.6820073 0.043757796 -1.8236059e-19)
(3.6924011 0.051503148 1.7962544e-19)
(3.7046719 0.06242246 -1.7617444e-19)
(3.7193397 0.07769899 1.7171437e-19)
(3.7407379 0.099102031 -1.6551583e-19)
(3.5686155 0.025637217 0)
(3.576381 0.025853064 0)
(3.5843722 0.026084752 0)
(3.5924839 0.026247193 0)
(3.6006135 0.026381746 0)
(3.6087332 0.026536986 -1.9492969e-19)
(3.6168425 0.026760563 0)
(3.6249439 0.027128735 0)
(3.6330591 0.02774712 0)
(3.6412395 0.028749103 -1.8995159e-19)
(3.6495694 0.030313918 0)
(3.6581727 0.032683466 1.8680525e-19)
(3.667237 0.036206799 0)
(3.6770619 0.041326001 1.8258623e-19)
(3.6880569 0.048711458 0)
(3.7011537 0.05909005 0)
(3.7168641 0.073368457 -1.7156449e-19)
(3.7393504 0.093204641 1.6529643e-19)
(3.5632851 0.023768659 0)
(3.5710622 0.023934556 -2.001942e-19)
(3.5790308 0.024134806 0)
(3.5871136 0.024286081 1.9782713e-19)
(3.5952238 0.02441707 0)
(3.6033351 0.024573085 1.9546117e-19)
(3.6114501 0.024799205 0)
(3.6195779 0.025165312 -1.9303407e-19)
(3.6277469 0.02577058 0)
(3.6360171 0.026742458 0)
(3.6444848 0.028251588 -1.8891824e-19)
(3.653293 0.030527682 -3.7456304e-19)
(3.662651 0.033896294 0)
(3.672894 0.038774054 -1.4706706e-22)
(3.6844572 0.045758742 -1.8009755e-19)
(3.6983123 0.055534188 0)
(3.7149709 0.068799242 3.7871682e-22)
(3.7384057 0.087056917 -4.7308642e-22)
(3.5586243 0.021894777 0)
(3.5664164 0.022019956 4.0139811e-19)
(3.5743704 0.022191596 0)
(3.5824313 0.022331304 -1.9833489e-19)
(3.5905275 0.022457473 0)
(3.5986349 0.022611269 0)
(3.6067592 0.022835199 0)
(3.6149155 0.023193437 1.9352683e-19)
(3.623139 0.023778528 -1.9223046e-19)
(3.6314979 0.024711007 1.908609e-19)
(3.6400998 0.026151674 3.7876946e-19)
(3.649105 0.028316206 6.6396046e-23)
(3.6587434 0.031505634 1.8571128e-19)
(3.66938 0.036107909 -3.668627e-19)
(3.6814742 0.042654763 3.611387e-19)
(3.6960217 0.051776544 -1.7685637e-19)
(3.7135356 0.064014481 3.4493807e-19)
(3.7377979 0.080700824 -1.6660844e-19)
(3.5545531 0.020015095 0)
(3.562362 0.020107565 -1.0059023e-19)
(3.5703074 0.020253565 0)
(3.5783521 0.020381305 0)
(3.5864382 0.020501228 -9.8811146e-20)
(3.5945451 0.02065003 9.8213586e-20)
(3.602681 0.02086763 -9.7608045e-20)
(3.6108669 0.02121284 0)
(3.6191442 0.02177125 2.8903729e-19)
(3.627589 0.022655499 -9.5677717e-20)
(3.6363196 0.024015305 -9.4937821e-20)
(3.6455118 0.026050951 1.8815475e-19)
(3.6554143 0.029038299 -9.3150049e-20)
(3.6664176 0.033334462 2.7576888e-19)
(3.6790031 0.039410669 -9.0613823e-20)
(3.6941789 0.047838243 1.7750489e-19)
(3.7124583 0.05903751 -8.6687888e-20)
(3.7374423 0.074169907 8.3357513e-20)
(3.5510068 0.018129641 1.0138701e-19)
(3.5588333 0.018196193 -1.1877129e-24)
(3.5667744 0.018319338 1.0022634e-19)
(3.5748074 0.018434725 -9.9632902e-20)
(3.5828866 0.018547009 1.1549225e-24)
(3.5909953 0.018688435 -9.8439771e-20)
(3.5991444 0.018896153 9.7832899e-20)
(3.6073596 0.019223715 -9.7206157e-20)
(3.6156889 0.01974934 -9.656367e-20)
(3.6242155 0.020576887 -9.5875225e-20)
(3.6330676 0.021843979 -1.9022872e-19)
(3.6424347 0.023734458 9.4251942e-20)
(3.6525829 0.02649878 -1.8656836e-19)
(3.663924 0.030461752 -1.8422759e-19)
(3.6769588 0.036038725 -8.2693748e-23)
(3.6927002 0.043739501 -8.8851945e-20)
(3.7116594 0.05389067 -1.7337919e-19)
(3.7372699 0.067491148 -8.3835992e-20)
(3.547933 0.016238474 -1.0160494e-19)
(3.5557771 0.016284781 -1.0103228e-19)
(3.5637171 0.016387689 -2.0088789e-19)
(3.5717418 0.016490573 9.9569897e-25)
(3.5798166 0.016594086 9.9254316e-20)
(3.5879287 0.016726119 0)
(3.5960914 0.016920778 9.8042186e-20)
(3.6043352 0.01722634 4.5874951e-24)
(3.6127137 0.017713338 0)
(3.6213168 0.018476118 -9.6067867e-20)
(3.6302814 0.019639547 1.7946673e-23)
(3.6398099 0.021370127 -9.4482235e-20)
(3.6501833 0.023892715 3.8359407e-23)
(3.6618318 0.027498918 5.4227433e-23)
(3.6752727 0.03255172 -9.0938382e-20)
(3.6915183 0.039499195 1.0043452e-22)
(3.7110756 0.048594651 1.2938346e-22)
(3.7372264 0.06068666 -8.3992236e-20)
(3.5452892 0.014341976 1.0181476e-19)
(3.5531501 0.014372824 0)
(3.5610911 0.014457885 1.006518e-19)
(3.5691103 0.01454822 1.0005774e-19)
(3.5771825 0.01464192 0)
(3.5852989 0.014762751 0)
(3.5934752 0.014941477 -2.5408455e-24)
(3.601746 0.015221006 4.2035209e-24)
(3.61017 0.015663931 0)
(3.6188432 0.01635453 1.0686559e-23)
(3.6279106 0.017404412 1.6200985e-23)
(3.6375853 0.018962054 -9.4658329e-20)
(3.6481622 0.021226481 9.3710962e-20)
(3.6600864 0.024455334 9.2560325e-20)
(3.6738891 0.028962241 0)
(3.6905788 0.035134794 8.9296593e-23)
(3.7106568 0.043168551 8.7306628e-20)
(3.7372689 0.053775232 1.3863092e-22)
(3.5430408 0.012440497 5.8139524e-25)
(3.5509172 0.01245988 -1.0143814e-19)
(3.5588606 0.012529195 0)
(3.5668763 0.012607033 0)
(3.5749472 0.012690024 0)
(3.5830683 0.012798082 0)
(3.5912576 0.012958315 -9.8443518e-20)
(3.5995532 0.013208174 3.762854e-24)
(3.6080183 0.013602141 9.7157857e-20)
(3.6167544 0.014213995 1.9293461e-19)
(3.6259137 0.01514161 1.4322991e-23)
(3.6357187 0.016514876 1.8974204e-19)
(3.646476 0.018506709 0)
(3.6586432 0.02134032 9.2736462e-20)
(3.6727628 0.025282566 -9.1343434e-20)
(3.6898377 0.030662593 1.7934146e-19)
(3.7103627 0.037630207 -8.7518145e-20)
(3.737364 0.046773496 1.6962026e-19)
(3.5411597 0.010534471 -1.5331241e-19)
(3.54905 0.010545653 1.5244416e-19)
(3.5569964 0.010601115 0)
(3.5650101 0.010666627 -5.022272e-20)
(3.5730807 0.010738212 0)
(3.5812066 0.010832113 0)
(3.5894078 0.010971563 -4.9314749e-20)
(3.5977255 0.011188483 1.4700411e-19)
(3.6062268 0.011529153 -4.8678463e-20)
(3.615018 0.012056626 -4.8334731e-20)
(3.6242574 0.012854442 9.591322e-20)
(3.6341757 0.014033432 -4.7549406e-20)
(3.6450893 0.015740104 0)
(3.657466 0.018163171 -1.394896e-19)
(3.6718573 0.021524808 1.3745399e-19)
(3.6892598 0.026098082 -8.9996245e-20)
(3.7101615 0.031996625 1.3188787e-19)
(3.7374859 0.039696617 -4.2688358e-20)
(3.5396234 0.0086246915 5.1196772e-20)
(3.5475258 0.0086303418 -5.0906459e-20)
(3.5554755 0.0086735542 0)
(3.5634881 0.0087268666 5.0314295e-20)
(3.5715589 0.0087863548 0)
(3.5796893 0.0088648336 -4.9712255e-20)
(3.587901 0.0089815459 4.9406322e-20)
(3.5962376 0.0091627882 -4.9092569e-20)
(3.6047698 0.0094465427 -2.1881933e-24)
(3.6136078 0.0098847879 -4.8423247e-20)
(3.6229149 0.010546419 0)
(3.6329287 0.011522648 -7.5082102e-24)
(3.6439737 0.012933514 0)
(3.6565258 0.014933183 4.6619346e-20)
(3.6711435 0.017701027 -9.1895109e-20)
(3.688817 0.021456289 0)
(3.7100281 0.026283939 -4.4156796e-20)
(3.7376147 0.032558258 -4.1486167e-23)
(3.5384145 0.0067112931 0)
(3.5463268 0.0067136101 -5.0994422e-20)
(3.5542795 0.0067459415 0)
(3.5622918 0.0067872697 5.040167e-20)
(3.5703631 0.0068341076 0)
(3.5784974 0.0068962198 4.980007e-20)
(3.5867178 0.0069886808 0)
(3.59507 0.0071320142 -4.9179195e-20)
(3.6036273 0.0073558936 -4.885577e-20)
(3.6125032 0.0077009514 -4.8511266e-20)
(3.6218652 0.0082211161 -4.8141943e-20)
(3.6319561 0.0089876829 -9.5473329e-20)
(3.6431069 0.01009415 0)
(3.6557998 0.011660118 0)
(3.6705985 0.013823805 1.6156094e-23)
(3.6884876 0.016752638 0)
(3.709943 0.02050881 -4.4321827e-20)
(3.7377347 0.025372239 -4.3086746e-20)
(3.5375199 0.0047958867 0)
(3.5454397 0.0047963253 2.5539542e-20)
(3.553395 0.0048186264 0)
(3.5614072 0.0048480255 -5.0485993e-20)
(3.569479 0.0048817553 0)
(3.5776164 0.0049266635 0)
(3.5858436 0.0049935671 0)
(3.5942076 0.0050971871 2.4632968e-20)
(3.602784 0.0052587714 0)
(3.6116887 0.0055074398 4.8602792e-20)
(3.6210921 0.0058818592 2.4120987e-20)
(3.6312413 0.0064331334 4.7839333e-20)
(3.6424719 0.0072280883 2.3690824e-20)
(3.6552707 0.0083518934 2.3427432e-20)
(3.6702051 0.0099027347 2.3125208e-20)
(3.6882553 0.011997922 2.2733303e-20)
(3.7098919 0.014681524 4.4552395e-20)
(3.7378368 0.018142868 0)
(3.53693 0.0028780734 0)
(3.5448547 0.0028780756 2.5580039e-20)
(3.5528116 0.0028912572 -1.2716081e-20)
(3.5608239 0.0029089118 1.2641647e-20)
(3.5688961 0.0029293372 -1.2566708e-20)
(3.5770355 0.0029565817 1.2491158e-20)
(3.5852673 0.0029971642 0)
(3.5936393 0.0030600138 2.4673618e-20)
(3.6022285 0.00315789 0)
(3.6111524 0.0033083812 0)
(3.6205838 0.0035348135 2.416554e-20)
(3.6307721 0.003867891 0)
(3.6420561 0.0043478587 -2.3749323e-20)
(3.6549259 0.0050256071 -2.3495142e-20)
(3.669951 0.0059603984 2.3193836e-20)
(3.688109 0.0072200728 -2.2830076e-20)
(3.7098653 0.0088353567 0)
(3.7379141 0.010904231 0)
(3.5366359 0.00095906624 0)
(3.5445633 0.00095919265 0)
(3.5525213 0.00096366708 1.1764342e-20)
(3.5605337 0.00096962341 -1.1696402e-20)
(3.5686063 0.00097652145 1.1628011e-20)
(3.576747 0.00098571907 -1.1559107e-20)
(3.5849812 0.00099938896 0)
(3.5933576 0.0010205341 0)
(3.6019537 0.0010534502 0)
(3.6108881 0.0011040679 0)
(3.6203344 0.0011801739 0)
(3.6305437 0.0012920535 0)
(3.6418565 0.0014532032 0)
(3.6547646 0.0016805148 0)
(3.6698382 0.0019940714 0)
(3.688055 0.0024154272 0)
(3.7098752 0.0029572652 0)
(3.7379821 0.0036454298 0)
(0.40424237 0.0081991015 0)
(0.48745265 0.023427945 1.8639427e-21)
(0.56705451 0.042150292 0)
(0.63219186 0.056131326 1.7282002e-18)
(0.69074678 0.066384688 0)
(0.74733817 0.075155719 -1.531773e-18)
(0.79976019 0.08325509 0)
(0.8542736 0.090195057 1.4235588e-18)
(1.3382027 0.039793519 0)
(1.4137382 0.051898228 2.8776115e-21)
(1.4917809 0.071071895 0)
(1.5615586 0.089274797 0)
(1.6283161 0.10516936 0)
(1.6945327 0.11996831 8.0679426e-19)
(1.7575399 0.13397667 -7.7750391e-19)
(1.8220697 0.14708493 7.6448502e-19)
(2.241438 0.081230568 -6.2114619e-19)
(2.2999327 0.093859737 3.0483924e-21)
(2.3595823 0.1104712 0)
(2.4116329 0.12710753 -5.7723016e-19)
(2.461948 0.14263735 0)
(2.5127914 0.15743097 -5.5798334e-19)
(2.5617565 0.17143391 5.5069609e-19)
(2.611918 0.18499758 -1.0900356e-18)
(2.9585784 0.11586645 4.8258258e-19)
(2.997814 0.1285085 4.7029032e-19)
(3.0379822 0.14226526 -4.619949e-19)
(3.0721648 0.15674449 4.6213609e-19)
(3.105362 0.17132119 0)
(3.1396284 0.18559088 4.5415166e-19)
(3.1732039 0.19915569 -4.459685e-19)
(3.2077081 0.21260922 4.480768e-19)
(3.4265421 0.13804589 -4.1540871e-19)
(3.449247 0.15053112 0)
(3.4731885 0.16255253 8.1459952e-19)
(3.4933342 0.17530895 -4.0460456e-19)
(3.5130741 0.18863075 0)
(3.534114 0.20179964 0)
(3.5554637 0.2143 4.0141694e-19)
(3.5776887 0.22669768 0)
(3.6671947 0.1477093 3.9099806e-19)
(3.6791247 0.15954987 0)
(3.6925975 0.17047709 -3.8417563e-19)
(3.7043035 0.18179877 3.8382094e-19)
(3.7160768 0.19365992 0)
(3.7291653 0.20543537 0)
(3.7431763 0.21665953 0)
(3.7580687 0.22771532 0)
(3.7563675 0.1483316 3.7631763e-19)
(3.7631873 0.15915946 3.7277935e-19)
(3.7716356 0.16931766 3.7229326e-19)
(3.7797188 0.17955327 3.7193328e-19)
(3.788193 0.1901125 3.7144679e-19)
(3.7978499 0.20060333 3.7053898e-19)
(3.8086281 0.21066806 3.6920871e-19)
(3.8202534 0.22048813 3.7038299e-19)
(3.7734083 0.14432047 -2.7765895e-21)
(3.7787454 0.15399373 -7.420573e-19)
(3.7855431 0.16341185 -7.4138836e-19)
(3.7926893 0.17274009 -2.457878e-21)
(3.800415 0.1821792 -7.3970859e-19)
(3.8091581 0.19154278 -7.3794945e-19)
(3.8189756 0.2005859 -3.6889427e-19)
(3.8295792 0.20935673 -7.3786169e-19)
(3.768738 0.1386822 -3.7451947e-19)
(3.7741447 0.14722716 3.7110979e-19)
(3.7807105 0.15582122 3.7080917e-19)
(3.7878618 0.16430504 -3.7039668e-19)
(3.7956874 0.17278219 3.6980113e-19)
(3.8044019 0.18118055 3.6887091e-19)
(3.8140643 0.1893396 0)
(3.8244398 0.19724549 3.6881948e-19)
(3.7625804 0.13261605 0)
(3.768441 0.14016139 0)
(3.775159 0.14789891 3.6788303e-19)
(3.7824624 0.15557622 0)
(3.790469 0.1632098 0)
(3.7992791 0.17076603 0)
(3.8089176 0.1781382 0)
(3.8192011 0.18529359 0)
(3.7589002 0.1263306 0)
(3.7651961 0.13303403 0)
(3.7721141 0.13996048 -3.6903503e-19)
(3.7795357 0.14688051 0)
(3.7876457 0.15375928 0)
(3.7964995 0.16056676 0)
(3.8060903 0.16722806 0)
(3.8162674 0.1737094 0)
(3.7569498 0.11978544 3.7092155e-19)
(3.7635939 0.1257825 3.6696217e-19)
(3.770697 0.13198036 0)
(3.7782128 0.13820469 3.6593457e-19)
(3.7863791 0.14440177 3.6514677e-19)
(3.7952396 0.15053684 3.6411616e-19)
(3.8047681 0.15655272 0)
(3.8148328 0.16241858 3.6420239e-19)
(3.7558381 0.11296672 -3.719854e-19)
(3.7627547 0.11835679 -1.4838168e-21)
(3.7700217 0.12391007 -3.6590766e-19)
(3.7776255 0.12950307 -3.6678908e-19)
(3.7858341 0.13508181 -1.5017683e-21)
(3.7946911 0.14060843 -3.6487405e-19)
(3.8041605 0.14603569 -3.6212488e-19)
(3.8141235 0.15133579 -1.431104e-21)
(3.755184 0.1059038 1.8511042e-19)
(3.7623145 0.11075695 -3.6737575e-19)
(3.7697223 0.11573684 3.6677389e-19)
(3.777409 0.12075791 1.823688e-19)
(3.7856556 0.12577312 -3.6521796e-19)
(3.7945077 0.13074475 1.8138623e-19)
(3.8039251 0.13563197 3.628168e-19)
(3.8137998 0.14040968 -3.6413788e-19)
(3.7548476 0.098637801 -3.7057994e-19)
(3.7621461 0.10300471 -1.8286021e-19)
(3.7696708 0.10746781 0)
(3.7774316 0.11196793 -3.6491462e-19)
(3.7857117 0.11646627 -1.8169379e-19)
(3.7945581 0.12092755 -3.6287737e-19)
(3.8039289 0.12531605 0)
(3.8137264 0.12960931 -1.8116582e-19)
(3.7547484 0.091205624 1.8545171e-19)
(3.7621791 0.095124464 3.6603504e-19)
(3.7697986 0.099115116 0)
(3.7776222 0.10313653 1.8253634e-19)
(3.7859303 0.10715735 3.6357186e-19)
(3.7947694 0.11114595 1.8148512e-19)
(3.8040979 0.11507119 0)
(3.8138269 0.11891325 3.6245665e-19)
(3.754821 0.083636886 -1.8487967e-19)
(3.7623557 0.087137416 -3.6584461e-19)
(3.7700508 0.090690612 0)
(3.777926 0.09426807 -1.8187578e-19)
(3.786256 0.097844654 -1.8187315e-19)
(3.7950864 0.10139279 -1.8080371e-19)
(3.8043758 0.10488567 0)
(3.8140436 0.10830594 -1.8128912e-19)
(3.7550102 0.075954771 3.7020247e-19)
(3.7626268 0.079060916 3.6574986e-19)
(3.7703816 0.082204873 0)
(3.7782982 0.085367275 3.6406578e-19)
(3.7866448 0.088528106 1.8130912e-19)
(3.7954653 0.09166377 3.6186556e-19)
(3.804719 0.094751406 0)
(3.8143323 0.097775838 1.8072817e-19)
(3.7552715 0.068177714 -1.853162e-19)
(3.7629527 0.070909294 -1.8306436e-19)
(3.7707544 0.073667385 0)
(3.7787038 0.076439161 -1.8218785e-19)
(3.7870626 0.07920877 -1.8166654e-19)
(3.7958727 0.081956266 -3.7722674e-22)
(3.8050942 0.084662276 -1.8001549e-19)
(3.8146589 0.087313509 -1.8105253e-19)
(3.7555694 0.060321028 1.8503239e-19)
(3.7633016 0.062694849 1.8275773e-19)
(3.7711401 0.065086816 1.823083e-19)
(3.7791155 0.067488775 1.8184545e-19)
(3.787483 0.069888201 1.8131223e-19)
(3.796283 0.072268389 -3.2782014e-22)
(3.8054757 0.074613022 1.8034815e-19)
(3.8149975 0.076910515 1.8069591e-19)
(3.7558767 0.052398048 -2.780415e-19)
(3.7636491 0.054428434 -1.8315799e-19)
(3.7715163 0.056470888 -1.8269434e-19)
(3.7795122 0.058520491 -2.7318462e-19)
(3.787886 0.060567394 -2.7236554e-19)
(3.7966763 0.062597745 -2.7143221e-19)
(3.8058436 0.064597943 0)
(3.815328 0.066558045 -2.7140233e-19)
(3.7561722 0.044420821 9.2797242e-20)
(3.7639761 0.046119962 -9.1519644e-20)
(3.7718657 0.047826884 9.1280221e-20)
(3.7798774 0.04953875 9.1153851e-20)
(3.7882556 0.051247869 1.186211e-22)
(3.797037 0.052942948 9.055871e-20)
(3.8061822 0.054612826 9.0096099e-20)
(3.8156346 0.056249206 1.1382552e-22)
(3.7564404 0.036399384 0)
(3.7642687 0.037776859 9.1720521e-20)
(3.7721753 0.039159102 -9.1474714e-20)
(3.7801991 0.040544666 0)
(3.7885799 0.041927724 9.0938478e-20)
(3.7973534 0.043299319 0)
(3.80648 0.044650492 -9.0267072e-20)
(3.8159055 0.045974519 9.059795e-20)
(3.7566682 0.028346282 -4.6465265e-20)
(3.7645147 0.029410571 -4.5875942e-20)
(3.772434 0.030477026 0)
(3.7804667 0.031545296 -4.5620865e-20)
(3.7888494 0.032611382 -4.5475918e-20)
(3.7976163 0.033668541 -4.5313594e-20)
(3.806728 0.034709927 0)
(3.8161321 0.035730396 -4.530235e-20)
(3.7568504 0.020261133 4.6572103e-20)
(3.7647088 0.021018335 9.1928815e-20)
(3.7726359 0.021776 -4.5822023e-20)
(3.7806744 0.022534788 4.5716703e-20)
(3.789058 0.023292026 9.1111287e-20)
(3.7978197 0.024042746 4.5403762e-20)
(3.80692 0.024782058 -4.5198632e-20)
(3.816308 0.02550657 9.0751809e-20)
(3.7569814 0.012172817 -2.3318442e-20)
(3.7648469 0.012623312 -4.6053733e-20)
(3.7727795 0.013073107 4.5921692e-20)
(3.7808227 0.013524739 0)
(3.7892073 0.013976676 -4.563634e-20)
(3.7979657 0.014425314 0)
(3.8070586 0.014867331 4.5287064e-20)
(3.8164358 0.015301772 -4.5450418e-20)
(3.7570762 0.0040681478 2.2944188e-20)
(3.7649426 0.0042164545 0)
(3.7728791 0.0043640301 0)
(3.7809278 0.0045128093 0)
(3.7893159 0.0046623884 0)
(3.7980747 0.0048112996 0)
(3.8071665 0.0049582268 0)
(3.8165406 0.0051034538 0)
(0.93276015 0.097923169 -1.6371905e-17)
(1.0146033 0.10759986 1.5256899e-17)
(1.0790739 0.11536957 -1.4178534e-17)
(1.1363131 0.121621 0)
(1.1868068 0.12664214 0)
(1.2442451 0.13110809 1.7064297e-20)
(1.2856131 0.13337416 0)
(1.4357039 0.14290363 -9.1194009e-18)
(1.9267853 0.16835357 1.026424e-17)
(2.0599394 0.19560771 0)
(2.1759532 0.21786867 1.8009531e-17)
(2.2823919 0.23588202 0)
(2.3810371 0.2497799 0)
(2.4833642 0.26143576 7.1971343e-18)
(2.5727719 0.26444577 6.4961334e-18)
(2.7415373 0.27694273 5.8500587e-18)
(2.6955541 0.20790904 -7.525651e-18)
(2.8070355 0.23682232 -7.2268853e-18)
(2.9090164 0.26050994 -1.379705e-17)
(3.0065435 0.27948668 -6.5169139e-18)
(3.100905 0.29352289 0)
(3.1993795 0.30417696 0)
(3.2921486 0.30428327 -5.1997867e-18)
(3.4341113 0.31013028 0)
(3.2674168 0.23530991 9.4644088e-18)
(3.3500172 0.26384636 3.0883275e-18)
(3.4288001 0.28717701 5.9221656e-18)
(3.5069193 0.30544108 5.6559719e-18)
(3.5849163 0.31810338 2.6692961e-18)
(3.6674597 0.32644786 0)
(3.7478209 0.32327664 0)
(3.8597751 0.32361673 -2.12438e-18)
(3.6192793 0.24801968 -1.7873977e-20)
(3.6803584 0.2749988 2.8091127e-18)
(3.7420904 0.2969696 2.7111484e-18)
(3.8059544 0.31376657 2.6061676e-18)
(3.8716335 0.32468078 -2.4866802e-18)
(3.941756 0.33065891 2.3406058e-18)
(4.0115064 0.32520445 0)
(4.0998683 0.32078796 2.002583e-18)
(3.7891261 0.24740209 -2.7393672e-18)
(3.8380607 0.27260976 0)
(3.8904685 0.29308706 -1.1354203e-20)
(3.9466637 0.30850684 -2.5218884e-18)
(4.0057414 0.31808651 0)
(4.0688354 0.32238777 -2.2722777e-18)
(4.1325696 0.31598682 0)
(4.2057091 0.30810591 0)
(3.8466638 0.23859563 0)
(3.8904305 0.26205196 0)
(3.9389799 0.28105856 -2.5802835e-18)
(3.9919701 0.29521877 0)
(4.0482256 0.30374527 0)
(4.1079452 0.30683255 0)
(4.1687217 0.30024534 0)
(4.2333888 0.28992427 0)
(3.8544321 0.22601507 0)
(3.8964385 0.24781754 2.6250974e-18)
(3.943603 0.26545086 0)
(3.9952854 0.27848109 0)
(4.0502369 0.28615325 0)
(4.1081343 0.28837327 0)
(4.1671251 0.28195564 0)
(4.2271761 0.27027107 0)
(3.8487466 0.21256205 0)
(3.88996 0.23277932 -2.6336537e-18)
(3.9363142 0.24910865 2.5574866e-18)
(3.9870535 0.26108109 -2.4731616e-18)
(4.0409281 0.26799003 0)
(4.0973288 0.26954678 2.256222e-18)
(4.1546832 0.26339158 -2.1263868e-18)
(4.2117679 0.2512028 0)
(3.843112 0.19933562 2.6570287e-18)
(3.8835881 0.21800631 0)
(3.9290729 0.23307668 -2.5650029e-18)
(3.9787706 0.24403916 4.9537808e-18)
(4.0314425 0.25023908 0)
(4.0863099 0.2512753 -2.2626276e-18)
(4.141942 0.24540359 -4.8593733e-21)
(4.1966619 0.23331547 0)
(3.8397704 0.18654023 -1.1727362e-20)
(3.8794575 0.20371032 -2.618413e-18)
(3.9239924 0.21756798 0)
(3.9725725 0.2275701 -2.4800792e-18)
(4.0239679 0.23311295 -2.3788129e-18)
(4.0772917 0.23374386 2.2703091e-18)
(4.1311971 0.22817186 2.1464764e-18)
(4.1838489 0.21655712 0)
(3.8379447 0.17410467 -2.6646667e-18)
(3.8768646 0.18982957 2.6261088e-18)
(3.9204588 0.20252329 0)
(3.9679362 0.21161798 0)
(4.0180774 0.21655828 2.3845806e-18)
(4.0699265 0.21688131 -2.2765193e-18)
(4.1221985 0.21163141 0)
(4.1730337 0.20070143 0)
(3.8368855 0.16194455 -2.6534962e-18)
(3.8751009 0.17628626 -2.616282e-18)
(3.917809 0.18786769 -2.5550772e-18)
(3.9642427 0.19611016 0)
(4.0131973 0.20050346 0)
(4.0636776 0.20060032 -2.2846766e-18)
(4.1144513 0.1956948 0)
(4.1637084 0.18555905 0)
(3.8362538 0.1500064 2.6629865e-18)
(3.8738322 0.16302976 7.6421406e-21)
(3.9157191 0.17355154 5.9204454e-21)
(3.9611787 0.18099591 0)
(4.0090272 0.18489489 -2.3910479e-18)
(4.0582516 0.18483163 -8.9449302e-22)
(4.1076685 0.18028684 0)
(4.1555603 0.17099168 -2.0784933e-18)
(3.835909 0.13825577 0)
(3.8729125 0.15002627 5.242192e-18)
(3.9140433 0.15954092 2.5628758e-18)
(3.9586004 0.16623879 2.4826901e-18)
(4.0054261 0.16969156 1.4191568e-21)
(4.0535055 0.16952029 4.5992568e-18)
(4.101702 0.16534526 0)
(4.1484114 0.15689867 2.0882358e-18)
(3.8357695 0.12666723 0)
(3.8722557 0.13724932 -2.625938e-18)
(3.9126948 0.14580807 1.2799558e-18)
(3.9564219 0.15180731 -2.4893995e-18)
(4.002309 0.15485643 1.2020004e-18)
(4.0493508 0.1546171 -2.3072945e-18)
(4.0964561 0.15081407 0)
(4.1421399 0.1432011 0)
(3.8357742 0.11522059 0)
(3.8717969 0.12467594 1.3113015e-18)
(3.9116082 0.13232726 -2.5652609e-18)
(3.9545785 0.13767104 0)
(3.9996116 0.14035315 1.2042475e-18)
(4.0457196 0.14007573 -1.1581883e-18)
(4.091855 0.13664168 0)
(4.1366491 0.12983494 -1.0616637e-18)
(3.8358755 0.103899 1.3330602e-18)
(3.8714856 0.11228477 -1.3157085e-18)
(3.9107319 0.1190733 1.2854406e-18)
(3.9530185 0.12379981 1.2476082e-18)
(3.9972818 0.1261459 0)
(4.042556 0.12585262 1.1620547e-18)
(4.0878351 0.12278118 1.1155914e-18)
(4.1318589 0.11674771 1.0667166e-18)
(3.8360373 0.092687233 -2.5643795e-21)
(3.8712824 0.10005496 -1.3155181e-18)
(3.9100255 0.10602097 0)
(3.9517008 0.11016368 -1.2513729e-18)
(3.9952775 0.11219988 -1.2101887e-18)
(4.0398139 0.11190724 1.1666993e-18)
(4.0843433 0.10919033 -2.2411086e-18)
(4.127703 0.10389602 0)
(3.8362317 0.081571144 -1.3410534e-18)
(3.8711573 0.087966376 1.3201702e-18)
(3.9094571 0.093145702 1.2884893e-18)
(3.9505928 0.096733827 0)
(3.9935646 0.098482326 1.2140487e-18)
(4.0374558 0.09820284 -1.1707699e-18)
(4.0813354 0.09583173 2.2520931e-18)
(4.1241264 0.091243753 -1.0821623e-18)
(3.8364375 0.070536678 0)
(3.8710868 0.075999239 1.3213493e-18)
(3.9090021 0.080423509 -1.2927583e-18)
(3.9496688 0.083482574 0)
(3.9921159 0.084962325 0)
(4.0354507 0.084705617 0)
(4.0787745 0.082671701 -1.1310646e-18)
(4.1210839 0.078759783 -1.2819196e-21)
(3.8366383 0.059572087 -6.7312899e-19)
(3.8710532 0.06413611 -6.6380691e-19)
(3.9086413 0.067832712 0)
(3.9489086 0.070384618 0)
(3.9909097 0.071611487 0)
(4.0337739 0.071384793 0)
(4.0766307 0.069679799 0)
(4.1185385 0.066416806 1.0937611e-18)
(3.8368216 0.048663703 6.7594389e-19)
(3.8710427 0.052358367 -1.3292411e-18)
(3.9083602 0.055350988 0)
(3.9482966 0.05741432 0)
(3.9899286 0.058401321 0)
(4.0324051 0.058209958 0)
(4.0748794 0.056826272 0)
(4.1164602 0.054188749 -5.5043506e-19)
(3.8369785 0.03780302 0)
(3.8710457 0.040651527 6.6686937e-19)
(3.9081479 0.042959663 0)
(3.9478208 0.044549647 0)
(3.9891594 0.045307082 6.1454457e-19)
(4.0313288 0.045154771 0)
(4.0735015 0.044085591 0)
(4.1148257 0.042053741 1.1063752e-18)
(3.8371025 0.026976191 3.4009287e-19)
(3.8710555 0.028995508 0)
(3.9079975 0.03063362 0)
(3.947474 0.031761894 3.1781653e-19)
(3.9885938 0.032297833 -6.1664807e-19)
(4.0305349 0.032187814 2.9829895e-19)
(4.072484 0.031428787 0)
(4.1136188 0.029988497 -8.3401892e-19)
(3.8371954 0.016181587 -5.122917e-19)
(3.8710736 0.017386201 0)
(3.9079109 0.018364266 -1.6384784e-19)
(3.9472578 0.019037573 -4.7832833e-19)
(3.9882331 0.019355225 0)
(4.0300236 0.019286148 -4.4907981e-19)
(4.0718252 0.018830025 -1.4463906e-19)
(4.112835 0.017967008 2.7936823e-19)
(3.8372832 0.0053975955 1.6169931e-19)
(3.8711243 0.005798056 0)
(3.9079097 0.006123114 1.5474418e-19)
(3.9471905 0.0063465241 1.5039719e-19)
(3.9880905 0.0064507429 0)
(4.0298017 0.0064257316 1.409648e-19)
(4.0715242 0.0062719057 1.3611024e-19)
(4.112465 0.0059825273 0)
(1.2878277 0.07837486 0)
(0.9910554 0.037281469 0)
(0.85202724 0.022469157 4.5078034e-18)
(0.83498909 0.019818437 -4.5418069e-18)
(0.83998715 0.021527509 -4.45605e-18)
(0.84273045 0.023288871 4.3258769e-18)
(0.84658914 0.024251179 -4.1784661e-18)
(0.85123057 0.024792512 4.0210269e-18)
(0.85477772 0.025119599 -3.8479884e-18)
(0.85711699 0.025288134 3.6685253e-18)
(0.85887511 0.025363911 3.5051257e-18)
(0.8604301 0.025403965 -3.3238303e-18)
(0.86191893 0.025434289 -3.7536008e-21)
(0.86342103 0.025464872 -2.9566416e-18)
(0.86500218 0.025501999 0)
(0.86670647 0.02554778 -2.584252e-18)
(0.86855729 0.0255991 2.3871022e-18)
(0.87056614 0.025650108 -2.1933264e-18)
(0.87273233 0.025698086 -3.7146951e-21)
(0.87506487 0.025745446 -1.7933892e-18)
(0.87753438 0.025800143 -3.9271112e-22)
(0.88022364 0.025860916 -1.3976573e-18)
(0.88288928 0.02594013 1.1855338e-18)
(0.88618921 0.025991551 -9.7505347e-19)
(0.88829895 0.026135653 7.5945504e-19)
(0.89373282 0.026040959 -1.0884158e-18)
(0.89135382 0.026639825 -3.2047771e-19)
(0.90186233 0.02542929 -5.66073e-22)
(2.7139668 0.19838554 2.2222278e-18)
(2.5393235 0.13899214 2.4639242e-18)
(2.3909484 0.10358302 -2.6497637e-18)
(2.3077971 0.082179458 0)
(2.2605632 0.072009509 0)
(2.2311326 0.068075954 -5.4167345e-18)
(2.2141137 0.066620135 1.3153683e-21)
(2.2053839 0.066194421 -2.5757938e-18)
(2.2011717 0.066217147 2.4855229e-18)
(2.1993481 0.066351485 -2.385493e-18)
(2.1990058 0.066463146 2.28414e-18)
(2.1997072 0.066538561 -4.247656e-21)
(2.2011928 0.066592464 -2.0634756e-18)
(2.2033196 0.066639166 0)
(2.2060196 0.066692471 0)
(2.2092586 0.066761971 0)
(2.213015 0.066847672 -1.5940253e-18)
(2.2172731 0.066940891 0)
(2.222014 0.067033202 -1.3404386e-18)
(2.2272326 0.067124987 0)
(2.2328849 0.067226614 0)
(2.2390416 0.067346407 0)
(2.2454381 0.067496009 -1.0468385e-21)
(2.2527477 0.067635162 0)
(2.2590517 0.067898837 -5.1760421e-19)
(2.2691131 0.067823857 3.7290892e-19)
(2.2710916 0.069084022 0)
(2.2881331 0.066707361 -7.9068379e-20)
(3.465934 0.23217355 -3.6274957e-18)
(3.4035365 0.17540984 1.5041491e-20)
(3.3322374 0.1439464 -4.8459929e-22)
(3.2838147 0.12273102 -2.0349736e-18)
(3.2498983 0.11015798 -9.7480115e-22)
(3.2246086 0.10357595 6.6419552e-23)
(3.2072151 0.099946625 -9.3981083e-22)
(3.1962566 0.097823373 9.4787268e-22)
(3.1896347 0.096586753 1.759386e-21)
(3.1859308 0.095837065 -1.7731523e-18)
(3.1843991 0.095340505 -1.6976489e-18)
(3.1845783 0.094992683 1.6180008e-18)
(3.1861378 0.094745098 8.536328e-23)
(3.1888512 0.094571485 2.8422893e-21)
(3.1925681 0.09446067 -1.3817782e-21)
(3.1971839 0.094408058 0)
(3.2026209 0.094404671 0)
(3.2088211 0.094433844 0)
(3.2157373 0.094478483 2.0054373e-18)
(3.2233404 0.09453192 1.8673259e-21)
(3.2315795 0.094601129 -8.0702082e-19)
(3.2404872 0.094696957 -7.0559581e-19)
(3.249859 0.094833354 -6.0251712e-19)
(3.260173 0.094971444 -8.6329853e-22)
(3.2699889 0.09526839 -3.8681508e-19)
(3.2829878 0.095156499 -4.3208427e-22)
(3.2894927 0.096767174 4.3175909e-22)
(3.3105393 0.093742202 -5.9897719e-20)
(3.9050501 0.24889811 8.0924656e-19)
(3.8883066 0.19310919 -2.5902831e-18)
(3.8602195 0.16401826 0)
(3.8440755 0.14357848 2.6602522e-18)
(3.834347 0.130177 0)
(3.8275402 0.12271368 2.5871037e-18)
(3.8242925 0.11854922 -8.4168714e-19)
(3.8243974 0.1160826 0)
(3.826764 0.11461514 -7.8942749e-19)
(3.8306158 0.11371989 2.2727267e-18)
(3.8356052 0.11312664 1.3800955e-21)
(3.8415444 0.11270264 -6.9248868e-19)
(3.8483004 0.11238762 -6.5472347e-19)
(3.8557892 0.11215225 -1.2480403e-21)
(3.8639631 0.11198524 -5.8213947e-19)
(3.8727919 0.11188345 -1.1038013e-21)
(3.8822527 0.11183981 5.0490672e-19)
(3.8923297 0.11183809 -4.6534631e-19)
(3.9030105 0.11185903 -8.540144e-19)
(3.9142934 0.11189202 -3.8403213e-19)
(3.9261557 0.11194088 6.8410256e-19)
(3.9386342 0.11201662 3.0169624e-19)
(3.9515788 0.11213648 2.5588104e-19)
(3.965375 0.11226376 -7.3366442e-22)
(3.9788714 0.11257158 4.9539486e-19)
(3.9951762 0.11244115 -1.1849668e-19)
(4.0056742 0.11420963 0)
(4.0311071 0.11092262 2.5107051e-20)
(4.1539855 0.25470964 8.0171568e-19)
(4.1627401 0.20120186 8.1849219e-19)
(4.1571192 0.17295974 8.3750285e-19)
(4.1582072 0.15285502 -8.2834921e-19)
(4.1630448 0.13900341 -8.1794613e-19)
(4.1689649 0.13111561 -7.9996287e-19)
(4.1768601 0.12679218 1.5590211e-18)
(4.186942 0.12428278 -1.4434587e-21)
(4.1984689 0.12282412 2.7392424e-21)
(4.2108494 0.12198613 -6.9827506e-19)
(4.2238321 0.12148266 0)
(4.2372923 0.12116114 -1.269817e-18)
(4.2511449 0.12095027 6.0285975e-19)
(4.2653447 0.12081517 -5.6804474e-19)
(4.2798778 0.12074127 5.3390076e-19)
(4.2947441 0.12072423 -4.9876273e-19)
(4.3099485 0.12075804 -4.6491934e-19)
(4.3255016 0.12082844 1.8970989e-21)
(4.3414172 0.12091702 -1.4462165e-21)
(4.3577188 0.12101162 7.0451052e-19)
(4.3744099 0.12111344 1.1440221e-21)
(4.3915426 0.1212319 -9.858559e-22)
(4.4090038 0.12138842 -9.9929687e-22)
(4.4271494 0.12154696 1.9206059e-19)
(4.4449647 0.1218993 -1.492731e-19)
(4.465379 0.12179484 2.0311407e-22)
(4.4799073 0.12363263 0)
(4.5108245 0.12042069 4.752139e-20)
(4.2673843 0.2516095 -8.1478173e-19)
(4.2954539 0.20146272 0)
(4.306207 0.17419865 -8.1161031e-19)
(4.3190923 0.15497919 -1.1722876e-21)
(4.3335694 0.14126891 1.5801789e-18)
(4.3478169 0.13319902 -7.4105778e-22)
(4.363006 0.12875045 1.3402024e-21)
(4.3797484 0.12617695 0)
(4.3976056 0.12469568 6.9711807e-19)
(4.4161256 0.12388746 0)
(4.4351153 0.12345815 6.3794394e-19)
(4.4544766 0.12323664 6.0689459e-19)
(4.474132 0.12313847 5.7500106e-19)
(4.4940332 0.12312093 5.4254023e-19)
(4.5141596 0.12316373 0)
(4.5345033 0.12325856 4.7556229e-19)
(4.5550619 0.12339837 0)
(4.5758401 0.12357049 4.0458829e-19)
(4.59685 0.12375819 1.5169262e-21)
(4.6181157 0.12394839 -3.328893e-19)
(4.639645 0.1241389 -1.2330115e-21)
(4.6614913 0.12433526 2.5944405e-19)
(4.6835534 0.12456132 -2.218161e-19)
(4.7061759 0.12478179 -1.8121758e-19)
(4.7283822 0.12520149 0)
(4.7531356 0.12516666 1.0197778e-19)
(4.7715206 0.12700168 0)
(4.8084081 0.12410413 -2.2696069e-20)
(4.2984753 0.24256726 8.12747e-19)
(4.3391915 0.19659783 0)
(4.3616304 0.17061014 -8.1129143e-19)
(4.3831431 0.15258108 0)
(4.4047845 0.13935722 -1.5601873e-18)
(4.4252567 0.13128171 7.3004255e-22)
(4.4458218 0.12677958 -7.3774985e-19)
(4.4673816 0.12418262 -7.0920259e-22)
(4.4897597 0.12269338 1.3078226e-21)
(4.5126359 0.12190364 -1.3091991e-21)
(4.5358857 0.12152103 -6.2650856e-19)
(4.559454 0.12136487 1.1913798e-21)
(4.5832872 0.12134322 -5.6391192e-19)
(4.6073471 0.12140899 1.0678773e-21)
(4.6316152 0.12153751 9.3955833e-22)
(4.6560812 0.12171652 -9.3969778e-22)
(4.6807379 0.12193752 -1.6141665e-21)
(4.7055839 0.1221897 1.6143681e-21)
(4.7306258 0.12245911 0)
(4.7558835 0.12273259 0)
(4.7813629 0.12300438 0)
(4.8071142 0.12327505 0)
(4.8330365 0.12356902 7.6473101e-22)
(4.8594727 0.12385309 -7.6480073e-22)
(4.885429 0.12433515 0)
(4.9140092 0.12439105 0)
(4.935611 0.12614468 0)
(4.9779443 0.12369976 0)
(4.2919098 0.23080711 0)
(4.3391543 0.1891606 0)
(4.3686271 0.16442099 8.114773e-19)
(4.3954582 0.14751912 8.0003833e-19)
(4.4217356 0.13491086 7.7767601e-19)
(4.446445 0.12695578 7.5367225e-22)
(4.47073 0.12247138 0)
(4.4956195 0.11989423 7.102718e-19)
(4.5211149 0.11841541 -5.7427945e-23)
(4.5469865 0.11763971 -6.5248219e-19)
(4.5731557 0.11728588 -1.1823575e-21)
(4.5996014 0.11717114 2.3034715e-21)
(4.6262922 0.1171996 -1.1209789e-21)
(4.6532022 0.11732121 0)
(4.6803189 0.11750724 4.9220713e-19)
(4.7076351 0.11774147 9.3050173e-22)
(4.7351439 0.11801426 -4.2601546e-19)
(4.7628427 0.1183173 0)
(4.7907363 0.11864045 -3.5689033e-19)
(4.8188431 0.11897148 1.1861384e-21)
(4.8471683 0.11930178 -2.2303382e-21)
(4.8757622 0.11962723 1.9449559e-21)
(4.9045217 0.11997169 -2.1207886e-19)
(4.9337981 0.12030577 -1.4875379e-22)
(4.9625553 0.12082993 -1.3621678e-19)
(4.9940766 0.12097628 0)
(5.0180379 0.12258066 5.5451849e-20)
(5.0646605 0.12063271 0)
(4.2742936 0.21814578 0)
(4.3242527 0.18063739 0)
(4.3575656 0.15709461 0)
(4.3872145 0.14119099 -8.0242159e-19)
(4.415999 0.12923782 7.8388642e-19)
(4.4431453 0.12146848 -7.2931981e-22)
(4.4696014 0.1170214 7.3193499e-22)
(4.4964224 0.11446461 -9.5403847e-22)
(4.5237322 0.11298876 1.357693e-21)
(4.551362 0.1122112 6.5078125e-19)
(4.5792587 0.1118652 1.1812942e-21)
(4.6074214 0.111769 5.8793178e-19)
(4.6358335 0.11182363 0)
(4.664476 0.11197597 0)
(4.6933401 0.11219338 -4.9203407e-19)
(4.7224202 0.11245606 0)
(4.7517098 0.11275372 4.2319163e-19)
(4.7812059 0.11308094 1.59146e-21)
(4.8109116 0.11343145 3.5562865e-19)
(4.8408443 0.11379454 1.181212e-21)
(4.8710087 0.11415949 -1.1804201e-21)
(4.9014567 0.11451866 2.4699217e-19)
(4.9320831 0.11489446 2.1256253e-19)
(4.9632525 0.11526209 -7.4999644e-22)
(4.9938792 0.11580547 1.3487992e-19)
(5.0274201 0.11602848 9.6531605e-20)
(5.052922 0.11744077 -5.5129021e-20)
(5.1025317 0.11596316 0)
(4.256627 0.20533342 -8.7157219e-19)
(4.3075755 0.17170187 0)
(4.3431489 0.14938946 -8.2934051e-19)
(4.374329 0.13438638 -8.120874e-19)
(4.4043888 0.12308675 -1.5743877e-18)
(4.4328285 0.11553649 -7.6339111e-19)
(4.4604174 0.11112951 0)
(4.4881919 0.10858445 -1.4233486e-18)
(4.516373 0.1071018 -6.7949192e-19)
(4.5448456 0.10630806 -6.5341989e-19)
(4.5735747 0.10595145 -6.2133987e-19)
(4.6025747 0.10585339 -1.1786834e-18)
(4.6318404 0.10591251 -1.1204559e-21)
(4.6613583 0.10607274 -5.2534865e-19)
(4.6911217 0.10629812 -9.2920779e-22)
(4.7211263 0.1065662 -4.5785838e-19)
(4.7513662 0.10686661 -4.2480111e-19)
(4.7818377 0.10719648 -3.8890157e-19)
(4.8125424 0.10755278 -3.5690782e-19)
(4.8434956 0.10792637 -3.1887447e-19)
(4.8747012 0.10830552 -2.8426854e-19)
(4.9062133 0.10868034 -4.9553293e-19)
(4.9379247 0.10907093 -1.4513309e-22)
(4.9702135 0.10945664 -1.7372048e-19)
(5.0019476 0.10999831 0)
(5.0367271 0.11027617 -1.9266777e-19)
(5.0631134 0.11147936 -5.4598831e-20)
(5.114566 0.1104026 -2.3145817e-20)
(4.241543 0.1926087 8.7960958e-19)
(4.2928777 0.16257044 0)
(4.3300871 0.14155929 8.3411095e-19)
(4.3623421 0.12739824 8.1365179e-19)
(4.3931796 0.11674526 7.9067993e-19)
(4.4223968 0.10945129 7.662217e-19)
(4.4506287 0.10510163 0)
(4.4788742 0.10257211 7.1425805e-19)
(4.5074375 0.10108333 6.8103859e-19)
(4.536258 0.100269 6.5485258e-19)
(4.5653192 0.099892583 6.2146517e-19)
(4.5946493 0.099780812 5.9228699e-19)
(4.6242546 0.09983053 0)
(4.654128 0.099983212 5.2631676e-19)
(4.6842657 0.10020057 0)
(4.7146657 0.10045866 4.5954215e-19)
(4.7453235 0.10074741 4.2386171e-19)
(4.776236 0.10106573 3.9251361e-19)
(4.8074034 0.10141288 3.5592433e-19)
(4.8388395 0.10178121 3.2162699e-19)
(4.8705476 0.10215928 2.8326182e-19)
(4.9025839 0.10253611 2.4789736e-19)
(4.93484 0.10292871 7.4975854e-22)
(4.9677064 0.10331902 1.7295408e-19)
(5.0000119 0.10384155 -1.4945742e-22)
(5.0354632 0.10414938 9.5871849e-20)
(5.0622794 0.10514727 5.4629425e-20)
(5.1147261 0.10438589 2.3148113e-20)
(4.2288497 0.18001982 8.9928828e-19)
(4.2803648 0.15327828 0)
(4.3189428 0.13363599 8.4467745e-19)
(4.3521578 0.12029247 -8.2274333e-19)
(4.3836334 0.11028491 7.9759593e-19)
(4.413455 0.10329046 7.7138964e-19)
(4.4421672 0.099027572 -7.4005282e-22)
(4.4707207 0.096527498 7.1394597e-19)
(4.49949 0.095042213 1.3681623e-21)
(4.5284692 0.094212537 0)
(4.5576616 0.093816915 -6.25241e-19)
(4.5871082 0.09368873 5.9238309e-19)
(4.6168272 0.093723834 5.6116738e-19)
(4.6468182 0.093861854 -5.2726004e-19)
(4.6770812 0.094063605 4.93998e-19)
(4.7076173 0.094304748 -4.6026812e-19)
(4.7384248 0.094575418 4.2608059e-19)
(4.7695014 0.094875288 0)
(4.8008469 0.095204954 3.5635038e-19)
(4.8324743 0.095558503 3.2196803e-19)
(4.8643861 0.095925751 -2.8588788e-19)
(4.8966413 0.096295612 2.4808919e-19)
(4.9291308 0.096681089 -2.1010664e-19)
(4.9622556 0.097064977 1.7238532e-19)
(4.994814 0.097555389 -1.3447717e-19)
(5.0305868 0.097870494 -2.9447761e-22)
(5.0575658 0.098681496 2.9402116e-22)
(5.1104715 0.098154665 -2.3458182e-20)
(4.217969 0.16758114 -9.0693393e-19)
(4.2695525 0.14383616 0)
(4.3093097 0.12560766 -8.4803407e-19)
(4.3434401 0.11307663 8.2370761e-19)
(4.3755185 0.10371328 -7.9904733e-19)
(4.4058883 0.097057889 -7.7173612e-19)
(4.4350392 0.092915007 0)
(4.4638682 0.090463257 -7.1678262e-19)
(4.4928052 0.088996018 -1.3122359e-21)
(4.5218978 0.088162041 2.5640504e-21)
(4.5511693 0.08775354 6.2277373e-19)
(4.5806724 0.087611565 -5.9108646e-19)
(4.610436 0.087632119 -5.6111005e-19)
(4.6404667 0.08775411 5.2712615e-19)
(4.6707687 0.087938602 -4.9578691e-19)
(4.7013465 0.088161502 4.6198296e-19)
(4.732201 0.088412745 -4.2839058e-19)
(4.7633314 0.088691882 3.0617175e-21)
(4.7947373 0.089000248 -3.5838235e-19)
(4.826431 0.089333979 -3.2247177e-19)
(4.8584147 0.089684811 2.8736759e-19)
(4.8907496 0.090041947 -2.4860337e-19)
(4.9233262 0.090413761 2.1101889e-19)
(4.9565541 0.090782661 -1.7413107e-19)
(4.9892086 0.091232853 1.3466495e-19)
(5.0251203 0.091538463 0)
(5.0521336 0.092189524 0)
(5.1052142 0.091832181 2.3485472e-20)
(4.2085113 0.15529737 -2.189733e-22)
(4.2600753 0.13426094 -2.0071859e-22)
(4.3008329 0.11746567 4.2781381e-22)
(4.3358228 0.10575143 0)
(4.3684767 0.097029214 0)
(4.3993571 0.090745661 7.4317696e-22)
(4.4289268 0.08675605 7.4744991e-19)
(4.4580272 0.084373518 1.3741788e-21)
(4.4871301 0.082940442 -5.9615216e-23)
(4.5163331 0.082114798 -1.3147043e-21)
(4.5456793 0.081701493 0)
(4.5752319 0.081550184 -1.1297357e-21)
(4.6050293 0.081558445 1.1286986e-21)
(4.6350852 0.081665686 0)
(4.6654077 0.081833887 0)
(4.6960042 0.082039376 0)
(4.7268784 0.082271559 0)
(4.7580309 0.082529384 0)
(4.7894613 0.082814791 0)
(4.8211811 0.083126056 -1.1861858e-21)
(4.8531922 0.083457075 1.1848768e-21)
(4.8855573 0.083797349 -8.9882774e-22)
(4.9181663 0.084150597 8.9782425e-22)
(4.9514358 0.08449844 -6.0212672e-22)
(4.9841237 0.084905121 1.5003622e-22)
(5.020094 0.085191706 7.4543918e-22)
(5.0470946 0.085712831 5.4060965e-20)
(5.1002245 0.085477396 0)
(4.200247 0.14316725 0)
(4.2517253 0.12457433 0)
(4.2933169 0.10920998 0)
(4.3290947 0.098321435 0)
(4.3622888 0.090237075 0)
(4.393639 0.084351965 7.7865644e-19)
(4.4236026 0.08054731 -7.4821152e-19)
(4.4529677 0.078255085 6.5895178e-22)
(4.4822355 0.076871721 -1.377546e-21)
(4.5115493 0.076066503 6.5906047e-19)
(4.5409723 0.075656302 -1.1945613e-21)
(4.5705765 0.075500198 1.1935692e-21)
(4.6004094 0.075498937 5.6277399e-19)
(4.6304912 0.075593186 0)
(4.6608337 0.075746317 0)
(4.6914472 0.075935127 0)
(4.7223376 0.076148447 4.2626791e-19)
(4.7535068 0.076384655 1.6024032e-21)
(4.7849548 0.076646313 0)
(4.8166924 0.076933687 3.2075285e-19)
(4.8487207 0.077242572 1.1861063e-21)
(4.8811031 0.077562732 0)
(4.913729 0.077893775 0)
(4.9470201 0.078216921 1.7357328e-19)
(4.9797218 0.078580749 -4.5164238e-22)
(5.0157206 0.078844788 4.5117334e-22)
(5.0426991 0.07926455 -6.9127494e-23)
(5.0958328 0.079117075 0)
(4.1930202 0.13118299 0)
(4.244369 0.1147971 -4.5186814e-19)
(4.2866487 0.10084542 4.3581921e-19)
(4.3231373 0.090793803 -1.2239973e-21)
(4.3568315 0.08334547 4.0755569e-19)
(4.3886089 0.077880532 -3.9084825e-19)
(4.4189365 0.0742901 0)
(4.4485534 0.072108486 3.6112532e-19)
(4.4779803 0.070789057 0)
(4.5074018 0.070015137 -3.2996826e-19)
(4.5369005 0.069615071 3.130204e-19)
(4.5665567 0.069458189 1.1953473e-21)
(4.5964259 0.069449719 -2.807119e-19)
(4.6265346 0.069532296 -1.0677359e-21)
(4.6568982 0.069670939 2.474908e-19)
(4.6875294 0.069843061 2.3409885e-19)
(4.7184363 0.070037245 -2.1757802e-19)
(4.7496223 0.070251616 1.3551301e-22)
(4.7810875 0.070489299 1.8051239e-19)
(4.8128423 0.070752118 -3.2233051e-19)
(4.8448867 0.071037304 1.4192323e-19)
(4.8772843 0.071334878 1.255906e-19)
(4.9099238 0.071641408 7.5305949e-22)
(4.9432311 0.07193838 -8.7672312e-20)
(4.9759421 0.072262516 -4.5188378e-22)
(5.0119586 0.072503977 4.8957886e-20)
(5.0389186 0.072846493 -2.7530788e-20)
(5.0920424 0.072761501 1.1890503e-20)
(4.1867095 0.11933322 0)
(4.2379039 0.10494801 9.1130939e-19)
(4.2807478 0.092380374 -8.7624411e-19)
(4.3178702 0.083177433 -4.2163996e-22)
(4.3520231 0.076365178 -4.0629058e-19)
(4.384186 0.071337963 -3.9269938e-19)
(4.4148457 0.067987981 0)
(4.4446982 0.065935914 -3.6172853e-19)
(4.4742755 0.064693116 0)
(4.5037988 0.063959818 -3.3057295e-19)
(4.5333695 0.063575918 -6.3052866e-19)
(4.5630757 0.063421564 2.3316373e-21)
(4.5929801 0.063407526 -2.8327304e-19)
(4.6231149 0.063479096 -2.6553801e-19)
(4.6534991 0.063603147 -2.4779762e-19)
(4.6841478 0.063758193 -4.6257947e-19)
(4.7150708 0.063933027 -2.1618373e-19)
(4.7462731 0.06412571 -1.96935e-19)
(4.7777553 0.064339791 -1.7925045e-19)
(4.8095272 0.064578077 -1.189662e-21)
(4.8415876 0.06483875 -1.429849e-19)
(4.874 0.06511219 -1.2273486e-19)
(4.9066522 0.065393058 -9.0004604e-22)
(4.9399736 0.065663686 -1.7384785e-19)
(4.9726933 0.065951992 0)
(5.0087231 0.066171762 -4.8260418e-20)
(5.0356701 0.066455417 -2.7206004e-20)
(5.0887804 0.06641248 -2.3809643e-20)
(4.1812157 0.10760549 2.291219e-22)
(4.2322449 0.095043754 1.5915261e-21)
(4.2755489 0.08382541 4.4081238e-19)
(4.3132309 0.075481972 -4.2404367e-22)
(4.3478008 0.069307361 0)
(4.3803094 0.064731753 0)
(4.4112691 0.061645 0)
(4.441339 0.059739567 0)
(4.4710565 0.058584395 0)
(4.5006743 0.057899574 0)
(4.5303121 0.057536903 -1.2268067e-21)
(4.5600652 0.057387691 1.1985979e-21)
(4.5900024 0.057369263 -2.8140672e-19)
(4.6201617 0.057430134 2.6478348e-19)
(4.6505651 0.057539467 0)
(4.6812299 0.057677252 2.3194712e-19)
(4.7121679 0.057832868 1.6093951e-21)
(4.7433855 0.058004494 1.9554236e-19)
(4.7748837 0.058195841 0)
(4.8066719 0.058410136 -1.1906611e-21)
(4.8387477 0.058646092 2.2365454e-21)
(4.8711739 0.058894606 -1.0460532e-21)
(4.9038381 0.059149344 0)
(4.937172 0.059393839 8.6992254e-20)
(4.9698999 0.059649579 0)
(5.0059405 0.059847937 0)
(5.0328789 0.060085798 0)
(5.0859744 0.060068156 1.191838e-20)
(4.1764575 0.095987547 0)
(4.227321 0.085098901 -4.6296807e-19)
(4.2709981 0.075192103 4.4525105e-19)
(4.3091688 0.067716938 -4.2635101e-22)
(4.3441138 0.062182327 7.8585957e-22)
(4.3769301 0.058068971 -7.8724949e-22)
(4.4081579 0.055264544 0)
(4.4384259 0.053520834 3.6335811e-19)
(4.4682722 0.052462727 0)
(4.4979765 0.051832993 0)
(4.5276759 0.051495872 3.1430837e-19)
(4.5574721 0.051354123 2.3375155e-21)
(4.5874395 0.0513324 2.8166762e-19)
(4.617621 0.05138304 0)
(4.648042 0.051477862 -9.408102e-22)
(4.6787216 0.051598616 9.3968924e-22)
(4.7096732 0.051735584 0)
(4.7409046 0.051887096 -1.4729515e-21)
(4.7724175 0.052056725 1.4711805e-21)
(4.8042207 0.05224769 -1.1916017e-21)
(4.8363106 0.052458979 1.1901655e-21)
(4.8687497 0.052682198 9.0236344e-22)
(4.9014246 0.052910633 1.0513846e-19)
(4.9347696 0.053129053 0)
(4.9675051 0.053354442 0)
(5.0035542 0.053530802 0)
(5.0304871 0.053732036 0)
(5.083567 0.053726365 -1.1929729e-20)
(4.1723683 0.084467571 2.3351093e-22)
(4.2230728 0.075125524 2.1139089e-22)
(4.2670505 0.066492022 -4.4759522e-19)
(4.3056431 0.059891453 -4.2997051e-19)
(4.3409211 0.054999355 -4.1250257e-19)
(4.3740085 0.051356057 1.5470658e-21)
(4.4054728 0.04884962 -3.8070368e-19)
(4.4359185 0.047280704 -3.6391032e-19)
(4.4658814 0.046327747 3.4812003e-19)
(4.4956639 0.045758693 -3.3209176e-19)
(4.5254188 0.045451069 -1.2027996e-21)
(4.555254 0.045319055 3.0081246e-19)
(4.5852486 0.045295271 0)
(4.6154503 0.045336493 -2.6640866e-19)
(4.645887 0.045417447 2.4950382e-19)
(4.6765797 0.045521834 0)
(4.7075436 0.045640998 -2.1343433e-19)
(4.7387875 0.045773329 -1.610412e-21)
(4.7703136 0.045922127 0)
(4.8021303 0.046090306 -1.6286933e-19)
(4.8342329 0.046277057 1.422442e-22)
(4.8666834 0.046474706 1.047505e-21)
(4.8993679 0.046676643 -2.1223719e-19)
(4.9327225 0.046868803 0)
(4.9654646 0.047065291 -6.7999172e-20)
(5.0015208 0.047218596 4.5219525e-22)
(5.02845 0.047389983 2.7189672e-20)
(5.0815139 0.047386021 2.092403e-24)
(4.1688936 0.073033709 2.3556399e-22)
(4.2194515 0.065132638 2.1296836e-22)
(4.2636692 0.057735331 -2.0260135e-23)
(4.3026204 0.052013253 -1.8027072e-21)
(4.3381893 0.047766214 4.1444216e-19)
(4.3715121 0.044598705 -7.5941487e-22)
(4.4031821 0.042403062 5.653145e-22)
(4.4337845 0.041020253 0)
(4.463851 0.040179553 -6.9722562e-19)
(4.4937027 0.039676199 3.337599e-19)
(4.5235068 0.039401707 -2.4707267e-21)
(4.5533767 0.039281735 -2.9987028e-19)
(4.5833957 0.039257365 1.1386076e-21)
(4.6136151 0.039290221 2.6566651e-19)
(4.6440658 0.039358238 -2.4873915e-19)
(4.6747702 0.039447108 -2.3259522e-19)
(4.7057448 0.039549245 2.1524649e-19)
(4.7369998 0.039663101 -1.9764693e-19)
(4.7685375 0.039791582 1.7983487e-19)
(4.8003662 0.03993721 1.618175e-19)
(4.83248 0.040099402 -1.4351668e-19)
(4.8649405 0.040271136 0)
(4.8976332 0.040446362 1.0619198e-19)
(4.9309959 0.040612036 0)
(4.9637438 0.040780762 6.7146813e-20)
(4.9998056 0.040909963 -4.7857714e-20)
(5.0267322 0.041057074 -2.7210416e-20)
(5.0797797 0.041046804 2.3887775e-20)
(4.1659892 0.061674319 2.3753118e-22)
(4.2164164 0.055126912 -2.3772864e-22)
(4.2608235 0.04893125 0)
(4.3000741 0.04408955 2.1624984e-19)
(4.3358919 0.040490026 0)
(4.3694153 0.037802618 -7.6141836e-22)
(4.4012604 0.035927984 3.8146385e-19)
(4.431998 0.034740932 7.2906302e-22)
(4.4621546 0.034018657 1.7318291e-19)
(4.4920663 0.03358539 2.6008281e-21)
(4.5219131 0.033347433 -1.6080627e-19)
(4.5518132 0.033241929 2.3452685e-21)
(4.5818531 0.033218611 -1.1397351e-21)
(4.612088 0.033244371 -1.3446864e-19)
(4.6425508 0.033300393 1.9522901e-21)
(4.6732654 0.033374505 1.1371326e-19)
(4.7042493 0.033460255 1.3455401e-22)
(4.7355138 0.033556127 1.9795294e-19)
(4.7670616 0.033664591 -1.78511e-19)
(4.7989005 0.033787801 8.0954141e-20)
(4.831024 0.033925269 7.1826898e-20)
(4.863493 0.034070795 0)
(4.8961926 0.034219198 0)
(4.929562 0.034358335 0)
(4.9623145 0.034500491 -4.530898e-22)
(4.9983808 0.034604803 2.4338643e-20)
(5.0253052 0.03473275 1.3892581e-20)
(5.0783359 0.034709521 -1.1950475e-20)
(4.1636194 0.050376638 -2.5140101e-19)
(4.2139347 0.045112098 -2.3863472e-19)
(4.2584885 0.040087497 -8.8983494e-22)
(4.2979828 0.036127068 4.3629783e-19)
(4.3340075 0.033177815 -8.3163019e-22)
(4.3676975 0.030974279 -1.9885437e-19)
(4.3996879 0.02942921 1.9041867e-19)
(4.4305387 0.028446189 -1.3980779e-21)
(4.4607713 0.027847567 1.7618545e-19)
(4.4907335 0.027487996 1.2708936e-21)
(4.5206163 0.027289411 -2.4830512e-21)
(4.5505418 0.027200329 6.3102139e-23)
(4.5805995 0.027179375 1.1408054e-21)
(4.6108473 0.027198941 1.325678e-19)
(4.6413203 0.027243603 1.2703939e-19)
(4.6720434 0.027303358 1.1730639e-19)
(4.7030352 0.027372975 1.076544e-19)
(4.7343075 0.027451046 -1.6142396e-21)
(4.7658636 0.027539573 0)
(4.7977109 0.027640231 -8.6741266e-24)
(4.8298423 0.027752659 7.1859452e-20)
(4.8623181 0.027871584 0)
(4.895023 0.027993027 5.2386483e-20)
(4.9283976 0.028105558 1.360413e-21)
(4.9611531 0.028222322 3.2760665e-20)
(4.997223 0.028300956 2.4632918e-20)
(5.0241447 0.028414694 -2.7205895e-20)
(5.0771573 0.028372235 0)
(4.1617568 0.039129972 2.5352196e-19)
(4.211981 0.035091805 2.3987374e-19)
(4.2566451 0.031211188 0)
(4.2963306 0.028130837 -2.1747441e-19)
(4.3325207 0.025833691 -1.6335179e-21)
(4.3663435 0.024116866 2.0081241e-19)
(4.3984496 0.022908374 -1.9222063e-19)
(4.4293913 0.022136682 2.1316897e-21)
(4.4596853 0.021666646 -1.3985474e-21)
(4.4896884 0.021384305 1.2723193e-21)
(4.5196 0.021227931 1.5738819e-19)
(4.5495459 0.021157393 1.1433126e-21)
(4.5796178 0.02114035 -2.2197573e-21)
(4.6098759 0.021154982 -1.326114e-19)
(4.6403568 0.021189214 -1.2613403e-19)
(4.6710865 0.021235348 -1.1563758e-19)
(4.7020842 0.021289345 -1.0787367e-19)
(4.7333625 0.021350062 0)
(4.7649247 0.02141898 -9.0108933e-20)
(4.7967782 0.02149728 -8.1067353e-20)
(4.8289152 0.02158476 -7.0841651e-20)
(4.8613957 0.021677135 6.1554479e-20)
(4.8941039 0.021771813 -1.0634981e-19)
(4.9274817 0.021858093 0)
(4.960238 0.02195089 -3.3840498e-20)
(4.99631 0.022003445 -2.4181045e-20)
(5.0232274 0.022108638 1.3607467e-20)
(5.0762201 0.022040587 0)
(4.160382 0.027923178 -1.2739235e-19)
(4.2105372 0.025071637 1.2064325e-19)
(4.25528 0.022315935 0)
(4.2951067 0.020115487 1.0962856e-19)
(4.3314206 0.018472109 1.0480591e-19)
(4.3653427 0.017243464 -7.6685505e-22)
(4.3975352 0.016375577 9.6705685e-20)
(4.428545 0.015819179 9.3150695e-20)
(4.458885 0.015479799 8.6225024e-20)
(4.4889184 0.01527574 1.2736684e-21)
(4.5188513 0.015162201 7.6926957e-20)
(4.548812 0.015110461 7.5337499e-20)
(4.5788939 0.015097236 1.14278e-21)
(4.609159 0.015106801 1.9968058e-19)
(4.6396451 0.015130317 6.4597439e-20)
(4.6703788 0.015162451 1.157257e-19)
(4.70138 0.015200267 5.2353863e-20)
(4.7326615 0.015243022 1.3684482e-22)
(4.7642271 0.015291652 9.1650281e-20)
(4.7960837 0.015346973 0)
(4.8282233 0.015408835 1.0790899e-19)
(4.8607056 0.015473931 -6.2645849e-20)
(4.8934141 0.015541157 7.9047225e-20)
(4.9267922 0.015600587 -2.1064766e-20)
(4.959546 0.015669726 0)
(4.9956179 0.015693958 3.5995326e-20)
(5.022528 0.015797937 7.0950082e-21)
(5.0754957 0.015693263 0)
(4.1594874 0.01673197 6.4445104e-20)
(4.2095952 0.015032923 -1.820689e-19)
(4.2543865 0.013386707 -9.0274497e-22)
(4.2943041 0.012068051 -1.1037037e-19)
(4.3306985 0.011083769 -1.0422015e-19)
(4.3646848 0.010349186 -7.6845725e-22)
(4.3969328 0.0098299812 -9.5318131e-20)
(4.4279864 0.0094967306 -9.1864207e-20)
(4.4583559 0.0092938114 -8.9060425e-20)
(4.4884084 0.0091723964 2.6124024e-21)
(4.5183543 0.009105298 -8.0752353e-20)
(4.5483237 0.0090753354 -7.4192159e-20)
(4.578411 0.0090684674 -2.2233699e-21)
(4.6086792 0.0090752967 -6.5870182e-20)
(4.639167 0.0090903939 -6.3633351e-20)
(4.6699015 0.0091107393 -8.1197914e-22)
(4.7009027 0.0091344704 -5.3875368e-20)
(4.7321838 0.0091613503 1.6175317e-21)
(4.7637486 0.0091918198 0)
(4.7956041 0.0092263531 0)
(4.8277418 0.0092649122 -3.5990418e-20)
(4.8602214 0.0093049425 9.0596509e-22)
(4.892926 0.0093473889 -2.7520169e-20)
(4.9263002 0.0093815357 2.2439815e-20)
(4.9590465 0.0094322582 7.4060225e-21)
(4.9951151 0.0094238215 -1.1648721e-20)
(5.0220118 0.0095426656 -6.8037625e-21)
(5.0749494 0.0093930694 0)
(4.1590545 0.0055679471 5.9438335e-20)
(4.2091303 0.0049999397 5.5726943e-20)
(4.2539379 0.0044493027 0)
(4.293895 0.0040076215 -7.7257879e-22)
(4.3303258 0.0036781343 3.2564134e-23)
(4.3643417 0.0034324975 3.088272e-23)
(4.3966159 0.0032585379 7.0301411e-22)
(4.4276911 0.0031461456 0)
(4.4580757 0.0030768747 0)
(4.4881382 0.0030344909 1.1664625e-21)
(4.5180906 0.003009905 -5.7458125e-23)
(4.5480635 0.0029974453 -2.1517179e-21)
(4.5781515 0.002992435 1.0450236e-21)
(4.6084182 0.002991833 -9.2558595e-22)
(4.6389028 0.0029938052 1.7879492e-21)
(4.6696324 0.002997425 -8.6247876e-22)
(4.7006274 0.0030020293 0)
(4.7319013 0.0030076096 0)
(4.7634586 0.0030142628 0)
(4.7953066 0.0030221311 -1.090524e-21)
(4.8274368 0.003031243 1.0886111e-21)
(4.8599088 0.0030404895 0)
(4.892604 0.0030510413 -6.8899141e-22)
(4.9259688 0.0030568179 6.8778241e-22)
(4.9586984 0.0030737245 -8.1075222e-21)
(4.9947583 0.0030542218 4.1171671e-22)
(5.0216337 0.0031173681 0)
(5.0745169 0.003025131 0)
)
;

boundaryField
{
    inlet
    {
        type            fixedValue;
        value           uniform (3.4 0 0);
    }
    outlet
    {
        type            inletOutlet;
        inletValue      uniform (0 0 0);
        value           nonuniform List<vector> 
27
(
(0.90186233 0.02542929 -5.66073e-22)
(2.2881331 0.066707361 -7.9068379e-20)
(3.3105393 0.093742202 -5.9897719e-20)
(4.0311071 0.11092262 2.5107051e-20)
(4.5108245 0.12042069 4.752139e-20)
(4.8084081 0.12410413 -2.2696069e-20)
(4.9779443 0.12369976 0)
(5.0646605 0.12063271 0)
(5.1025317 0.11596316 0)
(5.114566 0.1104026 -2.3145817e-20)
(5.1147261 0.10438589 2.3148113e-20)
(5.1104715 0.098154665 -2.3458182e-20)
(5.1052142 0.091832181 2.3485472e-20)
(5.1002245 0.085477396 0)
(5.0958328 0.079117075 0)
(5.0920424 0.072761501 1.1890503e-20)
(5.0887804 0.06641248 -2.3809643e-20)
(5.0859744 0.060068156 1.191838e-20)
(5.083567 0.053726365 -1.1929729e-20)
(5.0815139 0.047386021 2.092403e-24)
(5.0797797 0.041046804 2.3887775e-20)
(5.0783359 0.034709521 -1.1950475e-20)
(5.0771573 0.028372235 0)
(5.0762201 0.022040587 0)
(5.0754957 0.015693263 0)
(5.0749494 0.0093930694 0)
(5.0745169 0.003025131 0)
)
;
    }
    hydrofoilFlap
    {
        type            noSlip;
    }
    farfield
    {
        type            slip;
    }
    frontAndBack
    {
        type            empty;
    }
}


// ************************************************************************* //
