/*--------------------------------*- C++ -*----------------------------------*\
| =========                 |                                                 |
| \\      /  F ield         | OpenFOAM: The Open Source CFD Toolbox           |
|  \\    /   O peration     | Version:  2512                                  |
|   \\  /    A nd           | Website:  www.openfoam.com                      |
|    \\/     M anipulation  |                                                 |
\*---------------------------------------------------------------------------*/
FoamFile
{
    version     2.0;
    format      ascii;
    arch        "LSB;label=32;scalar=64";
    class       volScalarField;
    location    "74";
    object      p;
}
// * * * * * * * * * * * * * * * * * * * * * * * * * * * * * * * * * * * * * //

dimensions      [0 2 -2 0 0 0 0];

internalField   nonuniform List<scalar> 
2052
(
7.987548
7.4096015
7.118382
6.9747315
6.8592139
6.7816815
6.7468244
6.7348932
6.727699
6.7176406
6.7035358
6.6860119
6.6670243
6.6452728
7.7889993
7.3795028
7.1234709
6.9832034
6.8693366
6.7906977
6.7534138
6.7393228
6.7305897
6.7195205
6.7047974
6.6869158
6.6677064
6.6456828
7.669811
7.3835261
7.1403223
6.9983602
6.8903181
6.8118032
6.7691697
6.7491225
6.7359864
6.7222216
6.7060733
6.6875475
6.6679827
6.645866
7.5859072
7.3730009
7.1455642
7.0059317
6.9052822
6.8291302
6.7832651
6.7587487
6.7420257
6.7258168
6.7081454
6.6887366
6.6685274
6.6463658
7.5147882
7.350274
7.1459937
7.0117881
6.9170004
6.843222
6.7952354
6.7672873
6.7476428
6.7293114
6.7102117
6.6899158
6.6690401
6.6467654
7.4545371
7.3262333
7.1462047
7.0175042
6.9267917
6.8552559
6.8058284
6.7749871
6.7527729
6.7325595
6.7121722
6.6910582
6.6695489
6.6469942
7.4035888
7.302288
7.1444
7.0216932
6.9345648
6.8654775
6.8152771
6.7820436
6.7575731
6.7356792
6.7141075
6.6922049
6.6700686
6.6471252
7.3601266
7.2788214
7.140634
7.0247255
6.9410095
6.8743278
6.8237995
6.7885958
6.7621312
6.738711
6.7160285
6.6933531
6.6705988
6.6472326
7.3227354
7.2564386
7.1355743
7.0269049
6.9463957
6.8819283
6.8314004
6.7946197
6.7664131
6.7416169
6.7179069
6.6944904
6.6711416
6.64735
7.290355
7.2354877
7.129621
7.028259
6.9508279
6.8884091
6.8381444
6.8001404
6.7704239
6.7443902
6.7197344
6.6956132
6.6716963
6.6474847
7.2621635
7.2161083
7.1230888
7.0288738
6.954463
6.8939454
6.8441207
6.8051872
6.7741671
6.7470209
6.7214969
6.6967109
6.6722556
6.6476361
7.2375138
7.1983356
7.1162559
7.0288667
6.9574288
6.8986723
6.8493955
6.8097774
6.7776427
6.7495008
6.7231836
6.6977757
6.6728139
6.6478039
7.2158931
7.1821452
7.1093473
7.0283493
6.9598217
6.9027006
6.854034
6.8139342
6.7808559
6.7518262
6.7247869
6.6988013
6.6733658
6.6479861
7.1968914
7.1674781
7.1025372
7.0274286
6.9617248
6.9061286
6.8581007
6.817682
6.7838122
6.7539942
6.7263
6.6997811
6.6739054
6.6481791
7.1801782
7.1542581
7.0959585
7.0262059
6.963212
6.90904
6.8616542
6.8210442
6.7865171
6.7560029
6.7277172
6.7007096
6.6744275
6.6483793
7.165485
7.1424027
7.0897107
7.0247741
6.9643486
6.9115058
6.8647479
6.8240443
6.7889771
6.7578518
6.7290344
6.7015819
6.6749275
6.6485824
7.1525923
7.1318299
7.0838664
7.0232161
6.9651936
6.9135868
6.8674302
6.8267054
6.7911989
6.7595407
6.7302483
6.7023937
6.6754008
6.6487845
7.14132
7.1224619
7.0784775
7.0216047
6.9657996
6.9153351
6.8697439
6.8290493
6.7931897
6.7610704
6.7313565
6.7031414
6.6758434
6.6489814
7.1315195
7.1142273
7.0735803
7.0200026
6.9662141
6.916795
6.871727
6.831097
6.7949565
6.7624417
6.7323569
6.7038218
6.6762516
6.6491695
7.1230686
7.1070623
7.0691992
7.0184629
6.9664793
6.9180048
6.8734125
6.8328673
6.7965063
6.7636558
6.7332483
6.7044324
6.6766223
6.6493453
7.1158666
7.1009109
7.0653502
7.0170302
6.9666323
6.9189969
6.8748288
6.8343777
6.7978458
6.7647141
6.7340297
6.7049709
6.6769525
6.6495057
7.109831
7.0957248
7.0620431
7.0157409
6.9667051
6.9197988
6.8760001
6.8356436
6.7989813
6.7656181
6.7347002
6.7054355
6.6772399
6.6496481
7.1048953
7.0914636
7.0592836
7.0146248
6.9667249
6.9204332
6.8769464
6.8366778
6.7999183
6.7663689
6.7352596
6.7058247
6.6774824
6.6497702
7.1010065
7.088094
7.0570742
7.0137056
6.966715
6.9209196
6.8776847
6.837492
6.8006617
6.7669679
6.7357072
6.7061373
6.6776782
6.6498701
7.0981242
7.0855906
7.0554142
7.0129988
6.9666914
6.9212717
6.8782272
6.838095
6.8012161
6.7674166
6.7360435
6.7063727
6.6778265
6.6499464
7.0962182
7.0839418
7.0543104
7.0125211
6.9666692
6.9215003
6.8785825
6.8384916
6.8015826
6.7677144
6.736267
6.7065295
6.6779255
6.6499979
7.0952478
7.0831192
7.053757
7.0122807
6.9666596
6.9216173
6.878762
6.838691
6.8017667
6.7678639
6.7363791
6.706608
6.677975
6.6500235
6.6316756
6.6015049
6.5691711
6.5389145
6.5094651
6.4805992
6.452752
6.4260893
6.4006386
6.3765252
6.3540403
6.3335768
6.3159189
6.3014495
6.2931539
6.2869407
6.3033411
6.2916138
6.6319133
6.601638
6.5693168
6.5391022
6.509696
6.480839
6.4529786
6.4262954
6.4008187
6.3766726
6.3541482
6.3336375
6.3159241
6.3013804
6.293021
6.2865795
6.3032553
6.2896179
6.6308697
6.6010384
6.5691303
6.5391405
6.5098854
6.4810801
6.4531924
6.4264399
6.4008608
6.3765742
6.3538619
6.3331028
6.3150454
6.3000588
6.2909867
6.2837328
6.298837
6.2814104
6.6290706
6.6002242
6.5688992
6.5390835
6.5099699
6.4812317
6.4533018
6.4264246
6.4006467
6.3760725
6.3529567
6.3316408
6.3127957
6.2967425
6.285964
6.2767462
6.2869517
6.2651934
6.6271932
6.5994164
6.5687074
6.5390231
6.5100395
6.4813792
6.453397
6.4263525
6.4003001
6.3753206
6.3516257
6.3294944
6.3094837
6.2918027
6.2784692
6.2660853
6.2687296
6.2426748
6.6256897
6.5986709
6.5685298
6.5389662
6.5100845
6.4814887
6.4534452
6.4262158
6.3998577
6.3744211
6.3500625
6.3269828
6.3055987
6.285969
6.2695825
6.2532814
6.2470532
6.2162977
6.6245924
6.5979752
6.5683394
6.5389076
6.5100995
6.4815498
6.4534427
6.4260272
6.3993584
6.3734537
6.3484098
6.3243431
6.3015194
6.2798365
6.2602345
6.2397592
6.2245659
6.1883928
6.6238014
6.5973391
6.5681375
6.5388464
6.5100889
6.4815675
6.4533949
6.4257945
6.3988156
6.3724443
6.3467171
6.3216653
6.2974025
6.2736694
6.2508805
6.2262484
6.2027038
6.1605438
6.6232251
6.596777
6.5679309
6.5387812
6.5100585
6.4815491
6.4533073
6.4255225
6.3982349
6.3714011
6.3449981
6.3189729
6.293291
6.2675424
6.2416655
6.2129894
6.1819351
6.1335653
6.6228033
6.596294
6.5677256
6.5387115
6.5100138
6.481502
6.4531864
6.4252178
6.3976241
6.3703334
6.3432641
6.3162799
6.2892045
6.2614841
6.2326401
6.2000646
6.1623259
6.1078409
6.6224969
6.5958869
6.5675267
6.5386374
6.5099584
6.4814319
6.4530376
6.4248871
6.396992
6.3692524
6.3415291
6.3136042
6.2851675
6.2555282
6.2238502
6.1875453
6.1438626
6.0835676
6.6222793
6.5955487
6.5673384
6.5385598
6.5098947
6.4813432
6.4528663
6.4245373
6.3963479
6.36817
6.3398083
6.3109658
6.2812079
6.2497146
6.2153479
6.1755081
6.1265365
6.0608514
6.6221303
6.595271
6.567164
6.5384796
6.5098243
6.4812402
6.4526782
6.4241754
6.3957008
6.3670972
6.3381159
6.3083844
6.2773539
6.2440838
6.2071841
6.1640246
6.1103448
6.0397401
6.6220343
6.5950456
6.5670049
6.5383981
6.5097488
6.4811271
6.4524788
6.4238081
6.3950587
6.366044
6.3364653
6.3058794
6.2736331
6.2386745
6.1994047
6.1531537
6.0952832
6.0202425
6.6219793
6.5948647
6.5668619
6.5383164
6.50967
6.4810078
6.4522736
6.4234416
6.3944287
6.3650199
6.3348698
6.3034697
6.270072
6.2335226
6.19205
6.1429428
6.0813452
6.0023423
6.6219556
6.5947208
6.5667347
6.538236
6.5095898
6.4808859
6.4520672
6.4230811
6.3938176
6.364034
6.3333423
6.3011739
6.2666956
6.2286598
6.1851541
6.1334283
6.0685226
5.9860093
6.6219552
6.5946077
6.5666228
6.5381584
6.5095101
6.4807647
6.4518637
6.4227313
6.3932315
6.3630954
6.331896
6.2990098
6.2635264
6.2241143
6.1787461
6.1246392
6.0568068
5.9712065
6.6219715
6.5945197
6.5665254
6.538085
6.5094326
6.4806465
6.4516666
6.4223968
6.3926769
6.3622131
6.3305431
6.2969931
6.2605845
6.2199101
6.1728506
6.116598
6.0461899
5.9578956
6.6219992
6.5944522
6.5664417
6.5380168
6.5093586
6.4805336
6.4514792
6.422082
6.3921598
6.3613954
6.3292945
6.2951383
6.2578873
6.2160686
6.1674892
6.1093233
6.0366642
5.9460386
6.6220338
6.5944012
6.5663706
6.5379547
6.5092895
6.480428
6.4513045
6.4217913
6.391686
6.3606499
6.3281602
6.2934578
6.2554504
6.2126083
6.1626806
6.1028299
6.0282222
5.935599
6.6220715
6.5943633
6.566311
6.5378992
6.5092263
6.4803314
6.4511453
6.4215285
6.3912604
6.3599832
6.3271485
6.2919626
6.2532876
6.2095458
6.1584411
6.0971295
6.0208565
5.9265429
6.6221093
6.5943357
6.566262
6.5378509
6.5091701
6.4802454
6.4510043
6.421297
6.3908875
6.359401
6.3262671
6.2906625
6.2514113
6.2068955
6.1547843
6.092231
6.0145595
5.9188394
6.6221445
6.5943161
6.5662226
6.5378102
6.5091217
6.4801717
6.4508836
6.4210997
6.3905709
6.358908
6.3255224
6.289566
6.2498318
6.2046693
6.1517212
6.0881411
6.0093238
5.9124614
6.622175
6.5943025
6.566192
6.5377772
6.5090821
6.4801113
6.4507849
6.4209389
6.3903138
6.3585086
6.32492
6.2886803
6.2485579
6.202877
6.1492608
6.0848646
6.0051433
5.9073869
6.6221993
6.5942936
6.5661695
6.5377523
6.5090519
6.4800651
6.4507096
6.4208165
6.3901187
6.358206
6.3244642
6.2880108
6.2475963
6.2015259
6.1474091
6.0824041
6.0020113
5.903596
6.6222162
6.5942883
6.566155
6.5377357
6.5090315
6.480034
6.4506589
6.4207343
6.3899878
6.3580033
6.324159
6.2875631
6.2469536
6.2006239
6.1461746
6.0807662
5.9999296
5.9010856
6.6222245
6.5942856
6.5661476
6.5377272
6.5090211
6.480018
6.4506331
6.4206924
6.3899211
6.3579001
6.3240038
6.2873356
6.2466274
6.2001667
6.1455491
6.0799389
5.9988763
5.8998315
6.3826419
6.3723229
6.3468489
6.3205046
6.2877507
6.2452768
6.1940989
6.1382633
6.3935339
6.3605154
6.3270992
6.3034551
6.2720602
6.2285331
6.176421
6.1216339
6.3909519
6.3327398
6.2892341
6.2695228
6.2417538
6.1990714
6.1479567
6.0952494
6.3603796
6.296101
6.247709
6.2272997
6.200445
6.1584772
6.1085183
6.0570256
6.3056378
6.2512691
6.2041797
6.1793864
6.150995
6.1102264
6.0622903
6.0121479
6.2419215
6.2020215
6.160295
6.1313276
6.1007571
6.0613305
6.0156602
5.9669782
6.1826559
6.1530242
6.1169782
6.0857388
6.0534374
6.0150909
5.9714856
5.9244765
6.1328418
6.107428
6.0754074
6.0437361
6.0106039
5.9730882
5.9312011
5.8859005
6.0916825
6.0665957
6.0367334
6.0055311
5.9722293
5.9353258
5.89476
5.8509977
6.0568034
6.0305632
6.0015285
5.9709175
5.937766
5.9013525
5.8618019
5.819345
6.0263051
5.9987364
5.9698144
5.9396053
5.9066999
5.8707144
5.8319642
5.7905865
5.999083
5.9704321
5.9413324
5.9113175
5.8786462
5.8430452
5.8049491
5.7644668
5.9745517
5.9451011
5.915751
5.8857952
5.853314
5.8180575
5.7805145
5.7407864
5.9523759
5.9223486
5.8927646
5.8628013
5.8304696
5.7955205
5.7584557
5.7193718
5.9323342
5.9018943
5.8721208
5.8421276
5.8099173
5.7752415
5.7385943
5.700065
5.9142649
5.8835334
5.8536189
5.8235949
5.7914881
5.7570544
5.7207718
5.6827217
5.898044
5.8671106
5.8370977
5.8070504
5.7750342
5.7408132
5.7048476
5.6672116
5.8835719
5.8525022
5.8224246
5.792362
5.7604254
5.7263895
5.6906985
5.6534209
5.870765
5.8396059
5.8094877
5.7794159
5.7475488
5.713673
5.6782194
5.6412524
5.8595507
5.8283345
5.798192
5.7681155
5.736309
5.7025717
5.6673231
5.6306246
5.8498661
5.8186144
5.7884582
5.7583804
5.7266269
5.6930089
5.6579364
5.6214684
5.8416576
5.8103848
5.7802226
5.7501464
5.7184394
5.6849232
5.6500001
5.6137266
5.8348799
5.8035944
5.7734306
5.7433584
5.7116915
5.6782605
5.6434612
5.6073482
5.8295013
5.7982096
5.7680477
5.73798
5.7063449
5.6729812
5.6382799
5.602294
5.8254771
5.7941874
5.764034
5.7339726
5.7023625
5.6690498
5.634422
5.598531
5.8228008
5.7915204
5.7613731
5.7313118
5.6997169
5.6664389
5.6318606
5.5960335
5.8214588
5.7902119
5.7600678
5.7299965
5.6984014
5.6651371
5.6305797
5.5947747
5.9974105
5.7904061
5.5656438
5.3182362
5.0525942
4.7725046
4.4547571
4.1437868
5.9825268
5.774904
5.5502471
5.3030708
5.0378182
4.7581005
4.4424303
4.1347766
5.9596297
5.7555176
5.5336763
5.2892668
5.026947
4.7504518
4.4414203
4.1423908
5.9281702
5.729831
5.5121266
5.2721797
5.0147545
4.7436664
4.4445831
4.1557698
5.8918371
5.7005429
5.4881888
5.2542426
5.0033834
4.7394315
4.4522218
4.1737652
5.8544978
5.6703914
5.4639464
5.2366318
4.9930542
4.7370032
4.4621264
4.1938483
5.8184152
5.6411094
5.4407052
5.2200957
4.9839477
4.7360179
4.4731009
4.2152238
5.7846994
5.6135743
5.4190547
5.204912
4.9759981
4.7360514
4.4842948
4.2368364
5.7535489
5.58796
5.3990471
5.1910454
4.9690439
4.7367855
4.4952667
4.2578496
5.7249133
5.5642581
5.3806247
5.1784247
4.962965
4.7380131
4.5057979
4.2777138
5.6986669
5.5423966
5.3636933
5.1669548
4.9576447
4.7395652
4.5157565
4.2961395
5.6746813
5.522305
5.3481745
5.1565535
4.9529883
4.7413137
4.5250683
4.3130233
5.6528315
5.5039128
5.333995
5.1471411
4.9489089
4.7431548
4.5336907
4.3283617
5.6329954
5.4871454
5.3210841
5.1386427
4.9453317
4.7450104
4.5416085
4.3422067
5.6150546
5.4719257
5.3093736
5.1309905
4.9421935
4.7468245
4.5488258
4.3546361
5.598897
5.4581776
5.2988002
5.1241247
4.9394426
4.7485584
4.5553591
4.3657377
5.5844191
5.4458289
5.2893064
5.1179941
4.9370375
4.7501865
4.5612317
4.3755992
5.5715284
5.4348137
5.2808412
5.1125548
4.9349438
4.7516911
4.5664689
4.3843032
5.5601439
5.4250727
5.2733587
5.1077678
4.9331323
4.7530597
4.5710957
4.3919245
5.5501952
5.4165526
5.2668172
5.1035986
4.9315778
4.7542834
4.5751362
4.3985302
5.5416211
5.4092054
5.2611785
5.1000161
4.9302583
4.7553564
4.5786133
4.4041802
5.534369
5.4029884
5.256409
5.0969933
4.9291559
4.7562756
4.5815491
4.4089269
5.5283936
5.3978645
5.2524788
5.0945071
4.9282563
4.7570397
4.5839632
4.412815
5.523658
5.3938026
5.2493636
5.0925397
4.9275492
4.7576502
4.5858738
4.4158824
5.5201335
5.3907774
5.2470417
5.0910746
4.9270248
4.7581063
4.5872943
4.4181584
5.5178008
5.3887771
5.2455034
5.0901047
4.9266797
4.7584096
4.5882337
4.4196615
5.5166286
5.3877801
5.2447348
5.0896216
4.9265123
4.758568
4.5887102
4.4204218
3.5095945
3.5331599
3.5377459
3.4490444
3.3552929
3.2645194
3.1621307
3.047723
2.9263113
2.8005262
2.6711722
2.5387308
2.4036039
2.2660208
2.1260731
1.9837864
1.8391562
1.6921605
1.5427619
1.3909188
1.2365499
1.0796431
0.91994963
0.75790777
0.59203835
0.42617734
0.25055964
0.090100702
3.5346025
3.5399254
3.542498
3.4519229
3.3558426
3.264118
3.1614155
3.046779
2.9252293
2.7993958
2.6700236
2.5375648
2.4024192
2.2648178
2.1248527
1.9825512
1.8379088
1.690901
1.5414864
1.3896213
1.2352263
1.0782942
0.91857679
0.75651733
0.59060919
0.42475926
0.24893498
0.089217252
3.600371
3.5648318
3.5550382
3.4595855
3.3586577
3.2646515
3.1612636
3.0462924
2.9245497
2.7986468
2.6692478
2.5367605
2.4015833
2.2639517
2.1239607
1.9816409
1.8369898
1.6899781
1.5405546
1.3886682
1.2342407
1.0772737
0.91752609
0.75544379
0.58948605
0.4236537
0.24742388
0.089505363
3.6777336
3.5956371
3.5692693
3.470518
3.3646014
3.2671396
3.1623123
3.0465975
2.9243813
2.798233
2.6687166
2.5361569
2.4009247
2.263249
2.1232233
1.9808813
1.8362233
1.6892149
1.5397911
1.3878875
1.2334241
1.0764122
0.91662435
0.75450682
0.58849
0.42266041
0.24588835
0.09063766
3.7544446
3.6302322
3.585289
3.4838445
3.3728646
3.2709844
3.1641206
3.0474323
2.924603
2.7981103
2.6684219
2.5357596
2.400451
2.2627144
2.1226405
1.9802663
1.835596
1.6885904
1.5391694
1.3872513
1.2327504
1.0756858
0.91584514
0.75367904
0.58758573
0.4217609
0.24433777
0.092270749
3.8248573
3.6672453
3.6027206
3.4980913
3.3823087
3.275672
3.166459
3.0486848
2.9251615
2.7982428
2.668326
2.5355281
2.4001223
2.2623112
2.1221807
1.9797689
1.8350827
1.6880788
1.5386624
1.3867342
1.2321991
1.0750804
0.91517875
0.75295392
0.58676779
0.4209628
0.24282553
0.094126438
3.8861928
3.7042515
3.6205021
3.5121135
3.3921668
3.28089
3.1691569
3.0502124
2.9259444
2.798544
2.668358
2.5354023
2.3998873
2.2619951
2.1218052
1.9793543
1.8346496
1.6876442
1.5382314
1.3862963
1.2317329
1.0745637
0.91459716
0.75230717
0.58601675
0.42025115
0.24140493
0.095965113
3.9379771
3.7396516
3.638175
3.5255078
3.4020102
3.2863874
3.172053
3.0518889
2.9268653
2.7989581
2.6684771
2.5353476
2.3997143
2.2617367
2.1214866
1.9789962
1.8342704
1.6872581
1.5378453
1.3859052
1.2313202
1.0741073
0.91407621
0.75171883
0.58531983
0.41961309
0.24012645
0.097626073
3.9813872
3.7727653
3.655566
3.5381533
3.4115573
3.2919695
3.1750416
3.0536396
2.9278707
2.7994478
2.6686528
2.5353362
2.3995781
2.2615134
2.1212045
1.9786758
1.8339259
1.6869007
1.5374827
1.3855384
1.2309386
1.0736901
0.91359846
0.7511758
0.58467192
0.41904047
0.23902157
0.099028811
4.0180067
3.8033086
3.6725231
3.5500524
3.4206782
3.2975348
3.1780785
3.0554289
2.9289275
2.7999872
2.6688643
2.5353508
2.3994643
2.2613132
2.1209481
1.978382
1.8336049
1.6865604
1.5371319
1.3851835
1.230575
1.0732996
0.91315427
0.75067269
0.58407466
0.41852999
0.23809973
0.10015449
4.0492142
3.8311977
3.6889131
3.5612688
3.4293314
3.3030225
3.1811347
3.0572321
2.9300106
2.8005573
2.6690985
2.5353815
2.3993656
2.2611302
2.1207115
1.9781083
1.8333009
1.6862318
1.5367887
1.3848362
1.2302239
1.07293
0.91274021
0.75020951
0.58353245
0.41807975
0.23735027
0.10102025
4.0760619
3.8564779
3.7046187
3.57186
3.4375006
3.3083784
3.1841812
3.0590289
2.9311004
2.8011439
2.6693462
2.5354228
2.3992789
2.260962
2.1204918
1.9778517
1.8330118
1.6859147
1.5364543
1.3844973
1.2298846
1.0725798
0.91235625
0.74978813
0.5830482
0.41768561
0.23674812
0.10165925
4.0993259
3.8792681
3.719534
3.5818577
3.4451764
3.3135534
3.1871879
3.0608008
2.9321795
2.8017341
2.6696004
2.5354714
2.3992027
2.260808
2.1202879
1.977611
1.8327379
1.6856116
1.5361323
1.38417
1.2295586
1.0722493
0.91200292
0.74940897
0.58262044
0.41733959
0.2362613
0.10210934
4.1195865
3.899725
3.7335716
3.5912723
3.4523542
3.3185039
3.1901235
3.0625289
2.933232
2.8023168
2.6698557
2.5355255
2.3991368
2.2606677
2.1200997
1.977387
1.8324814
1.6853259
1.5358266
1.3838571
1.2292475
1.0719388
0.91167928
0.74906934
0.58224299
0.41703106
0.23585884
0.10240834
4.1372869
3.9180167
3.7466644
3.6000999
3.4590306
3.3231915
3.1929566
3.0641955
2.9342447
2.8028834
2.6701087
2.5355844
2.3990814
2.2605418
2.1199279
1.977181
1.8322445
1.6850603
1.5355394
1.3835604
1.2289517
1.0716471
0.91138246
0.74876375
0.58190697
0.41674972
0.23551628
0.10259237
4.1527709
3.9343075
3.7587645
3.6083264
3.4652024
3.3275844
3.1956584
3.0657853
2.9352079
2.8034277
2.6703568
2.5356479
2.3990366
2.2604307
2.1197732
1.9769939
1.8320279
1.6848154
1.5352713
1.38328
1.2286711
1.0713727
0.91110855
0.74848579
0.58160368
0.41648832
0.23521777
0.10269421
4.1663076
3.9487489
3.7698407
3.6159333
3.470867
3.3316577
3.1982041
3.0672856
2.9361143
2.8039451
2.6705984
2.5357155
2.3990026
2.2603344
2.1196356
1.9768254
1.8318309
1.6845899
1.5350212
1.3830155
1.2284051
1.0711142
0.91085401
0.74823014
0.58132675
0.4162435
0.23495451
0.10274133
4.1781103
3.9614772
3.7798761
3.6229014
3.4760225
3.335393
3.2005732
3.0686858
2.9369585
2.8044321
2.6708314
2.5357864
2.3989785
2.2602519
2.1195139
1.9766737
1.8316513
1.6843818
1.5347878
1.3827666
1.2281539
1.0708709
0.91061676
0.74799365
0.58107264
0.41601478
0.23472166
0.10275436
4.1883492
3.9726133
3.7888655
3.6292132
3.4806679
3.3387773
3.2027484
3.0699767
2.9377357
2.8048848
2.6710532
2.5358586
2.3989625
2.2601812
2.1194057
1.9765364
1.8314867
1.6841894
1.5345703
1.3825336
1.2279184
1.0706432
0.91039624
0.74777514
0.58083973
0.41580279
0.23451534
0.1027472
4.1971618
3.982263
3.7968126
3.6348543
3.4848027
3.3418015
3.2047153
3.0711492
2.9384409
2.8052989
2.6712601
2.5359292
2.3989518
2.2601198
2.1193086
1.9764113
1.8313354
1.6840117
1.534369
1.3823175
1.2276998
1.0704322
0.91019283
0.74757444
0.5806272
0.41560796
0.23433146
0.10272866
4.20466
3.990518
3.8037268
3.6398128
3.4884263
3.3444587
3.206461
3.0721945
2.9390689
2.8056698
2.671448
2.535995
2.3989439
2.2600653
2.1192209
1.9762972
1.8311968
1.6838488
1.5341846
1.3821195
1.2274996
1.0702391
0.91000694
0.74739151
0.58043418
0.41543023
0.2341655
0.10270467
4.2109352
3.9974563
3.8096207
3.6440794
3.4915372
3.3467437
3.2079746
3.073104
2.9396138
2.8059925
2.6716126
2.5360527
2.3989363
2.2600161
2.1191414
1.9761935
1.8310711
1.6837014
1.534018
1.381941
1.2273188
1.0700646
0.90983883
0.7472262
0.58025985
0.41526946
0.23401349
0.10268022
4.2160606
4.0031426
3.8145073
3.647646
3.4941337
3.3486522
3.2092468
3.0738704
2.9400713
2.8062629
2.6717504
2.5360997
2.3989273
2.2599709
2.1190695
1.9761003
1.8309584
1.68357
1.53387
1.3817825
1.227158
1.0699086
0.90968789
0.74707755
0.58010271
0.41512499
0.23387108
0.1026596
4.2200946
4.0076293
3.8183985
3.6505052
3.4962121
3.3501795
3.2102691
3.0744864
2.9404368
2.8064775
2.6718583
2.536134
2.3989158
2.2599295
2.1190057
1.9760183
1.8308598
1.6834558
1.533742
1.3816455
1.2270186
1.0697725
0.9095551
0.74694645
0.57996333
0.41499848
0.23373657
0.10264975
4.2230818
4.0109585
3.8213077
3.6526549
3.4977725
3.3513248
3.2110373
3.0749482
2.9407076
2.8066337
2.6719335
2.536153
2.3988993
2.2598895
2.1189476
1.9759452
1.8307732
1.6833563
1.5336312
1.381527
1.2268971
1.0696524
0.90943611
0.74682796
0.57983637
0.41488466
0.23360125
0.10265162
4.2250497
4.013151
3.8232344
3.6540839
3.4988077
3.3520832
3.2115464
3.0752533
2.9408844
2.8067333
2.6719789
2.5361604
2.3988826
2.2598566
2.1189021
1.9758889
1.8307071
1.6832809
1.5335476
1.3814377
1.2268053
1.0695608
0.90934427
0.74673606
0.57973684
0.41479994
0.23347437
0.1026959
4.2260423
4.0142473
3.8241969
3.6547952
3.4993169
3.3524497
3.2117861
3.0753892
2.9409537
2.8067615
2.6719777
2.5361379
2.3988455
2.2598087
2.1188451
1.9758234
1.8306334
1.6831992
1.5334585
1.3813424
1.2267053
1.0694575
0.90923641
0.74662658
0.57961258
0.41470544
0.23327754
0.10274692
)
;

boundaryField
{
    inlet
    {
        type            zeroGradient;
    }
    outlet
    {
        type            fixedValue;
        value           uniform 0;
    }
    hydrofoilFlap
    {
        type            zeroGradient;
    }
    farfield
    {
        type            zeroGradient;
    }
    frontAndBack
    {
        type            empty;
    }
}


// ************************************************************************* //
