/*--------------------------------*- C++ -*----------------------------------*\
| =========                 |                                                 |
| \\      /  F ield         | OpenFOAM: The Open Source CFD Toolbox           |
|  \\    /   O peration     | Version:  2512                                  |
|   \\  /    A nd           | Website:  www.openfoam.com                      |
|    \\/     M anipulation  |                                                 |
\*---------------------------------------------------------------------------*/
FoamFile
{
    version     2.0;
    format      ascii;
    arch        "LSB;label=32;scalar=64";
    class       surfaceScalarField;
    location    "74";
    object      phi;
}
// * * * * * * * * * * * * * * * * * * * * * * * * * * * * * * * * * * * * * //

dimensions      [0 3 -1 0 0 0 0];

oriented        oriented;

internalField   nonuniform List<scalar> 
4001
(
0.00084355225
0.00016385516
0.00067079532
0.00017275693
0.00052869346
0.00014210186
0.00042173102
0.00010696245
0.00034882726
7.2903753e-05
0.00030347327
4.5353993e-05
0.00027681005
2.6663216e-05
0.00026116968
1.5640376e-05
0.00025125627
9.9134053e-06
0.00024390905
7.3472227e-06
0.00023749531
6.4137379e-06
0.00023131337
6.1819332e-06
0.00022510969
6.2036799e-06
6.4971865e-06
0.00021861251
0.0010670694
0.0001041932
0.0010693752
0.00017045114
0.0010343255
0.00017715149
0.00097860861
0.00016267935
0.00091788203
0.00013363033
0.0008620565
0.00010117952
0.00081453955
7.4180173e-05
0.00077508093
5.5098989e-05
0.00074218995
4.2804391e-05
0.00071426389
3.5273274e-05
0.00068994926
3.0728373e-05
0.00066830781
2.7823382e-05
0.00064840693
2.6104558e-05
2.4426973e-05
0.00063047714
0.0010366133
7.4987268e-05
0.0010679848
0.00013907965
0.0010922541
0.00015288221
0.001103133
0.00015180045
0.0010997507
0.00013701267
0.0010863968
0.00011453337
0.0010678135
9.2763542e-05
0.0010472016
7.5710874e-05
0.0010262894
6.3716599e-05
0.0010058406
5.5722042e-05
0.00098608119
5.048779e-05
0.00096702987
4.6874693e-05
0.00094850321
4.4631217e-05
4.2082916e-05
0.00093084727
0.0010220179
6.0376809e-05
0.0010407558
0.00012034169
0.0010601244
0.00013351363
0.001078896
0.00013302888
0.0010931302
0.00012277843
0.0011015134
0.00010615016
0.0011048454
8.9431617e-05
0.0011044712
7.6084983e-05
0.0011015931
6.6594746e-05
0.0010970633
6.0251799e-05
0.0010913864
5.6164778e-05
0.001084833
5.342807e-05
0.0010775553
5.190889e-05
5.0080156e-05
0.0010695581
0.0010182067
4.9577533e-05
0.001032303
0.00010624535
0.0010448236
0.00012099302
0.0010570651
0.00012078739
0.0010677935
0.00011205005
0.0010762764
9.7667273e-05
0.0010827206
8.298738e-05
0.001087555
7.1250623e-05
0.0010911848
6.2964947e-05
0.0010939221
5.7514476e-05
0.0010959487
5.4138157e-05
0.0010973227
5.2054077e-05
0.001098126
5.1105592e-05
5.0166919e-05
0.0010980392
0.001015841
4.11439e-05
0.0010283605
9.3725924e-05
0.0010391856
0.00011016784
0.0010488659
0.00011110709
0.001056825
0.00010409095
0.0010628268
9.1665518e-05
0.0010674108
7.8403356e-05
0.0010711601
6.7501334e-05
0.0010744695
5.9655516e-05
0.0010775771
5.4406912e-05
0.0010805952
5.1120059e-05
0.0010835179
4.9131346e-05
0.0010863823
4.8241232e-05
4.7677833e-05
0.0010888714
0.0010139958
3.4555535e-05
0.0010250843
8.2637386e-05
0.0010351402
0.00010011193
0.0010440628
0.00010218453
0.0010513704
9.6783308e-05
0.001056731
8.6304958e-05
0.0010605979
7.4536392e-05
0.0010635833
6.4515936e-05
0.0010661316
5.7107236e-05
0.0010685237
5.2014867e-05
0.0010709165
4.8727222e-05
0.0010733505
4.6697293e-05
0.0010758815
4.5710277e-05
4.5221345e-05
0.001078338
0.0010126278
2.9335139e-05
0.0010223543
7.2910899e-05
0.001031624
9.0842227e-05
0.0010399293
9.3879259e-05
0.001046917
8.9795628e-05
0.0010522014
8.1020483e-05
0.0010560607
7.0677123e-05
0.0010590106
6.1566001e-05
0.0010614561
5.4661766e-05
0.0010636644
4.9806554e-05
0.0010658001
4.6591486e-05
0.0010679296
4.4567857e-05
0.0010701171
4.3522789e-05
4.3049186e-05
0.0010722892
0.0010116118
2.5130751e-05
0.0010201261
6.4396555e-05
0.0010286451
8.2323277e-05
0.0010363598
8.6164515e-05
0.0010429953
8.3160198e-05
0.0010481867
7.5829067e-05
0.0010520906
6.6773228e-05
0.0010551312
5.8525362e-05
0.0010576647
5.2128253e-05
0.0010599295
4.7541812e-05
0.0010620781
4.44429e-05
0.001064182
4.2463876e-05
0.001066303
4.1401781e-05
4.0940559e-05
0.0010684117
0.0010108462
2.1691925e-05
0.0010183054
5.6937391e-05
0.0010261354
7.4493314e-05
0.0010333251
7.8974768e-05
0.0010396167
7.6868652e-05
0.0010446824
7.0763272e-05
0.001048594
6.2861725e-05
0.001051698
5.5421356e-05
0.0010543107
4.9515521e-05
0.0010566473
4.5205151e-05
0.0010588494
4.2240876e-05
0.0010609906
4.0322692e-05
0.0010631301
3.9262265e-05
3.8808049e-05
0.0010652626
0.0010102625
1.8836875e-05
0.0010168133
5.0386521e-05
0.0010240118
6.7294873e-05
0.0010307361
7.2250413e-05
0.0010367116
7.0893151e-05
0.0010416469
6.5827976e-05
0.0010455511
5.8957523e-05
0.0010487008
5.2271642e-05
0.0010513756
4.6840775e-05
0.0010537711
4.2809608e-05
0.0010560194
3.9992618e-05
0.0010581959
3.8146124e-05
0.0010603591
3.7099081e-05
3.6646849e-05
0.0010625203
0.0010098121
1.6432223e-05
0.0010155868
4.4611808e-05
0.001022208
6.0673625e-05
0.0010285158
6.594266e-05
0.0010342033
6.5205643e-05
0.0010390094
6.1021889e-05
0.0010428989
5.5067944e-05
0.0010460859
4.9084667e-05
0.0010488145
4.411216e-05
0.0010512627
4.0361434e-05
0.0010535532
3.7702098e-05
0.0010557622
3.5937181e-05
0.0010579473
3.4913956e-05
3.4462644e-05
0.0010601315
0.0010094604
1.4379211e-05
0.0010145751
3.9497116e-05
0.0010206721
5.457666e-05
0.0010266047
6.0010069e-05
0.0010320304
5.9779917e-05
0.0010367102
5.6342073e-05
0.0010405789
5.1199252e-05
0.001043796
4.5867522e-05
0.0010465723
4.1335891e-05
0.001049069
3.7864788e-05
0.0010514
3.5371084e-05
0.0010536406
3.3696518e-05
0.001055848
3.2706555e-05
3.2258157e-05
0.0010580525
0.0010091828
1.2603859e-05
0.001013738
3.494186e-05
0.0010193621
4.8952591e-05
0.0010249558
5.4416359e-05
0.0010301442
5.459156e-05
0.0010347023
5.1783929e-05
0.001038545
4.7356597e-05
0.0010417857
4.262678e-05
0.0010446037
3.8517907e-05
0.0010471445
3.5323944e-05
0.0010495139
3.3001685e-05
0.0010517855
3.1424984e-05
0.0010540154
3.0476632e-05
3.0034838e-05
0.0010562387
0.0010089612
1.1050023e-05
0.0010130434
3.0859734e-05
0.0010182439
4.3752042e-05
0.0010235314
4.9128908e-05
0.001028505
4.961788e-05
0.0010329476
4.7341393e-05
0.0010367604
4.354374e-05
0.0010400189
3.9368288e-05
0.0010428731
3.5663769e-05
0.0010454538
3.2743259e-05
0.0010478589
3.0596498e-05
0.0010501599
2.9124005e-05
0.001052412
2.8224601e-05
2.7793947e-05
0.0010546528
0.0010087829
9.6744996e-06
0.0010124656
2.7177068e-05
0.0010172896
3.8928076e-05
0.0010223008
4.4117703e-05
0.0010270809
4.4837763e-05
0.001031415
4.300731e-05
0.0010351956
3.9763097e-05
0.0010384668
3.6097097e-05
0.001041352
3.2778562e-05
0.0010439683
3.0126982e-05
0.0010464064
2.8158379e-05
0.001048735
2.6795383e-05
0.0010510083
2.5951366e-05
2.5536723e-05
0.0010532655
0.0010086383
8.4435593e-06
0.0010119843
2.3831075e-05
0.0010164759
3.4436496e-05
0.001021239
3.935466e-05
0.0010258452
4.0231495e-05
0.0010300788
3.8773739e-05
0.0010338261
3.6015814e-05
0.0010371057
3.2817452e-05
0.0010400174
2.9866875e-05
0.0010426652
2.7479169e-05
0.0010451333
2.5690305e-05
0.0010474875
2.444117e-05
0.0010497807
2.3658165e-05
2.3264403e-05
0.001052053
0.0010085205
7.3304644e-06
0.0010115834
2.0768172e-05
0.0010157839
3.0235994e-05
0.0010203254
3.4813183e-05
0.0010247764
3.5780532e-05
0.0010289179
3.4632204e-05
0.0010326318
3.2301905e-05
0.0010359164
2.9532812e-05
0.0010388505
2.6932818e-05
0.001041526
2.4803651e-05
0.001044021
2.3195289e-05
0.0010463986
2.206357e-05
0.0010487103
2.134646e-05
2.0978237e-05
0.0010509965
0.0010084242
6.3136864e-06
0.0010112499
1.7942467e-05
0.0010151977
2.6288165e-05
0.001019543
3.0467875e-05
0.0010238563
3.1467294e-05
0.0010279146
3.0573878e-05
0.0010315961
2.8620397e-05
0.001034883
2.6245891e-05
0.0010378358
2.3980045e-05
0.0010405354
2.210402e-05
0.0010430544
2.0676329e-05
0.0010454531
1.9664884e-05
0.0010477817
1.9017872e-05
1.8679504e-05
0.0010500804
0.0010083455
5.3756078e-06
0.0010109735
1.5314409e-05
0.0010147043
2.2557383e-05
0.0010188778
2.6294365e-05
0.0010230701
2.7274976e-05
0.0010270543
2.6589712e-05
0.0010307052
2.4969478e-05
0.0010339924
2.2958713e-05
0.0010369607
2.1011781e-05
0.0010396811
1.9383632e-05
0.001042221
1.8136367e-05
0.0010446384
1.7247464e-05
0.0010469822
1.6674132e-05
1.6369514e-05
0.0010492922
0.0010082814
4.5015682e-06
0.0010107462
1.2849623e-05
0.001014293
1.9010611e-05
0.0010183182
2.2269173e-05
0.0010224058
2.3187386e-05
0.001026325
2.2670527e-05
0.0010299478
2.1346634e-05
0.0010332338
1.9672686e-05
0.0010362148
1.8030866e-05
0.0010389528
1.6645615e-05
0.0010415109
1.5578271e-05
0.0010439446
1.4813686e-05
0.0010463017
1.4317047e-05
1.4049606e-05
0.0010486216
0.0010082298
3.6791561e-06
0.0010105615
1.051792e-05
0.001013955
1.5617131e-05
0.0010178546
1.8369604e-05
0.0010218531
1.9188819e-05
0.0010257166
1.880708e-05
0.0010293144
1.7748786e-05
0.0010325985
1.6388663e-05
0.0010355896
1.5039781e-05
0.0010383423
1.389289e-05
0.0010409157
1.3004823e-05
0.0010433635
1.2365922e-05
0.0010457321
1.194847e-05
1.1721147e-05
0.0010480605
0.0010081889
2.8976672e-06
0.0010104144
8.2924394e-06
0.0010136833
1.2348249e-05
0.0010174792
1.4573644e-05
0.0010214041
1.526394e-05
0.0010252211
1.4990088e-05
0.0010287975
1.4172397e-05
0.0010320791
1.3107031e-05
0.0010350782
1.2040708e-05
0.0010378429
1.1128199e-05
0.001040429
1.041873e-05
0.0010428883
9.9065403e-06
0.0010452665
9.5702872e-06
9.3855231e-06
0.0010476022
0.0010081574
2.147671e-06
0.0010103009
6.1489041e-06
0.0010134722
9.1770134e-06
0.0010171859
1.0859878e-05
0.0010210522
1.1397698e-05
0.001024832
1.1210246e-05
0.0010283909
1.0613552e-05
0.0010316701
9.8277659e-06
0.0010346753
9.0355507e-06
0.0010374494
8.3541145e-06
0.0010400455
7.8226112e-06
0.0010425141
7.4378898e-06
0.0010449
7.1843989e-06
7.0441426e-06
0.0010472414
0.0010081344
1.4207096e-06
0.0010102185
4.0648146e-06
0.0010133176
6.077858e-06
0.0010169701
7.2073837e-06
0.0010207925
7.5752887e-06
0.0010245445
7.4582716e-06
0.00102809
7.0680796e-06
0.0010313672
6.5505291e-06
0.0010343768
6.025992e-06
0.0010371578
5.573066e-06
0.0010397614
5.2190062e-06
0.001042237
4.9622867e-06
0.0010446287
4.7927135e-06
4.6984226e-06
0.0010469744
0.0010081186
7.0951296e-07
0.0010101647
2.0187191e-06
0.0010132166
3.0260146e-06
0.0010168286
3.5953031e-06
0.0010206221
3.781819e-06
0.0010243556
3.7247489e-06
0.0010278921
3.5315862e-06
0.0010311678
3.2748124e-06
0.0010341802
3.0136643e-06
0.0010369657
2.7875157e-06
0.0010395742
2.6105279e-06
0.0010420543
2.4821437e-06
0.0010444498
2.3972374e-06
2.3498645e-06
0.0010467984
0.0010081169
0.0010101356
0.0010131616
0.001016757
0.0010205388
0.0010242635
0.0010277951
0.0010310699
0.0010340836
0.0010368711
0.0010394816
0.0010419638
0.001044361
0.0010467109
0.00021752584
1.0866618e-06
0.00021479074
2.7351042e-06
0.00021111233
3.6784103e-06
0.00020705564
4.0566907e-06
0.00020295537
4.1002717e-06
0.00019894416
4.0112023e-06
0.00019504054
3.9036264e-06
0.00019120977
3.8307614e-06
0.00018738011
3.829664e-06
0.00018344369
3.9364168e-06
0.00017925528
4.1884119e-06
0.00017461608
4.639201e-06
0.00016927766
5.3384147e-06
0.00016281694
6.4607285e-06
0.00015500455
7.8123878e-06
0.00014405312
1.0951417e-05
0.00013280417
1.1248946e-05
2.4478103e-05
0.00010832606
0.00061749082
1.4072982e-05
0.0006051498
1.5076124e-05
0.00059340081
1.5427406e-05
0.00058209006
1.5367436e-05
0.00057117455
1.5015786e-05
0.00056066504
1.4520704e-05
0.00055053705
1.4031618e-05
0.00054071718
1.365063e-05
0.00053108924
1.3457608e-05
0.00052149024
1.3535416e-05
0.00051169051
1.3988139e-05
0.00050139068
1.4939038e-05
0.00049011942
1.6609672e-05
0.00047740499
1.9175156e-05
0.00046195406
2.3263316e-05
0.00044372942
2.9176056e-05
0.00041744353
3.7534831e-05
5.6166968e-05
0.00038575466
0.00091576531
2.9154946e-05
0.00090121322
2.962821e-05
0.00088722242
2.9418204e-05
0.00087369716
2.8892698e-05
0.0008605816
2.8131348e-05
0.00084786082
2.7241483e-05
0.00083550594
2.6386497e-05
0.00082345362
2.5702949e-05
0.00081160454
2.5306684e-05
0.00079981618
2.5323778e-05
0.00078788519
2.5919129e-05
0.00077552972
2.729451e-05
0.00076232704
2.9812353e-05
0.00074775722
3.3744979e-05
0.00073071333
4.0307196e-05
0.00071080954
4.9079846e-05
0.00068296424
6.5380128e-05
8.6792504e-05
0.0006523387
0.0010617699
3.6943071e-05
0.0010537203
3.7677863e-05
0.0010455058
3.7632707e-05
0.0010371353
3.7263131e-05
0.0010286076
3.6659082e-05
0.0010199491
3.5899993e-05
0.0010111853
3.5150332e-05
0.0010023178
3.4570463e-05
0.00099331837
3.4306067e-05
0.00098412203
3.4520117e-05
0.00097461322
3.542794e-05
0.00096460767
3.7300059e-05
0.0009538163
4.0603718e-05
0.00094182992
4.5731366e-05
0.00092788977
5.4247337e-05
0.00091144303
6.5526585e-05
0.00088924879
8.7574365e-05
0.00011190098
0.00086414031
0.0010973267
3.7655572e-05
0.0010962167
3.8787865e-05
0.001094705
3.9144447e-05
0.0010928002
3.91679e-05
0.001090483
3.8976339e-05
0.0010877574
3.8625552e-05
0.0010846445
3.8263197e-05
0.0010811604
3.805458e-05
0.0010773071
3.8159393e-05
0.0010730664
3.8760797e-05
0.0010683896
4.0104753e-05
0.0010631843
4.2505371e-05
0.0010572918
4.6496199e-05
0.0010504655
5.2557732e-05
0.0010422854
6.242741e-05
0.0010322546
7.5557383e-05
0.0010190832
0.00010074571
0.00012843899
0.0010025452
0.0010908502
3.567671e-05
0.0010927554
3.6882733e-05
0.0010944681
3.743172e-05
0.0010959662
3.7669761e-05
0.0010972016
3.774102e-05
0.0010981397
3.7687394e-05
0.0010987697
3.7633192e-05
0.0010990873
3.7737007e-05
0.0010990863
3.8160432e-05
0.0010987549
3.9092122e-05
0.00109807
4.0789724e-05
0.0010969893
4.3586028e-05
0.0010954422
4.804328e-05
0.0010933083
5.4691643e-05
0.0010904463
6.5289462e-05
0.0010864631
7.9540514e-05
0.0010816148
0.00010559405
0.00013621977
0.001073834
0.0010804169
3.3597769e-05
0.0010826458
3.4653906e-05
0.0010848735
3.5203956e-05
0.0010870726
3.5470683e-05
0.0010891998
3.561385e-05
0.0010912135
3.5673677e-05
0.0010930917
3.575494e-05
0.0010948212
3.6007548e-05
0.0010963899
3.6591694e-05
0.0010977862
3.7695891e-05
0.0010989963
3.9579586e-05
0.0011000019
4.2580418e-05
0.0011007825
4.7262732e-05
0.0011012898
5.4184294e-05
0.0011015675
6.5011777e-05
0.0011013204
7.9787559e-05
0.0011016654
0.00010524908
0.00013756614
0.001100319
0.0010740536
3.1833422e-05
0.001076004
3.2703509e-05
0.0010780036
3.3204286e-05
0.0010800277
3.3446606e-05
0.0010820504
3.3591163e-05
0.0010840407
3.3683364e-05
0.0010859821
3.3813516e-05
0.0010878665
3.4123184e-05
0.0010896872
3.4770953e-05
0.0010914388
3.594433e-05
0.0010931173
3.7901119e-05
0.0010947189
4.0978827e-05
0.0010962515
4.5730066e-05
0.0010977047
5.2731168e-05
0.0010992151
6.350131e-05
0.0011005876
7.8415057e-05
0.0011031635
0.00010267323
0.00013530333
0.0011054263
0.0010700474
3.019764e-05
0.0010718434
3.0907556e-05
0.0010736853
3.136238e-05
0.0010755454
3.1586491e-05
0.001077408
3.1728552e-05
0.0010792508
3.1840589e-05
0.0010810622
3.200207e-05
0.0010828396
3.2345798e-05
0.0010845827
3.3027903e-05
0.0010862927
3.4234304e-05
0.0010879744
3.6219454e-05
0.0010896346
3.931856e-05
0.0010912983
4.4066372e-05
0.0010929781
5.1051386e-05
0.0010948441
6.163533e-05
0.0010968061
7.6453049e-05
0.0011000761
9.9403201e-05
0.00013131664
0.0011040628
0.0010668793
2.8580973e-05
0.0010686305
2.9156345e-05
0.0010704239
2.9568972e-05
0.0010722273
2.9783071e-05
0.0010740285
2.9927339e-05
0.0010758098
3.0059331e-05
0.0010775613
3.0250548e-05
0.0010792825
3.0624611e-05
0.0010809765
3.1333856e-05
0.0010826493
3.2561534e-05
0.0010843116
3.4557134e-05
0.0010859788
3.765137e-05
0.0010876871
4.2358019e-05
0.0010894689
4.9269603e-05
0.0010915023
5.9601947e-05
0.0010937964
7.4158978e-05
0.001097346
9.5853574e-05
0.00012644036
0.0011022223
0.0010641401
2.6961165e-05
0.0010658745
2.7421947e-05
0.0010676514
2.7792104e-05
0.0010694367
2.7997809e-05
0.0010712194
2.8144635e-05
0.0010729851
2.8293557e-05
0.0010747252
2.8510456e-05
0.00107644
2.890985e-05
0.0010781349
2.9638996e-05
0.0010798191
3.0877292e-05
0.0010815086
3.2867645e-05
0.0010832262
3.5933771e-05
0.0010850179
4.0566314e-05
0.0010869349
4.735258e-05
0.0010891582
5.7378613e-05
0.00109178
7.15372e-05
0.0010956132
9.2020436e-05
0.00012095783
0.0011010957
0.0010617568
2.5335832e-05
0.0010634791
2.5699708e-05
0.0010652438
2.6027377e-05
0.0010670178
2.6223822e-05
0.0010687908
2.6371616e-05
0.0010705516
2.6532743e-05
0.001072293
2.6769116e-05
0.0010740163
2.7186547e-05
0.0010757291
2.792616e-05
0.0010774441
2.9162268e-05
0.001079182
3.1129721e-05
0.0010809731
3.4142695e-05
0.0010828726
3.8666881e-05
0.0010849495
4.5275612e-05
0.0010873884
5.4939767e-05
0.001090345
6.8580534e-05
0.0010945038
8.7861665e-05
0.00011498495
0.0011004767
0.001059685
2.3703319e-05
0.0010613984
2.3986375e-05
0.0010631528
2.4272973e-05
0.0010649176
2.4458967e-05
0.0010666833
2.4605989e-05
0.0010684412
2.4774792e-05
0.0010701861
2.5024263e-05
0.0010719206
2.5452021e-05
0.0010736546
2.6192178e-05
0.0010754041
2.7412774e-05
0.0010771946
2.9339206e-05
0.0010790635
3.2273721e-05
0.0010810749
3.6655532e-05
0.001083314
4.3036476e-05
0.0010859693
5.2284508e-05
0.0010892429
6.5306924e-05
0.0010937289
8.3375653e-05
0.000108605
0.0011001089
0.0010578799
2.2062113e-05
0.0010595877
2.2278582e-05
0.0010613341
2.2526602e-05
0.001063092
2.2701053e-05
0.0010648523
2.2845656e-05
0.001066609
2.301813e-05
0.0010683585
2.3274722e-05
0.0010701052
2.3705373e-05
0.0010718609
2.4436461e-05
0.0010736451
2.5628598e-05
0.0010754878
2.7496439e-05
0.0010774334
3.0328122e-05
0.0010795538
3.4535116e-05
0.0010819487
4.0641657e-05
0.0010848102
4.942297e-05
0.0010883728
6.174429e-05
0.0010931646
7.8583875e-05
0.000101888
0.0010998816
0.0010563036
2.0411373e-05
0.0010580086
2.0573593e-05
0.001059749
2.0786143e-05
0.0010615019
2.0948136e-05
0.0010632589
2.108872e-05
0.0010650157
2.1261289e-05
0.001066771
2.1519469e-05
0.0010685304
2.194594e-05
0.0010703081
2.2658792e-05
0.0010721265
2.381013e-05
0.0010740203
2.5602647e-05
0.00107604
2.830846e-05
0.0010782649
3.2310197e-05
0.0010808068
3.8099774e-05
0.0010838616
4.6368139e-05
0.0010876851
5.7920805e-05
0.0010927552
7.3513754e-05
9.4890143e-05
0.0010997531
0.001054926
1.8750844e-05
0.0010566302
1.8869391e-05
0.0010583665
1.9049874e-05
0.0010601159
1.9198713e-05
0.0010618709
1.93337e-05
0.0010636291
1.950314e-05
0.0010653907
1.9757797e-05
0.0010671633
2.017341e-05
0.0010689627
2.085935e-05
0.0010708146
2.1958215e-05
0.0010727576
2.365964e-05
0.0010748481
2.6217991e-05
0.0010771721
2.9986181e-05
0.0010798516
3.5420255e-05
0.0010830859
4.3133914e-05
0.0010871438
5.3862843e-05
0.0010924645
6.8193107e-05
8.7655913e-05
0.0010996987
0.0010537232
1.7080649e-05
0.0010554281
1.7164549e-05
0.0010571615
1.7316417e-05
0.0010589086
1.7451641e-05
0.0010606628
1.7579496e-05
0.001062423
1.7742901e-05
0.0010641915
1.7989339e-05
0.0010659771
1.8387836e-05
0.0010677977
1.9038744e-05
0.0010696817
2.0074211e-05
0.0010716715
2.1669798e-05
0.0010738289
2.4060642e-05
0.0010762458
2.7569251e-05
0.0010790529
3.26132e-05
0.001082452
3.9734809e-05
0.0010867197
4.9595109e-05
0.0010922638
6.2649028e-05
8.0221563e-05
0.0010996981
0.0010526759
1.5401238e-05
0.0010543824
1.5458073e-05
0.0010561141
1.5584692e-05
0.0010578597
1.5706041e-05
0.0010596139
1.5825351e-05
0.0010613767
1.598005e-05
0.0010631521
1.6213988e-05
0.0010649502
1.6589654e-05
0.0010667911
1.7197927e-05
0.0010687054
1.8159885e-05
0.0010707392
1.9635995e-05
0.0010729588
2.1841003e-05
0.0010754618
2.5066252e-05
0.0010783858
2.9689219e-05
0.0010819349
3.6185764e-05
0.001086389
4.5140935e-05
0.0010921305
5.6907527e-05
7.2617541e-05
0.0010997345
0.0010517685
1.3713133e-05
0.0010534771
1.3749419e-05
0.001055208
1.385386e-05
0.0010569528
1.3961258e-05
0.0010587074
1.4070701e-05
0.0010604732
1.4214291e-05
0.0010622552
1.4431947e-05
0.0010640654
1.4779446e-05
0.0010659251
1.5338234e-05
0.0010678676
1.6217366e-05
0.001069942
1.75616e-05
0.001072219
1.9564068e-05
0.0010748006
2.2484573e-05
0.0010778305
2.6659394e-05
0.0010815143
3.2501966e-05
0.0010861328
4.0522369e-05
0.001092047
5.0993306e-05
6.4870078e-05
0.0010997945
0.0010509882
1.2017115e-05
0.0010526994
1.2038199e-05
0.0010544299
1.2123351e-05
0.0010561744
1.2216812e-05
0.0010579299
1.2315199e-05
0.0010596986
1.2445569e-05
0.0010614871
1.2643483e-05
0.0010633084
1.2958131e-05
0.0010651855
1.3461149e-05
0.0010671537
1.4249133e-05
0.001069265
1.545029e-05
0.0010715938
1.7235296e-05
0.0010742462
1.9832127e-05
0.0010773706
2.3535047e-05
0.0010811738
2.8698692e-05
0.0010859358
3.5760373e-05
0.0010919995
4.4929657e-05
5.7001937e-05
0.0010998676
0.0010503248
1.0313992e-05
0.0010520386
1.0324381e-05
0.0010537692
1.0392731e-05
0.0010555136
1.0472357e-05
0.0010572702
1.0558658e-05
0.0010590418
1.0673934e-05
0.0010608362
1.0849135e-05
0.0010626676
1.1126732e-05
0.0010645603
1.1568415e-05
0.0010665516
1.225787e-05
0.0010686958
1.3306069e-05
0.0010710705
1.486054e-05
0.0010737856
1.7117058e-05
0.0010769929
2.032773e-05
0.0010809004
2.4791254e-05
0.0010857858
3.0874952e-05
0.0010919769
3.8738551e-05
4.9033047e-05
0.0010999458
0.0010497698
8.6046681e-06
0.0010514862
8.6080419e-06
0.0010532172
8.6617391e-06
0.0010549618
8.7277168e-06
0.0010567195
8.8010113e-06
0.0010584938
8.8995586e-06
0.0010602935
9.0495071e-06
0.0010621338
9.2864384e-06
0.0010640402
9.6619939e-06
0.0010660516
1.0246491e-05
0.0010682244
1.1133197e-05
0.0010706391
1.2445875e-05
0.0010734082
1.4347922e-05
0.0010766868
1.7049117e-05
0.0010806833
2.0794846e-05
0.0010856729
2.5885269e-05
0.0010919708
3.2440679e-05
4.098117e-05
0.0011000227
0.0010493167
6.8900982e-06
0.0010510354
6.8893908e-06
0.0010527669
6.9302447e-06
0.0010545118
6.9827589e-06
0.0010562706
7.0422828e-06
0.0010580473
7.1227987e-06
0.0010598515
7.2453244e-06
0.0010616994
7.4385532e-06
0.0010636175
7.7439163e-06
0.0010656459
8.2180876e-06
0.0010678429
8.9361452e-06
0.0010702912
9.9976106e-06
0.0010731057
1.1533428e-05
0.0010764437
1.3711056e-05
0.001080514
1.6724551e-05
0.0010855895
2.0809766e-05
0.0010919745
2.6055669e-05
3.2862112e-05
0.0011000936
0.0010489602
5.1712644e-06
0.0010506808
5.1688244e-06
0.0010524128
5.1982041e-06
0.0010541582
5.2374517e-06
0.0010559178
5.2826244e-06
0.0010576966
5.3439871e-06
0.0010595046
5.4373735e-06
0.0010613586
5.5844827e-06
0.0010632862
5.8164049e-06
0.0010653283
6.1759006e-06
0.001067545
6.7195336e-06
0.0010700202
7.5223215e-06
0.0010728712
8.6824677e-06
0.0010762569
1.0325335e-05
0.0010803861
1.2595414e-05
0.0010855296
1.5666264e-05
0.001091983
1.9602267e-05
2.4690602e-05
0.0011001545
0.0010486964
3.4492387e-06
0.0010504186
3.4466927e-06
0.001052151
3.4657391e-06
0.0010538967
3.4918178e-06
0.0010556571
3.5222162e-06
0.0010574375
3.5635999e-06
0.0010592483
3.6265803e-06
0.001061107
3.7256953e-06
0.0010630417
3.8817537e-06
0.0010650943
4.1232621e-06
0.0010673257
4.4881792e-06
0.0010698214
5.0265971e-06
0.0010726998
5.804046e-06
0.0010761213
6.903887e-06
0.0010802945
8.4222348e-06
0.0010854885
1.0472179e-05
0.0010919924
1.3098442e-05
1.6479027e-05
0.0011002039
0.0010485225
1.7251116e-06
0.0010502456
1.7235873e-06
0.0010519784
1.7329289e-06
0.0010537242
1.7459937e-06
0.0010554851
1.7613003e-06
0.0010572666
1.7821347e-06
0.0010590793
1.8138641e-06
0.0010609412
1.8637864e-06
0.0010628807
1.9422572e-06
0.0010649404
2.0636381e-06
0.0010671816
2.2469171e-06
0.0010696911
2.5171639e-06
0.0010725878
2.9072799e-06
0.0010760332
3.4585448e-06
0.0010802357
4.2196768e-06
0.0010854635
5.2443893e-06
0.0010920003
6.561698e-06
8.2389345e-06
0.0011002403
0.001048436
0.0010501596
0.0010518925
0.0010536385
0.0010553998
0.0010571819
0.0010589958
0.0010608596
0.0010628018
0.0010648655
0.0010671124
0.0010696296
0.0010725368
0.0010759954
0.0010802151
0.0010854594
0.0010920211
0.0011002601
0.00013230583
-2.3979778e-05
0.00015408444
-2.1778614e-05
0.00017313434
-1.9049901e-05
0.00019031548
-1.7181151e-05
0.00020618386
-1.5868386e-05
0.00022093522
-1.4751358e-05
0.0002346391
-1.370388e-05
-1.3071376e-05
0.00024771047
0.00040368109
-4.190621e-05
0.00042234199
-4.0439518e-05
0.00044107468
-3.7782595e-05
0.00045913322
-3.5239697e-05
0.00047633544
-3.3070609e-05
0.00049267601
-3.1091925e-05
0.00050820468
-2.9232549e-05
-2.7587695e-05
0.000522721
0.00066479829
-5.4365797e-05
0.0006770036
-5.2644833e-05
0.00068939452
-5.0173513e-05
0.00070151606
-4.7361236e-05
0.00071310244
-4.4656996e-05
0.00072413015
-4.2119639e-05
0.00073463781
-3.9740201e-05
-3.745877e-05
0.00074450888
0.00087080358
-6.1029072e-05
0.00087693124
-5.8772487e-05
0.00088310146
-5.6343737e-05
0.000889235
-5.3494777e-05
0.00089513966
-5.0561658e-05
0.00090077265
-4.7752635e-05
0.00090615617
-4.5123718e-05
-4.2541482e-05
0.00091123888
0.0010043334
-6.2817264e-05
0.0010057418
-6.0180839e-05
0.0010071123
-5.7714268e-05
0.0010085772
-5.4959699e-05
0.0010100747
-5.2059187e-05
0.0010115656
-4.924353e-05
0.0010130495
-4.660754e-05
-4.4026391e-05
0.0010145344
0.0010724587
-6.144196e-05
0.001070989
-5.8711102e-05
0.0010695101
-5.6235439e-05
0.0010681995
-5.3649096e-05
0.0010670892
-5.0948819e-05
0.0010661527
-4.8307041e-05
0.0010653691
-4.5824001e-05
-4.3419642e-05
0.0010647624
0.0010974029
-5.8525849e-05
0.0010946367
-5.5944816e-05
0.0010919518
-5.3550631e-05
0.0010894681
-5.1165333e-05
0.0010872469
-4.8727621e-05
0.0010852742
-4.6334319e-05
0.0010835191
-4.4068912e-05
-4.1895095e-05
0.0010819945
0.001102008
-5.510754e-05
0.0010988645
-5.2801397e-05
0.0010958878
-5.0573929e-05
0.0010931201
-4.8397634e-05
0.0010906107
-4.621815e-05
0.0010883541
-4.4077714e-05
0.0010863213
-4.2036101e-05
-4.0084602e-05
0.0010845108
0.001100611
-5.1655667e-05
0.0010974512
-4.9641646e-05
0.0010945035
-4.7626219e-05
0.001091762
-4.5656169e-05
0.0010892515
-4.3707596e-05
0.00108697
-4.1796215e-05
0.001084895
-3.9961134e-05
-3.8205536e-05
0.0010830159
0.0010988779
-4.8311288e-05
0.0010957888
-4.6552502e-05
0.0010929174
-4.4754833e-05
0.0010902434
-4.2982205e-05
0.0010877726
-4.1236801e-05
0.0010855031
-3.9526691e-05
0.001083419
-3.7877023e-05
-3.6294187e-05
0.0010815076
0.0010978737
-4.5089252e-05
0.0010948606
-4.3539488e-05
0.0010920485
-4.1942677e-05
0.0010894203
-4.0353988e-05
0.0010869727
-3.8789248e-05
0.0010847028
-3.7256765e-05
0.0010825994
-3.5773673e-05
-3.434621e-05
0.0010806515
0.0010973599
-4.1972436e-05
0.0010944154
-4.0595074e-05
0.0010916484
-3.9175589e-05
0.0010890492
-3.7754791e-05
0.0010866124
-3.6352494e-05
0.0010843342
-3.4978593e-05
0.0010822066
-3.3645999e-05
-3.2360078e-05
0.0010802204
0.0010970773
-3.8940844e-05
0.0010941928
-3.7710601e-05
0.0010914638
-3.6446592e-05
0.0010888865
-3.5177445e-05
0.0010864561
-3.3922125e-05
0.0010841687
-3.269122e-05
0.0010820181
-3.1495347e-05
-3.0339136e-05
0.0010799971
0.0010969182
-3.5977469e-05
0.0010940845
-3.48769e-05
0.0010913885
-3.3750538e-05
0.0010888292
-3.2618227e-05
0.0010864036
-3.149645e-05
0.0010841079
-3.0395507e-05
0.001081937
-2.9324521e-05
-2.8287616e-05
0.0010798855
0.0010968443
-3.3068661e-05
0.0010940525
-3.2085071e-05
0.0010913842
-3.1082263e-05
0.00108884
-3.0074022e-05
0.0010864177
-2.9074165e-05
0.0010841143
-2.8092113e-05
0.0010819256
-2.7135835e-05
-2.6209087e-05
0.0010798471
0.0010968337
-3.020363e-05
0.0010940758
-2.9327245e-05
0.0010914304
-2.843682e-05
0.0010888983
-2.7541923e-05
0.0010864781
-2.6653998e-05
0.0010841674
-2.5781391e-05
0.0010819626
-2.4931045e-05
-2.4106401e-05
0.0010798599
0.0010968684
-2.7373894e-05
0.0010941381
-2.6596907e-05
0.0010915111
-2.5809838e-05
0.0010889885
-2.5019352e-05
0.0010865693
-2.423485e-05
0.0010842515
-2.346358e-05
0.0010820321
-2.2711598e-05
-2.1981988e-05
0.0010799077
0.0010969334
-2.4572735e-05
0.0010942252
-2.3888755e-05
0.0010916131
-2.3197691e-05
0.0010890979
-2.2504132e-05
0.0010866788
-2.181581e-05
0.0010843543
-2.113901e-05
0.0010821215
-2.0478791e-05
-1.9838053e-05
0.0010799775
0.0010970166
-2.1794829e-05
0.0010943264
-2.1198515e-05
0.001091726
-2.0597371e-05
0.0010892164
-1.9994486e-05
0.0010867969
-1.9396286e-05
0.0010844658
-1.8807979e-05
0.001082221
-1.8233961e-05
-1.7676726e-05
0.0010800597
0.0010971086
-1.9035785e-05
0.0010944327
-1.8522662e-05
0.0010918418
-1.800642e-05
0.0010893363
-1.7489032e-05
0.0010869158
-1.697576e-05
0.0010845788
-1.6471004e-05
0.0010823233
-1.5978409e-05
-1.5500074e-05
0.0010801466
0.0010972019
-1.6291882e-05
0.0010945376
-1.5858329e-05
0.0010919539
-1.5422818e-05
0.0010894515
-1.4986631e-05
0.0010870298
-1.4554024e-05
0.0010846874
-1.4128611e-05
0.0010824224
-1.3713376e-05
-1.331015e-05
0.0010802325
0.0010972909
-1.3560061e-05
0.0010946356
-1.3203032e-05
0.0010920576
-1.2844873e-05
0.0010895574
-1.2486373e-05
0.0010871343
-1.2130943e-05
0.0010847871
-1.1781422e-05
0.001082514
-1.1440238e-05
-1.1108909e-05
0.0010803127
0.0010973712
-1.0837658e-05
0.0010947229
-1.05547e-05
0.0010921492
-1.0271197e-05
0.0010896504
-9.9876066e-06
0.001087226
-9.706505e-06
0.0010848746
-9.4300846e-06
0.0010825946
-9.1602365e-06
-8.8982201e-06
0.0010803839
0.0010974392
-8.1223597e-06
0.001094796
-7.9115258e-06
0.0010922255
-7.7006774e-06
0.0010897278
-7.4899034e-06
0.0010873022
-7.280881e-06
0.0010849475
-7.0753821e-06
0.001082662
-6.8747598e-06
-6.6799563e-06
0.0010804437
0.0010974932
-5.4115692e-06
0.0010948533
-5.2716992e-06
0.0010922849
-5.1322462e-06
0.0010897877
-4.9927433e-06
0.0010873611
-4.8542676e-06
0.0010850038
-4.718071e-06
0.0010827142
-4.5851484e-06
-4.4559172e-06
0.0010804902
0.0010975316
-2.7028263e-06
0.0010948942
-2.6342669e-06
0.0010923273
-2.5653943e-06
0.0010898306
-2.4960461e-06
0.0010874034
-2.4270374e-06
0.0010850444
-2.3591294e-06
0.0010827521
-2.2927509e-06
-2.2278415e-06
0.001080524
0.0010975573
0.001094923
0.0010923576
0.0010898615
0.0010874345
0.0010850754
0.0010827826
0.0010805548
0.00027090042
-2.3189944e-05
0.00028806007
-1.715966e-05
0.00030091327
-1.2853207e-05
0.000311151
-1.0237748e-05
0.000320383
-9.2320136e-06
0.00033027734
-9.8943446e-06
0.000344241
-1.3963663e-05
-2.0261341e-05
0.00036450235
0.00055579741
-5.6266363e-05
0.00058294646
-4.4308707e-05
0.0006053779
-3.5284663e-05
0.00062445135
-2.93112e-05
0.00064184545
-2.6626125e-05
0.00065865616
-2.6705057e-05
0.0006788768
-3.4184309e-05
-4.1492254e-05
0.00070010772
0.00076738515
-7.9142629e-05
0.00078668261
-6.360617e-05
0.00080317853
-5.1780591e-05
0.00081775973
-4.3892409e-05
0.00083149072
-4.0357122e-05
0.00084529043
-4.0504768e-05
0.00086090788
-4.9801761e-05
-5.8763378e-05
0.00087817901
0.00092298681
-9.0890557e-05
0.00093297605
-7.3595418e-05
0.00094165593
-6.0460469e-05
0.00094953894
-5.1775429e-05
0.00095723706
-4.8055247e-05
0.00096539086
-4.8658575e-05
0.00097455457
-5.8965472e-05
-6.9363183e-05
0.00098515438
0.0010182198
-9.4575978e-05
0.0010215832
-7.6958807e-05
0.0010247736
-6.3650847e-05
0.001027954
-5.4955853e-05
0.0010313434
-5.1444688e-05
0.00103531
-5.2625191e-05
0.0010396053
-6.3260727e-05
-7.5110196e-05
0.0010453523
0.0010639555
-9.3769126e-05
0.0010637286
-7.6731899e-05
0.0010640148
-6.3937068e-05
0.0010647442
-5.5685195e-05
0.0010658611
-5.2561643e-05
0.001067529
-5.4293068e-05
0.0010690326
-6.4764348e-05
-7.7953366e-05
0.0010718758
0.0010793123
-9.1086937e-05
0.0010776268
-7.5046404e-05
0.0010767505
-6.3060698e-05
0.0010764964
-5.5431116e-05
0.0010766626
-5.2727858e-05
0.0010772696
-5.4900053e-05
0.0010774424
-6.493717e-05
-7.9014232e-05
0.0010785033
0.0010812437
-8.7819918e-05
0.0010790985
-7.2901151e-05
0.0010778291
-6.1791346e-05
0.0010772085
-5.4810462e-05
0.0010769759
-5.2495261e-05
0.0010770488
-5.4973002e-05
0.0010765799
-6.4468257e-05
-7.8828941e-05
0.0010763946
0.0010795489
-8.4352832e-05
0.0010772077
-7.0560039e-05
0.0010757235
-6.0307083e-05
0.0010748591
-5.3946079e-05
0.0010743369
-5.1973091e-05
0.0010739973
-5.4633339e-05
0.0010730876
-6.3558558e-05
-7.7672794e-05
0.0010719314
0.0010778732
-8.0718401e-05
0.001075335
-6.8021818e-05
0.001073617
-5.8589085e-05
0.0010724793
-5.2808405e-05
0.0010716412
-5.1135023e-05
0.0010708863
-5.3878426e-05
0.001069558
-6.2230295e-05
-7.573545e-05
0.0010676207
0.0010768298
-7.6896753e-05
0.001074066
-6.5258038e-05
0.0010720862
-5.66093e-05
0.001070648
-5.1370161e-05
0.0010694711
-4.9958149e-05
0.0010683002
-5.2707515e-05
0.0010665565
-6.0486621e-05
-7.3174041e-05
0.0010639951
0.001076213
-7.2889328e-05
0.0010732205
-6.2265538e-05
0.001070977
-5.4365789e-05
0.0010692381
-4.9631254e-05
0.0010677255
-4.8445544e-05
0.0010661596
-5.1141641e-05
0.0010640226
-5.8349626e-05
-7.0116599e-05
0.0010609652
0.0010758194
-6.8711649e-05
0.0010726103
-5.9056402e-05
0.0010701153
-5.1870798e-05
0.0010680898
-4.7605767e-05
0.0010662586
-4.6614293e-05
0.0010643292
-4.92123e-05
0.0010618331
-5.5853512e-05
-6.6661584e-05
0.0010583781
0.0010755552
-6.4381307e-05
0.0010721453
-5.5646569e-05
0.0010694149
-4.9140369e-05
0.001067121
-4.53119e-05
0.0010649926
-4.4485906e-05
0.001062733
-4.6952613e-05
0.0010599144
-5.3034997e-05
-6.2883078e-05
0.0010561359
0.0010753801
-5.9914299e-05
0.0010717857
-5.2052166e-05
0.0010688365
-4.6191238e-05
0.0010662935
-4.2768858e-05
0.0010638906
-4.2083045e-05
0.0010613325
-4.4394452e-05
0.0010582267
-4.9929239e-05
-5.8837454e-05
0.0010541811
0.0010752706
-5.5324993e-05
0.0010715075
-4.8289085e-05
0.0010683568
-4.3040462e-05
0.0010655842
-3.9996301e-05
0.0010629299
-3.9428791e-05
0.0010601035
-4.1568044e-05
0.0010567432
-4.656889e-05
-5.4568747e-05
0.0010524745
0.0010752092
-5.0626472e-05
0.001071293
-4.4372936e-05
0.0010679579
-3.9705377e-05
0.0010649758
-3.7014229e-05
0.0010620933
-3.6546274e-05
0.0010590273
-3.8502065e-05
0.0010554425
-4.2984087e-05
-5.0112182e-05
0.001050986
0.0010751818
-4.5830789e-05
0.0010711279
-4.0319034e-05
0.001067626
-3.6203424e-05
0.0010644545
-3.3842734e-05
0.0010613667
-3.3458555e-05
0.0010580883
-3.5223578e-05
0.0010543067
-3.9202546e-05
-4.5496683e-05
0.0010496912
0.001075178
-4.0949117e-05
0.0010710013
-3.61423e-05
0.0010673499
-3.2552051e-05
0.001064009
-3.0501847e-05
0.0010607387
-3.0188253e-05
0.0010572733
-3.1758217e-05
0.0010533206
-3.5249821e-05
-4.0746581e-05
0.0010485705
0.0010751895
-3.599199e-05
0.0010709045
-3.1857334e-05
0.001067121
-2.8768577e-05
0.0010636306
-2.7011409e-05
0.0010601998
-2.6757512e-05
0.0010565719
-2.8130312e-05
0.0010524716
-3.1149457e-05
-3.5882737e-05
0.0010476077
0.00107521
-3.0969508e-05
0.0010708311
-2.7478417e-05
0.0010669326
-2.4870135e-05
0.0010633122
-2.3391015e-05
0.0010597426
-2.3187929e-05
0.0010559752
-2.4362881e-05
0.0010517491
-2.6923351e-05
-3.0923503e-05
0.0010467899
0.0010752347
-2.5891478e-05
0.0010707759
-2.3019594e-05
0.0010667794
-2.0873713e-05
0.0010630483
-1.9659902e-05
0.0010593609
-1.950054e-05
0.0010554759
-2.0477878e-05
0.0010511446
-2.2592002e-05
-2.5885262e-05
0.0010461063
0.0010752599
-2.0767468e-05
0.001070735
-1.8494644e-05
0.0010666573
-1.6796037e-05
0.0010628344
-1.5837054e-05
0.0010590498
-1.571588e-05
0.0010550682
-1.6496331e-05
0.0010506509
-1.8174662e-05
-2.0783102e-05
0.0010455488
0.0010752831
-1.560691e-05
0.0010707056
-1.391714e-05
0.0010665632
-1.2653635e-05
0.0010626674
-1.1941199e-05
0.0010588054
-1.1853964e-05
0.0010547476
-1.2438504e-05
0.0010502626
-1.3689678e-05
-1.5630992e-05
0.0010451106
0.0010753025
-1.0419246e-05
0.001070686
-9.3006253e-06
0.0010664952
-8.4629152e-06
0.0010625449
-7.9908627e-06
0.0010586255
-7.9345678e-06
0.001054511
-8.3240287e-06
0.001049976
-9.1546496e-06
-1.0442246e-05
0.0010447873
0.0010753185
-5.2137334e-06
0.0010706765
-4.6587076e-06
0.0010664539
-4.240285e-06
0.0010624676
-4.0045221e-06
0.0010585102
-3.9772138e-06
0.0010543584
-4.172192e-06
0.0010497902
-4.586534e-06
-5.2293592e-06
0.0010445774
0.0010753411
0.0010706823
0.0010664421
0.0010624375
0.0010584603
0.0010542881
0.0010497016
0.0010444722
0.00027195387
9.2548506e-05
0.00022863402
4.3319859e-05
0.00021181787
1.6816155e-05
0.00020731925
4.4986285e-06
0.00020659394
7.2530387e-07
0.00020659382
1.199518e-10
0.00020660182
-7.9841128e-09
0.00020637897
2.2285492e-07
0.00020588266
4.9630478e-07
0.0002051993
6.8336236e-07
0.00020442301
7.7628079e-07
0.00020360883
8.1416306e-07
0.00020278559
8.2325508e-07
0.00020197092
8.1467434e-07
0.00020117598
7.9493271e-07
0.00020040693
7.69039e-07
0.00019966673
7.4021996e-07
0.0001989568
7.0994049e-07
0.00019827769
6.7911592e-07
0.00019763017
6.4753543e-07
0.00019701158
6.1859172e-07
0.00019642579
5.8580427e-07
0.0001958512
5.7459716e-07
0.00019533898
5.1223013e-07
0.00019470721
6.3178432e-07
0.00019443714
2.7006429e-07
0.00019302853
1.4085985e-06
-1.1700038e-06
0.0006521046
0.00014055164
0.0006151173
8.0307169e-05
0.00058542577
4.6507696e-05
0.00056505381
2.4870592e-05
0.00055215071
1.3628402e-05
0.00054362541
8.5254155e-06
0.00053755754
6.059896e-06
0.00053294896
4.8314362e-06
0.00052919552
4.2497506e-06
0.00052593611
3.9427666e-06
0.00052298327
3.7291103e-06
0.00052024432
3.5531046e-06
0.00051767039
3.3971977e-06
0.00051523448
3.2505858e-06
0.00051292146
3.1079517e-06
0.00051072197
2.9685206e-06
0.0005086292
2.8330017e-06
0.0005066374
2.7017545e-06
0.00050474163
2.5748966e-06
0.00050293677
2.452397e-06
0.00050121878
2.3365908e-06
0.00049957996
2.2246293e-06
0.00049801829
2.1362779e-06
0.00049651908
2.0114507e-06
0.00049506093
2.0899448e-06
0.00049371964
1.6113481e-06
0.00049192635
3.2018777e-06
-7.3226015e-07
0.00085815414
0.00016057652
0.00084094599
9.7515321e-05
0.00082345663
6.3997061e-05
0.00080807857
4.024865e-05
0.0007960422
2.5664772e-05
0.00078656957
1.7998048e-05
0.00077882121
1.3808262e-05
0.00077231277
1.133988e-05
0.00076670294
9.8595831e-06
0.00076173391
8.9117922e-06
0.00075723609
8.226928e-06
0.00075310357
7.6856142e-06
0.00074926634
7.2344301e-06
0.00074567571
6.841226e-06
0.00074229722
6.4864321e-06
0.00073910583
6.159916e-06
0.00073608243
5.8564022e-06
0.00073321193
5.5722602e-06
0.00073048205
5.3047786e-06
0.00072788228
5.0521799e-06
0.00072540387
4.8149963e-06
0.0007230373
4.5912103e-06
0.00072077618
4.3973963e-06
0.00071860746
4.1801841e-06
0.00071651647
4.1809366e-06
0.00071452684
3.6009811e-06
0.00071239017
5.3385346e-06
7.9355789e-07
0.00097610373
0.00016962719
0.00096755679
0.00010606227
0.00095853692
7.301693e-05
0.00094964934
4.9136235e-05
0.00094209823
3.3215878e-05
0.00093577065
2.4325635e-05
0.00093025561
1.9323302e-05
0.00092533195
1.6263545e-05
0.00092085349
1.4338041e-05
0.00091669651
1.3068774e-05
0.0009127781
1.2145333e-05
0.00090905148
1.1412225e-05
0.000905489
1.0796911e-05
0.00090207261
1.0257616e-05
0.00089879015
9.7688945e-06
0.00089563302
9.3170447e-06
0.00089259461
8.8948232e-06
0.00088966928
8.4975957e-06
0.00088685204
8.1220238e-06
0.00088413822
7.7660007e-06
0.00088152347
7.4297557e-06
0.00087900336
7.1113287e-06
0.00087657287
6.8278939e-06
0.00087422782
6.5252424e-06
0.00087195282
6.455941e-06
0.00086977004
5.7837591e-06
0.00086756803
7.5405381e-06
2.7962009e-06
0.0010431591
0.00017182042
0.0010389996
0.00011022173
0.0010343245
7.7692078e-05
0.0010291627
5.4297978e-05
0.0010245412
3.7837425e-05
0.0010206428
2.8223974e-05
0.0010172246
2.2741498e-05
0.0010141361
1.9352059e-05
0.0010112877
1.718648e-05
0.001008596
1.5760441e-05
0.0010060011
1.4740217e-05
0.0010034708
1.3942539e-05
0.0010009891
1.3278607e-05
0.00099854814
1.2698606e-05
0.00099614476
1.2172274e-05
0.00099377884
1.1682961e-05
0.00099145166
1.1222014e-05
0.00098916487
1.0784381e-05
0.00098692007
1.0366827e-05
0.00098471871
9.9673685e-06
0.00098256188
9.5865843e-06
0.00098045091
9.2223009e-06
0.00097838505
8.8937661e-06
0.00097636675
8.5435477e-06
0.00097438815
8.4345392e-06
0.00097246098
7.7109334e-06
0.00097059828
9.4032323e-06
4.7640193e-06
0.0010749819
0.00016871433
0.0010742916
0.00011091206
0.0010727105
7.9273144e-05
0.0010701585
5.6850023e-05
0.0010675376
4.0458335e-05
0.0010652805
3.0481021e-05
0.0010633114
2.4710616e-05
0.0010615437
2.1119723e-05
0.0010599305
1.8799666e-05
0.0010584174
1.727356e-05
0.001056957
1.6200668e-05
0.0010555208
1.5378739e-05
0.0010540934
1.4705929e-05
0.0010526664
1.4125668e-05
0.0010512353
1.360332e-05
0.0010497992
1.3119149e-05
0.0010483585
1.2662666e-05
0.0010469149
1.2227982e-05
0.0010454702
1.1811562e-05
0.0010440264
1.1411192e-05
0.0010425855
1.1027461e-05
0.0010411503
1.0657468e-05
0.001039722
1.0322099e-05
0.0010383045
9.9610835e-06
0.0010368997
9.8393386e-06
0.0010354971
9.1135594e-06
0.0010342343
1.0666017e-05
6.3651304e-06
0.00108499
0.00016222763
0.0010867878
0.00010911425
0.0010874376
7.8623336e-05
0.0010868866
5.740105e-05
0.0010858465
4.1498401e-05
0.0010848792
3.1448331e-05
0.0010840391
2.5550748e-05
0.001083292
2.1866762e-05
0.0010826264
1.9465271e-05
0.0010820162
1.7883752e-05
0.00108143
1.6786848e-05
0.001080847
1.5961789e-05
0.0010802554
1.5297501e-05
0.0010796483
1.4732826e-05
0.0010790215
1.423011e-05
0.0010783734
1.3767251e-05
0.0010777038
1.3332274e-05
0.0010770132
1.2918524e-05
0.0010763026
1.2522208e-05
0.001075573
1.2140816e-05
0.0010748257
1.1774726e-05
0.001074063
1.1420155e-05
0.0010732864
1.1098707e-05
0.0010724983
1.0749228e-05
0.0010717098
1.0627769e-05
0.0010708854
9.9379943e-06
0.0010702624
1.1288992e-05
7.4712593e-06
0.0010845507
0.00015407157
0.0010877802
0.00010588472
0.0010897372
7.6666414e-05
0.0010904949
5.6643285e-05
0.0010905604
4.1432915e-05
0.0010905167
3.1491991e-05
0.0010904983
2.5569161e-05
0.0010905013
2.1863805e-05
0.0010905327
1.9433819e-05
0.0010905858
1.7830701e-05
0.0010906414
1.6731219e-05
0.0010906852
1.5918058e-05
0.001090709
1.5273625e-05
0.0010907083
1.4733549e-05
0.0010906801
1.4258291e-05
0.0010906233
1.3824038e-05
0.0010905379
1.3417719e-05
0.0010904242
1.3032186e-05
0.0010902829
1.2663565e-05
0.0010901146
1.2309126e-05
0.0010899203
1.1969042e-05
0.0010897016
1.1638847e-05
0.0010894604
1.1339871e-05
0.001089197
1.1012631e-05
0.0010889303
1.0894511e-05
0.001088605
1.0263283e-05
0.0010885163
1.1377745e-05
8.0985825e-06
0.0010807041
0.00014529888
0.0010846661
0.00010192276
0.0010872615
7.4070948e-05
0.0010887467
5.5158083e-05
0.0010894683
4.0711348e-05
0.0010899759
3.0984396e-05
0.001090453
2.5092072e-05
0.0010909147
2.140212e-05
0.001091376
1.8972446e-05
0.0010918416
1.7365193e-05
0.0010923004
1.6272364e-05
0.0010927421
1.5476376e-05
0.0010931608
1.4854895e-05
0.0010935531
1.4341242e-05
0.0010939169
1.3894555e-05
0.0010942511
1.348979e-05
0.0010945559
1.3112981e-05
0.0010948314
1.275666e-05
0.0010950781
1.241687e-05
0.0010952965
1.2090751e-05
0.0010954872
1.1778284e-05
0.0010956515
1.1474526e-05
0.0010957917
1.1199725e-05
0.0010959061
1.0898175e-05
0.0010960187
1.0781934e-05
0.001096064
1.0218045e-05
0.0010963514
1.1090248e-05
8.3350608e-06
0.0010765286
0.00013639094
0.0010809076
9.7543826e-05
0.0010838158
7.1162725e-05
0.0010856932
5.3280698e-05
0.0010867866
3.9617928e-05
0.001087593
3.0178045e-05
0.0010883292
2.4355899e-05
0.0010890277
2.0703572e-05
0.0010897086
1.8291563e-05
0.0010903841
1.6689658e-05
0.0010910502
1.56063e-05
0.0010916995
1.4827088e-05
0.0010923278
1.4226608e-05
0.0010929325
1.3736454e-05
0.0010935121
1.3315e-05
0.0010940655
1.2936337e-05
0.0010945927
1.2585807e-05
0.0010950937
1.2255643e-05
0.0010955688
1.1941837e-05
0.0010960181
1.1641464e-05
0.0010964421
1.1354249e-05
0.0010968416
1.1075017e-05
0.0010972191
1.0822303e-05
0.0010975717
1.0545525e-05
0.0010979253
1.0428309e-05
0.001098213
9.9303618e-06
0.0010987253
1.0577968e-05
8.2882561e-06
0.0010728641
0.00012752199
0.0010775545
9.2853432e-05
0.0010806706
6.8046549e-05
0.0010827988
5.1152592e-05
0.0010841361
3.8280538e-05
0.0010851234
2.9190787e-05
0.0010860003
2.3478994e-05
0.0010868182
1.9885684e-05
0.0010876022
1.7507581e-05
0.0010883712
1.5920642e-05
0.0010891275
1.4849987e-05
0.0010898673
1.4087348e-05
0.001090588
1.3505894e-05
0.0010912883
1.3036163e-05
0.001091967
1.263623e-05
0.0010926236
1.2279747e-05
0.0010932579
1.1951539e-05
0.0010938699
1.1643635e-05
0.0010944597
1.1351984e-05
0.0010950276
1.1073627e-05
0.0010955738
1.0808061e-05
0.0010960987
1.0550098e-05
0.0010966048
1.0316159e-05
0.001097089
1.0061365e-05
0.0010975765
9.9408544e-06
0.0010980052
9.5016495e-06
0.0010986269
9.9562503e-06
8.0546513e-06
0.0010697366
0.0001187506
0.0010746984
8.7891637e-05
0.0010780038
6.4741098e-05
0.0010803337
4.8822747e-05
0.0010818698
3.6744358e-05
0.0010829994
2.8061206e-05
0.0010839757
2.2502748e-05
0.001084869
1.8992311e-05
0.0010857107
1.6665937e-05
0.0010865254
1.5105919e-05
0.0010873216
1.4053827e-05
0.001088099
1.330994e-05
0.0010888571
1.2747726e-05
0.001089596
1.2297323e-05
0.0010903152
1.1917012e-05
0.0010910146
1.1580354e-05
0.0010916942
1.1271914e-05
0.0010923543
1.0983568e-05
0.001092995
1.0711275e-05
0.0010936166
1.0452068e-05
0.0010942194
1.0205282e-05
0.0010948036
9.9658533e-06
0.0010953718
9.7479567e-06
0.0010959208
9.5123856e-06
0.0010964738
9.38782e-06
0.0010969771
8.9983412e-06
0.0010976367
9.2967218e-06
7.7059305e-06
0.0010670279
0.0001101008
0.0010722269
8.2692615e-05
0.0010757187
6.1249303e-05
0.0010782293
4.6312171e-05
0.0010799456
3.5028029e-05
0.0010812073
2.6799515e-05
0.0010822727
2.143738e-05
0.0010832302
1.803484e-05
0.0010841175
1.5778541e-05
0.0010849647
1.4258745e-05
0.0010857857
1.32329e-05
0.0010865838
1.251178e-05
0.0010873607
1.1970813e-05
0.0010881176
1.154042e-05
0.0010888551
1.1179551e-05
0.0010895734
1.0862037e-05
0.001090273
1.0572373e-05
0.0010909541
1.030241e-05
0.0010916173
1.0048067e-05
0.0010922629
9.8064896e-06
0.0010928913
9.5768877e-06
0.0010935028
9.3543859e-06
0.0010940997
9.1510186e-06
0.0010946793
8.9327418e-06
0.0010952622
8.8049721e-06
0.0010958036
8.4569281e-06
0.0010964657
8.6346231e-06
7.2884749e-06
0.0010646527
0.00010158403
0.0010700513
7.7294058e-05
0.001073722
5.7578592e-05
0.0010763969
4.3637304e-05
0.0010782783
3.3146593e-05
0.0010796662
2.5411561e-05
0.0010808174
2.0286219e-05
0.001081836
1.7016259e-05
0.0010827669
1.4847609e-05
0.0010836444
1.3381281e-05
0.0010844873
1.2389967e-05
0.0010853027
1.1696377e-05
0.0010860941
1.1179453e-05
0.0010868639
1.077064e-05
0.0010876135
1.0429951e-05
0.0010883437
1.0131833e-05
0.0010890551
9.8609053e-06
0.0010897485
9.6090635e-06
0.0010904243
9.372262e-06
0.001091083
9.1477416e-06
0.0010917253
8.934645e-06
0.0010923513
8.7283591e-06
0.0010929634
8.5389469e-06
0.0010935593
8.3368862e-06
0.0010941564
8.2077856e-06
0.0010947188
7.8946042e-06
0.0010953708
7.9825616e-06
6.8294684e-06
0.0010625619
9.320324e-05
0.001068123
7.1732953e-05
0.0010719603
5.3741304e-05
0.0010747835
4.0814091e-05
0.0010768142
3.1115883e-05
0.0010783209
2.3904902e-05
0.001079554
1.905307e-05
0.001080631
1.5939297e-05
0.001081604
1.3874603e-05
0.001082511
1.247423e-05
0.0010833754
1.152558e-05
0.0010842075
1.0864343e-05
0.0010850125
1.0374438e-05
0.0010857941
9.9889961e-06
0.0010865545
9.6695318e-06
0.001087295
9.3913912e-06
0.0010880163
9.1395534e-06
0.0010887195
8.905923e-06
0.0010894051
8.6866421e-06
0.0010900737
8.4790817e-06
0.0010907261
8.2822654e-06
0.0010913625
8.0920063e-06
0.001091985
7.9164208e-06
0.0010925918
7.7300366e-06
0.0010931977
7.6018945e-06
0.0010937736
7.3186961e-06
0.0010944138
7.3423752e-06
6.3441228e-06
0.0010607227
8.4955062e-05
0.0010664136
6.6042056e-05
0.0010704027
4.9752194e-05
0.0010733592
3.7857536e-05
0.0010755233
2.8951782e-05
0.0010771397
2.2288521e-05
0.0010784498
1.7742968e-05
0.0010795815
1.4807626e-05
0.0010805943
1.2861847e-05
0.0010815296
1.1538841e-05
0.0010824146
1.0640658e-05
0.0010832625
1.0016405e-05
0.0010840806
9.5563561e-06
0.0010848735
9.1961121e-06
0.001085644
8.8989612e-06
0.001086394
8.6414135e-06
0.0010871245
8.4090216e-06
0.0010878366
8.1938922e-06
0.001088531
7.9922534e-06
0.0010892084
7.8016122e-06
0.0010898696
7.6211294e-06
0.0010905148
7.446778e-06
0.0010911461
7.2851581e-06
0.0010917621
7.1140547e-06
0.0010923747
6.9892865e-06
0.0010929608
6.7326041e-06
0.001093591
6.7121204e-06
5.8409707e-06
0.0010591091
7.6831924e-05
0.0010649023
6.0248919e-05
0.0010690276
4.5626873e-05
0.0010721038
3.4781359e-05
0.0010743863
2.6669264e-05
0.0010761027
2.0572104e-05
0.0010774841
1.6361555e-05
0.0010786664
1.3625367e-05
0.001079716
1.1812181e-05
0.0010806779
1.0576989e-05
0.0010815821
9.7364962e-06
0.0010824448
9.153691e-06
0.0010832749
8.7261878e-06
0.0010840782
8.3928083e-06
0.0010848582
8.1189906e-06
0.0010856169
7.8827011e-06
0.0010863559
7.6700928e-06
0.001087076
7.4737016e-06
0.0010877785
7.2898196e-06
0.0010884639
7.1162245e-06
0.001089133
6.9520112e-06
0.0010897862
6.7935516e-06
0.0010904253
6.6460295e-06
0.0010910493
6.4901113e-06
0.0010916677
6.3708152e-06
0.0010922621
6.1382323e-06
0.0010928848
6.089456e-06
5.3250776e-06
0.0010576994
6.8823765e-05
0.0010635721
5.4376211e-05
0.0010678181
4.1380887e-05
0.0010710011
3.159836e-05
0.0010733881
2.4282216e-05
0.0010751948
1.8765463e-05
0.0010766416
1.491476e-05
0.0010778701
1.2396824e-05
0.0010789536
1.0728698e-05
0.0010799398
9.5907503e-06
0.0010808617
8.8146682e-06
0.001081738
8.2774052e-06
0.0010825792
7.8849684e-06
0.0010833919
7.580082e-06
0.0010841803
7.3305638e-06
0.0010849469
7.1160945e-06
0.0010856934
6.9236539e-06
0.0010864209
6.7461574e-06
0.0010871305
6.5801958e-06
0.0010878231
6.4237115e-06
0.0010884993
6.2758151e-06
0.0010891597
6.1331203e-06
0.0010898058
5.9999396e-06
0.0010904368
5.8590464e-06
0.0010910604
5.7472417e-06
0.0010916617
5.5369635e-06
0.0010922786
5.4725404e-06
4.799568e-06
0.0010564749
6.0919353e-05
0.001062409
4.8442175e-05
0.0010667604
3.7029423e-05
0.0010700383
2.8320518e-05
0.0010725169
2.1803618e-05
0.001074404
1.6878321e-05
0.0010759101
1.3408654e-05
0.0010771805
1.1126421e-05
0.0010782946
9.6146116e-06
0.0010793031
8.5822923e-06
0.001080241
7.8767288e-06
0.0010811295
7.3889024e-06
0.0010819807
7.033834e-06
0.0010828018
6.7589101e-06
0.0010835978
6.5346155e-06
0.0010843714
6.3424616e-06
0.0010851246
6.1704897e-06
0.0010858586
6.0121284e-06
0.0010865745
5.8642446e-06
0.0010872734
5.7248678e-06
0.0010879559
5.5932879e-06
0.0010886226
5.4664124e-06
0.0010892749
5.3476484e-06
0.0010899122
5.2217232e-06
0.0010905403
5.1192074e-06
0.0010911472
4.9300621e-06
0.0010917597
4.8599552e-06
4.2666171e-06
0.0010554203
5.3106793e-05
0.001061401
4.2461449e-05
0.0010658434
3.2587053e-05
0.0010692046
2.4959298e-05
0.0010717628
1.9245459e-05
0.0010737208
1.4920306e-05
0.0010752799
1.1849586e-05
0.0010765877
9.8185447e-06
0.0010777292
8.473139e-06
0.0010787576
7.5539014e-06
0.00107971
6.9243768e-06
0.0010806094
6.4894273e-06
0.0010814694
6.1739001e-06
0.0010822981
5.9302249e-06
0.0010831007
5.7319976e-06
0.0010838805
5.5626869e-06
0.0010846395
5.4114885e-06
0.0010853792
5.2724095e-06
0.0010861007
5.1426923e-06
0.001086805
5.0205383e-06
0.0010874931
4.905293e-06
0.0010881653
4.7941701e-06
0.0010888229
4.6900191e-06
0.0010894657
4.5789782e-06
0.0010900975
4.4873386e-06
0.0010907092
4.318408e-06
0.0010913182
4.2509419e-06
3.7277781e-06
0.0010545226
4.5374046e-05
0.0010605385
3.6445547e-05
0.001065058
2.8067556e-05
0.0010684915
2.1525822e-05
0.001071118
1.6618984e-05
0.0010731374
1.2900887e-05
0.0010747431
1.0243885e-05
0.0010760839
8.4777101e-06
0.0010772494
7.3076464e-06
0.0010782954
6.50789e-06
0.0010792606
5.9592312e-06
0.0010801696
5.5803607e-06
0.0010810373
5.3062052e-06
0.0010818726
5.0950055e-06
0.0010826809
4.9236321e-06
0.0010834661
4.777544e-06
0.0010842302
4.6473715e-06
0.0010849748
4.5278019e-06
0.0010857012
4.416321e-06
0.0010864103
4.3114252e-06
0.001087103
4.212565e-06
0.00108778
4.1171696e-06
0.0010884423
4.027738e-06
0.0010890896
3.9316354e-06
0.0010897247
3.8522745e-06
0.0010903404
3.7027107e-06
0.0010909462
3.6450748e-06
3.1841404e-06
0.0010537713
3.7709129e-05
0.0010598132
3.0403564e-05
0.0010643969
2.3483843e-05
0.0010678919
1.8030869e-05
0.001070576
1.3934921e-05
0.0010726476
1.0829241e-05
0.0010742934
8.5981013e-06
0.0010756627
7.1084321e-06
0.0010768489
6.1214144e-06
0.0010779101
5.4466754e-06
0.0010788863
4.9830615e-06
0.0010798037
4.6629597e-06
0.001080678
4.4318798e-06
0.0010815189
4.2541672e-06
0.0010823322
4.1102642e-06
0.0010831219
3.9878568e-06
0.0010838904
3.8789314e-06
0.0010846392
3.7790115e-06
0.0010853696
3.6858655e-06
0.0010860827
3.5983008e-06
0.0010867795
3.5158282e-06
0.0010874605
3.4360934e-06
0.0010881267
3.3615961e-06
0.0010887779
3.2803921e-06
0.0010894156
3.2146242e-06
0.0010900347
3.0835716e-06
0.0010906374
3.0423668e-06
2.6364133e-06
0.0010531575
3.0100337e-05
0.0010592186
2.4342542e-05
0.0010638544
1.8847978e-05
0.0010674003
1.4484996e-05
0.0010701318
1.1203416e-05
0.0010722466
8.7144448e-06
0.0010739259
6.9187547e-06
0.0010753191
5.7153121e-06
0.0010765226
4.917857e-06
0.0010775967
4.3726351e-06
0.0010785822
3.9975732e-06
0.0010795065
3.7386011e-06
0.0010803865
3.5519556e-06
0.001081232
3.4086557e-06
0.0010820495
3.2927676e-06
0.001082843
3.1943539e-06
0.001083615
3.1069468e-06
0.0010843672
3.0267355e-06
0.001085101
2.9520645e-06
0.0010858175
2.8818244e-06
0.0010865175
2.8157777e-06
0.0010872019
2.7517563e-06
0.0010878712
2.6922863e-06
0.0010885256
2.6259469e-06
0.0010891652
2.5750509e-06
0.0010897874
2.4613596e-06
0.0010903865
2.4432395e-06
2.0849892e-06
0.0010526749
2.2536007e-05
0.0010587494
1.8268026e-05
0.001063426
1.4171312e-05
0.0010670125
1.0898515e-05
0.0010697817
8.4342901e-06
0.0010719308
6.5652778e-06
0.0010736371
5.2124563e-06
0.0010750494
4.303071e-06
0.0010762669
3.7003015e-06
0.0010773512
3.2883419e-06
0.0010783442
3.0045901e-06
0.0010792742
2.80863e-06
0.0010801586
2.6675725e-06
0.0010810078
2.5593908e-06
0.0010818286
2.4720063e-06
0.0010826251
2.3978649e-06
0.0010833999
2.3320936e-06
0.0010841549
2.2717867e-06
0.0010848913
2.2156099e-06
0.0010856103
2.1628176e-06
0.0010863129
2.113172e-06
0.0010869998
2.0649395e-06
0.0010876714
2.0205653e-06
0.0010883282
1.9691807e-06
0.001088969
1.9342325e-06
0.0010895939
1.8364816e-06
0.0010901886
1.8486149e-06
1.5298037e-06
0.0010523185
1.5004763e-05
0.0010584021
1.2184422e-05
0.0010631089
9.4645332e-06
0.0010667259
7.2815639e-06
0.001069523
5.6371486e-06
0.0010716978
4.3904826e-06
0.0010734242
3.485989e-06
0.0010748509
2.8764031e-06
0.0010760789
2.4723438e-06
0.0010771709
2.196325e-06
0.0010781695
2.0060202e-06
0.0010791036
1.8745389e-06
0.0010799912
1.7799084e-06
0.0010808432
1.7074328e-06
0.0010816663
1.6488858e-06
0.0010824649
1.5992866e-06
0.0010832417
1.5552842e-06
0.0010839985
1.5149606e-06
0.0010847367
1.4774165e-06
0.0010854574
1.4420736e-06
0.0010861616
1.4089537e-06
0.0010868501
1.3765004e-06
0.0010875232
1.3474373e-06
0.0010881815
1.3109146e-06
0.0010888227
1.2930452e-06
0.0010894498
1.2093197e-06
0.0010900385
1.2600243e-06
9.7092321e-07
0.0010520866
7.4955261e-06
0.0010581752
6.0957849e-06
0.0010629014
4.7384201e-06
0.0010665381
3.6447884e-06
0.0010693535
2.8217936e-06
0.0010715449
2.1990998e-06
0.0010732845
1.7463514e-06
0.0010747205
1.4403834e-06
0.0010759553
1.2375984e-06
0.0010770522
1.0993589e-06
0.0010780543
1.0039067e-06
0.0010789911
9.3782615e-07
0.0010798807
8.9027995e-07
0.0010807343
8.5386745e-07
0.0010815587
8.244902e-07
0.0010823584
7.9958381e-07
0.0010831361
7.7754184e-07
0.0010838938
7.5729063e-07
0.0010846327
7.3847132e-07
0.0010853541
7.2065432e-07
0.0010860589
7.0413901e-07
0.0010867479
6.8748428e-07
0.0010874214
6.7396757e-07
0.00108808
6.5236364e-07
0.0010887203
6.5267595e-07
0.0010893494
5.8023145e-07
0.0010899292
6.8025996e-07
4.064472e-07
0.0010519678
0.0010580635
0.001062802
0.0010664468
0.0010692685
0.0010714676
0.001073214
0.0010746544
0.001075892
0.0010769913
0.0010779952
0.0010789331
0.0010798234
0.0010806772
0.0010815017
0.0010823013
0.0010830788
0.0010838361
0.0010845746
0.0010852953
0.0010859994
0.0010866869
0.0010873608
0.0010880132
0.0010886659
0.0010892461
0.0010899264
)
;

boundaryField
{
    inlet
    {
        type            calculated;
        value           nonuniform List<scalar> 
27
(
-0.0010074074
-0.0010074074
-0.0010074074
-0.0010074074
-0.0010074074
-0.0010074074
-0.0010074074
-0.0010074074
-0.0010074074
-0.0010074074
-0.0010074074
-0.0010074074
-0.0010074074
-0.0010074074
-0.0010074074
-0.0010074074
-0.0010074074
-0.0010074074
-0.0010074074
-0.0010074074
-0.0010074074
-0.0010074074
-0.0010074074
-0.0010074074
-0.0010074074
-0.0010074074
-0.0010074074
)
;
    }
    outlet
    {
        type            calculated;
        value           nonuniform List<scalar> 
27
(
0.00019419851
0.00049148859
0.00071086434
0.00086556537
0.00096863045
0.0010326331
0.0010691563
0.0010878889
0.001096115
0.0010987721
0.0010988605
0.0010979854
0.0010968831
0.0010958298
0.0010948991
0.0010940942
0.0010934006
0.0010928041
0.0010922927
0.001091857
0.0010914898
0.0010911851
0.0010909379
0.0010907437
0.0010905973
0.0010904937
0.0010903328
)
;
    }
    hydrofoilFlap
    {
        type            calculated;
        value           uniform 0;
    }
    farfield
    {
        type            calculated;
        value           uniform 0;
    }
    frontAndBack
    {
        type            empty;
    }
}


// ************************************************************************* //
