/*--------------------------------*- C++ -*----------------------------------*\
| =========                 |                                                 |
| \\      /  F ield         | OpenFOAM: The Open Source CFD Toolbox           |
|  \\    /   O peration     | Version:  2512                                  |
|   \\  /    A nd           | Website:  www.openfoam.com                      |
|    \\/     M anipulation  |                                                 |
\*---------------------------------------------------------------------------*/
FoamFile
{
    version     2.0;
    format      ascii;
    arch        "LSB;label=32;scalar=64";
    class       volVectorField;
    location    "74";
    object      U;
}
// * * * * * * * * * * * * * * * * * * * * * * * * * * * * * * * * * * * * * //

dimensions      [0 1 -1 0 0 0 0];

internalField   nonuniform List<vector> 
2052
(
(3.0861732 0.065570553 0)
(2.530326 0.092319483 0)
(2.0084103 0.069833184 0)
(1.5737349 0.04013919 0)
(1.270651 0.0161658 0)
(1.0822375 0.0016145246 0)
(0.96951031 -0.0045298475 0)
(0.90259773 -0.0056174351 0)
(0.86194638 -0.0045739152 0)
(0.83431457 -0.0030381728 0)
(0.81194219 -0.0017084084 0)
(0.79070652 -0.00073820513 0)
(0.77097105 -0.00017189534 0)
(0.74589416 0.00045200149 0)
(3.5192311 0.10943624 0)
(3.6396918 0.16954453 0)
(3.58124 0.16298331 0)
(3.4071995 0.13871055 0)
(3.1974801 0.10688003 0)
(2.9974031 0.07532308 0)
(2.8230266 0.05014497 0)
(2.6768793 0.032916444 0)
(2.5557509 0.022374087 0)
(2.4541951 0.016489769 0)
(2.3670408 0.013453607 0)
(2.2899009 0.011922113 0)
(2.2213702 0.011262045 0)
(2.1539342 0.010773395 0)
(3.4241831 0.075868798 0)
(3.5460119 0.12628937 0)
(3.6586249 0.13605236 0)
(3.7191454 0.13375751 0)
(3.7272998 0.11894396 0)
(3.6954667 0.097176067 0)
(3.6386853 0.076360339 0)
(3.5702882 0.060243642 0)
(3.4989425 0.049055774 0)
(3.4286633 0.041683421 0)
(3.3607646 0.036877416 0)
(3.2951673 0.033561328 0)
(3.2324244 0.031421637 0)
(3.1690691 0.029217255 0)
(3.4105097 0.05514779 0)
(3.4712764 0.10217892 0)
(3.5458445 0.11372629 0)
(3.6138302 0.11449599 0)
(3.6698337 0.10588431 0)
(3.7083386 0.091289897 0)
(3.7275479 0.076560875 0)
(3.7312048 0.064748135 0)
(3.724547 0.056248202 0)
(3.711364 0.050442971 0)
(3.6938366 0.046568272 0)
(3.6729463 0.043852477 0)
(3.6497708 0.042199885 0)
(3.6231608 0.040250327 0)
(3.4084466 0.044914903 0)
(3.4536019 0.092484222 0)
(3.5056585 0.10471687 0)
(3.5493627 0.1041167 0)
(3.5872771 0.095942281 0)
(3.6199444 0.083191278 0)
(3.645365 0.070509814 0)
(3.6639271 0.060492766 0)
(3.6776264 0.053460004 0)
(3.6880376 0.048843497 0)
(3.695971 0.045971371 0)
(3.7016334 0.044155585 0)
(3.7053607 0.043287632 0)
(3.7066522 0.042257043 0)
(3.4063658 0.03726144 0)
(3.4437369 0.082039517 0)
(3.4893231 0.095158731 0)
(3.5262772 0.095281042 0)
(3.5550687 0.08864957 0)
(3.5782581 0.077601875 0)
(3.5960947 0.066105261 0)
(3.6097271 0.056800567 0)
(3.6211401 0.05019707 0)
(3.6317062 0.045847951 0)
(3.6419844 0.043170954 0)
(3.6520062 0.04156694 0)
(3.6617926 0.040881324 0)
(3.671093 0.040347105 0)
(3.4048263 0.031128737 0)
(3.435542 0.072201767 0)
(3.4762179 0.086283349 0)
(3.510971 0.08760182 0)
(3.5378679 0.082573402 0)
(3.5588083 0.073235951 0)
(3.5742724 0.062960197 0)
(3.5854265 0.054333315 0)
(3.5942658 0.048030475 0)
(3.6023075 0.043750222 0)
(3.6102809 0.041023237 0)
(3.6183974 0.039356146 0)
(3.6267658 0.038574834 0)
(3.6353254 0.038156478 0)
(3.4037473 0.026278295 0)
(3.4291577 0.063697234 0)
(3.4651326 0.078388986 0)
(3.497539 0.08060456 0)
(3.52322 0.076748627 0)
(3.5435373 0.068876327 0)
(3.5588834 0.059806073 0)
(3.5700616 0.051937341 0)
(3.5787274 0.046040542 0)
(3.5862914 0.041934372 0)
(3.5935038 0.039242931 0)
(3.6006543 0.037561125 0)
(3.6079144 0.036711947 0)
(3.6153213 0.036314651 0)
(3.4029705 0.022410073 0)
(3.4242084 0.056267276 0)
(3.4560146 0.071101582 0)
(3.4860385 0.074013372 0)
(3.5103889 0.071117828 0)
(3.5299992 0.06452856 0)
(3.545272 0.056583434 0)
(3.5567623 0.049457936 0)
(3.5657993 0.043989341 0)
(3.5736301 0.040102467 0)
(3.5809596 0.037498872 0)
(3.588086 0.035846025 0)
(3.5951851 0.034972919 0)
(3.6023417 0.034587573 0)
(3.402401 0.01927205 0)
(3.4203272 0.049745031 0)
(3.4485088 0.064384544 0)
(3.4763008 0.067877788 0)
(3.4993859 0.065801481 0)
(3.5182614 0.060309633 0)
(3.5333331 0.053367428 0)
(3.5450027 0.046927697 0)
(3.5543403 0.041868192 0)
(3.5624487 0.038205254 0)
(3.5699912 0.035705976 0)
(3.5772696 0.034098117 0)
(3.5844583 0.033220991 0)
(3.5916743 0.032844254 0)
(3.4019771 0.016685657 0)
(3.4172575 0.044018193 0)
(3.4423013 0.058215813 0)
(3.4680263 0.062160046 0)
(3.4899396 0.060764006 0)
(3.5081296 0.05619766 0)
(3.5229685 0.050148389 0)
(3.5347476 0.044349414 0)
(3.5443196 0.039687247 0)
(3.5526538 0.036253338 0)
(3.5603753 0.033871047 0)
(3.5677897 0.032318526 0)
(3.5750745 0.031448309 0)
(3.5823692 0.03107488 0)
(3.4016566 0.014522799 0)
(3.4148096 0.038976706 0)
(3.4371466 0.052545426 0)
(3.4609684 0.056803673 0)
(3.4817918 0.055969715 0)
(3.4993484 0.052188578 0)
(3.5139485 0.046937012 0)
(3.5258 0.041737861 0)
(3.5355722 0.037460807 0)
(3.544108 0.034257981 0)
(3.5519923 0.032001886 0)
(3.559531 0.030512763 0)
(3.5669052 0.02965799 0)
(3.5742677 0.029285137 0)
(3.4014104 0.012688878 0)
(3.4128417 0.034519662 0)
(3.4328504 0.047326843 0)
(3.4549332 0.05177183 0)
(3.4747422 0.051400328 0)
(3.491712 0.048285636 0)
(3.5060717 0.043742045 0)
(3.5179648 0.039099705 0)
(3.5279085 0.035192984 0)
(3.5366282 0.032220926 0)
(3.5446664 0.030098296 0)
(3.552326 0.028680255 0)
(3.5597901 0.02784924 0)
(3.5672184 0.02747778 0)
(3.4012184 0.011113271 0)
(3.4112479 0.030559196 0)
(3.4292584 0.042517208 0)
(3.4497643 0.047033811 0)
(3.4686314 0.047036098 0)
(3.4850574 0.044485155 0)
(3.4991793 0.040566725 0)
(3.5110881 0.036439242 0)
(3.5211763 0.032888064 0)
(3.5300618 0.030145475 0)
(3.5382442 0.028162016 0)
(3.54602 0.026821852 0)
(3.5535736 0.026022025 0)
(3.5610674 0.025654474 0)
(3.4010666 0.0097427145 0)
(3.4099483 0.0270196 0)
(3.4262475 0.038075059 0)
(3.4453338 0.042561207 0)
(3.4633299 0.042857369 0)
(3.4792533 0.04078219 0)
(3.4931437 0.03741459 0)
(3.5050477 0.033761931 0)
(3.5152558 0.030551284 0)
(3.5242891 0.028035589 0)
(3.5326046 0.026195269 0)
(3.5404903 0.024938607 0)
(3.5481309 0.024176355 0)
(3.5556885 0.023816117 0)
(3.4009452 0.0085365107 0)
(3.408883 0.023835973 0)
(3.4237194 0.033960766 0)
(3.4415368 0.038328171 0)
(3.4587325 0.038846238 0)
(3.4741926 0.037171376 0)
(3.4878612 0.034288337 0)
(3.4997446 0.031072399 0)
(3.5100507 0.02818697 0)
(3.5192148 0.025894676 0)
(3.5276517 0.0242002 0)
(3.5356399 0.023031812 0)
(3.5433632 0.022312765 0)
(3.5509819 0.021963721 0)
(3.4008472 0.0074631008 0)
(3.4080059 0.020952844 0)
(3.421595 0.030136894 0)
(3.4382866 0.034310772 0)
(3.4547519 0.034986065 0)
(3.4697875 0.033646531 0)
(3.4832464 0.031189333 0)
(3.495098 0.02837438 0)
(3.505483 0.025799085 0)
(3.5147616 0.023726204 0)
(3.5233083 0.022179261 0)
(3.5313909 0.021103071 0)
(3.5391914 0.020432153 0)
(3.5468677 0.0200983 0)
(3.4007675 0.0064976664 0)
(3.407282 0.018322899 0)
(3.4198111 0.026568399 0)
(3.4355115 0.030486474 0)
(3.4513164 0.031261181 0)
(3.4659653 0.030200886 0)
(3.4792288 0.028118 0)
(3.4910412 0.02567102 0)
(3.5014889 0.023391198 0)
(3.5108667 0.021533423 0)
(3.5195118 0.020134918 0)
(3.5276801 0.019154134 0)
(3.5355518 0.018535621 0)
(3.5432817 0.018220931 0)
(3.4007024 0.0056203763 0)
(3.4066843 0.015905613 0)
(3.4183166 0.023222603 0)
(3.4331522 0.026833884 0)
(3.448366 0.027656773 0)
(3.4626663 0.026827317 0)
(3.4757502 0.025073912 0)
(3.4875193 0.022964879 0)
(3.4980158 0.020966522 0)
(3.507479 0.019319373 0)
(3.516211 0.018069656 0)
(3.5244565 0.017186865 0)
(3.5323928 0.016624453 0)
(3.5401716 0.016332659 0)
(3.4006492 0.0048151316 0)
(3.4061921 0.013666121 0)
(3.4170705 0.020069152 0)
(3.4311596 0.023332474 0)
(3.4458512 0.024158698 0)
(3.4598408 0.023518457 0)
(3.4727622 0.022055863 0)
(3.4844867 0.020257863 0)
(3.4950207 0.018527903 0)
(3.5045564 0.017086948 0)
(3.5133645 0.015985954 0)
(3.5216781 0.015203239 0)
(3.5296722 0.01470014 0)
(3.537495 0.01443463 0)
(3.400606 0.0040686731 0)
(3.405789 0.011574314 0)
(3.4160399 0.017079973 0)
(3.4294933 0.019962588 0)
(3.4437307 0.020753458 0)
(3.4574476 0.020266845 0)
(3.4702248 0.019062053 0)
(3.4819058 0.017551309 0)
(3.492468 0.016077714 0)
(3.5020645 0.014838669 0)
(3.5109381 0.013886055 0)
(3.5193111 0.01320507 0)
(3.5273559 0.012764034 0)
(3.5352176 0.012527862 0)
(3.4005711 0.003369848 0)
(3.4054626 0.0096038124 0)
(3.4151987 0.014228924 0)
(3.4281201 0.016705154 0)
(3.4419705 0.01742788 0)
(3.4554531 0.017064971 0)
(3.4681052 0.016090316 0)
(3.4797457 0.014846401 0)
(3.4903287 0.01361845 0)
(3.4999753 0.012577339 0)
(3.5089041 0.011772568 0)
(3.5173278 0.011194522 0)
(3.5254161 0.010817721 0)
(3.5333114 0.010613462 0)
(3.4005434 0.0027091074 0)
(3.4052033 0.0077313252 0)
(3.414526 0.011491852 0)
(3.4270135 0.013541822 0)
(3.440543 0.014168906 0)
(3.45383 0.013904612 0)
(3.4663767 0.013137163 0)
(3.4779813 0.012142854 0)
(3.4885792 0.011151363 0)
(3.4982661 0.010304789 0)
(3.5072403 0.0096474297 0)
(3.515706 0.0091734304 0)
(3.5238306 0.0088627972 0)
(3.5317541 0.0086926947 0)
(3.4005221 0.0020780978 0)
(3.4050037 0.0059355366 0)
(3.4140058 0.0088461824 0)
(3.4261521 0.01045598 0)
(3.439426 0.010965942 0)
(3.4525562 0.010780213 0)
(3.4650182 0.010201393 0)
(3.4765927 0.0094422167 0)
(3.4872011 0.0086789797 0)
(3.4969191 0.0080235555 0)
(3.5059293 0.007512794 0)
(3.5144285 0.0071434292 0)
(3.5225821 0.0069003913 0)
(3.5305282 0.006766253 0)
(3.4005065 0.0014701889 0)
(3.4048584 0.0041957307 0)
(3.4136262 0.0062658134 0)
(3.4255201 0.0074244754 0)
(3.4386029 0.0078012945 0)
(3.4516153 0.0076798996 0)
(3.4640133 0.007276955 0)
(3.4755645 0.0067431767 0)
(3.4861799 0.0062028603 0)
(3.4959209 0.0057365809 0)
(3.504958 0.0053720877 0)
(3.5134823 0.005107826 0)
(3.5216577 0.0049333329 0)
(3.5296208 0.0048363865 0)
(3.4004957 0.00088456147 0)
(3.4047623 0.0025091295 0)
(3.4133782 0.0037462997 0)
(3.4251066 0.0044432631 0)
(3.438063 0.0046714916 0)
(3.4509972 0.0046001627 0)
(3.4633528 0.0043606041 0)
(3.4748882 0.0040428984 0)
(3.4855077 0.0037205482 0)
(3.4952634 0.0034417451 0)
(3.5043179 0.0032235876 0)
(3.5128586 0.0030653437 0)
(3.5210482 0.0029607718 0)
(3.5290225 0.0029025457 0)
(3.4004932 0.00029883405 0)
(3.4047216 0.00084036387 0)
(3.4132662 0.0012520348 0)
(3.4249136 0.0014838715 0)
(3.4378057 0.001558769 0)
(3.450699 0.0015335212 0)
(3.4630313 0.0014526668 0)
(3.4745566 0.0013463362 0)
(3.4851761 0.0012387823 0)
(3.4949377 0.0011458904 0)
(3.5039998 0.0010733386 0)
(3.5125481 0.0010208367 0)
(3.5207445 0.00098624206 0)
(3.5287243 0.00096705225 0)
(0.73565096 0.001598046 2.0583148e-23)
(0.73005387 0.0026134422 1.1555886e-23)
(0.72049137 0.0030957397 0)
(0.70739181 0.0031975231 0)
(0.6936453 0.003128982 0)
(0.68030938 0.0030338437 1.1636696e-18)
(0.66736418 0.002964378 2.3394319e-18)
(0.65469418 0.0029255218 0)
(0.64215253 0.0029176804 0)
(0.62944106 0.0029466336 -1.1884953e-18)
(0.61615947 0.003017338 -1.1957751e-18)
(0.60162729 0.0031486803 0)
(0.58545534 0.0033274062 0)
(0.5653192 0.0036822756 0)
(0.54408992 0.0038757979 0)
(0.50590508 0.0052525054 0)
(0.49034336 0.0036287395 0)
(0.35938151 0.010581247 -1.3454883e-18)
(2.1048286 0.011812027 -6.3530378e-19)
(2.0638118 0.012907106 -2.2673585e-23)
(2.0252839 0.013573289 -6.482486e-19)
(1.9875629 0.013837932 0)
(1.9510198 0.01377246 -6.6220923e-19)
(1.9159272 0.013526692 6.6931579e-19)
(1.8821863 0.013242049 -6.7634844e-19)
(1.8495816 0.013002626 6.8335539e-19)
(1.8178146 0.012864125 0)
(1.7864233 0.012878682 -2.6796045e-24)
(1.754786 0.013106148 7.0442355e-19)
(1.7219088 0.013615874 -7.1201114e-19)
(1.6869182 0.014520741 -7.2040749e-19)
(1.6468622 0.015942717 -7.3003997e-19)
(1.6035575 0.018094147 7.421234e-19)
(1.5393672 0.021612977 -7.5603601e-19)
(1.4938492 0.025188721 7.805605e-19)
(1.3154821 0.03770411 7.9316282e-19)
(3.1159641 0.02961888 0)
(3.0679539 0.029923676 -4.8828434e-23)
(3.0221477 0.029680128 4.5980579e-19)
(2.9775033 0.029143884 0)
(2.9341477 0.028413153 4.6791988e-19)
(2.8921831 0.027592092 -4.7204364e-19)
(2.8514995 0.026808711 0)
(2.8119092 0.026159829 4.8264428e-24)
(2.7731543 0.025722609 0)
(2.7348401 0.025579444 9.765199e-19)
(2.6964113 0.025838096 -9.8448513e-19)
(2.6570058 0.026627229 9.9256929e-19)
(2.6156783 0.028184423 5.0053637e-19)
(2.5700954 0.030677325 5.0506965e-19)
(2.5204067 0.034875263 -2.8606605e-22)
(2.4542915 0.040659217 5.1579292e-19)
(2.3963935 0.050592544 -6.7758356e-22)
(2.2344009 0.066096901 0)
(3.597592 0.040981797 0)
(3.5729029 0.041379575 -7.9311343e-19)
(3.5479063 0.041091005 0)
(3.5220317 0.040518683 0)
(3.4954747 0.039764245 0)
(3.4684475 0.038896676 0)
(3.4410212 0.038046327 0)
(3.4132153 0.037337379 -8.0761561e-19)
(3.384997 0.036879756 -4.0533521e-19)
(3.3562206 0.036793888 -8.1376436e-19)
(3.3266021 0.03723714 4.084377e-19)
(3.2956104 0.038402905 -8.1978343e-19)
(3.2626024 0.040631636 0)
(3.2259592 0.044186606 -4.125986e-19)
(3.1854939 0.050227025 -8.2794233e-19)
(3.1329097 0.058237598 -4.1493061e-19)
(3.0835763 0.073910391 -9.9604668e-22)
(2.9613752 0.092036815 -4.1313778e-19)
(3.7059883 0.043432445 0)
(3.7049861 0.044281781 3.8299358e-19)
(3.7030306 0.044434493 0)
(3.6995561 0.044294641 0)
(3.6945916 0.043964172 0)
(3.6882506 0.043491473 -3.7858906e-19)
(3.6805736 0.043002362 0)
(3.671599 0.042633581 3.7746071e-19)
(3.6613648 0.042513654 7.5404826e-19)
(3.6498532 0.04278734 7.5323669e-19)
(3.6369683 0.043646405 0)
(3.6224469 0.045332287 7.5139996e-19)
(3.6059869 0.048256762 0)
(3.5865746 0.052774199 7.4841572e-19)
(3.5643103 0.060256978 3.7312196e-19)
(3.5337438 0.070154871 7.4237442e-19)
(3.5049638 0.089599006 -3.6835433e-19)
(3.4318701 0.11064231 7.2459191e-19)
(3.679394 0.041488373 0)
(3.6880532 0.042526107 0)
(3.6965898 0.042980636 0)
(3.704359 0.043164773 1.8991117e-19)
(3.7112109 0.043189009 -1.8886877e-19)
(3.7171243 0.043090489 3.7579206e-19)
(3.7220323 0.042978031 0)
(3.7258853 0.042984102 0)
(3.7286686 0.043240803 -3.7059713e-19)
(3.7303589 0.04390149 -5.5338648e-19)
(3.7309108 0.045173979 0)
(3.7301874 0.047324286 -3.6542126e-19)
(3.7280942 0.050802546 0)
(3.7240503 0.056020847 -5.4135411e-19)
(3.7184379 0.064426193 0)
(3.7080185 0.075635638 -3.5435709e-19)
(3.699251 0.096740456 0)
(3.6693476 0.12063904 -3.4050116e-19)
(3.6438655 0.038991789 0)
(3.6532389 0.039939538 0)
(3.6631184 0.040439159 0)
(3.6729243 0.040697197 -1.915767e-19)
(3.682467 0.040837739 1.9037844e-19)
(3.6917003 0.040895417 1.8922302e-19)
(3.7005362 0.04096127 0)
(3.7088932 0.041159917 0)
(3.7167278 0.041622683 0)
(3.7240051 0.042504029 1.8478542e-19)
(3.7306927 0.044015776 0)
(3.7367122 0.046431776 0)
(3.7420645 0.050213007 -1.8081661e-19)
(3.7464525 0.055802785 1.7929893e-19)
(3.7503461 0.06461082 0)
(3.7521623 0.07652581 0)
(3.755685 0.097676701 0)
(3.7534771 0.12359557 -1.6535298e-19)
(3.6229121 0.036872117 0)
(3.6312783 0.037662067 1.9544085e-19)
(3.6402387 0.03811664 0)
(3.6493319 0.038351467 0)
(3.6583871 0.038496535 0)
(3.6673828 0.038589108 -1.9059891e-19)
(3.6762646 0.038707149 0)
(3.684973 0.038968907 1.8829492e-19)
(3.69348 0.039505002 1.8712325e-19)
(3.7017694 0.040469277 1.8590491e-19)
(3.7098327 0.042072768 1.8460496e-19)
(3.717638 0.044590343 1.8317813e-19)
(3.7252324 0.048477898 3.6322107e-19)
(3.7325012 0.054198296 1.7964503e-19)
(3.7398784 0.063055249 1.7725451e-19)
(3.7468548 0.07523123 1.7431387e-19)
(3.7554936 0.09557338 1.70087e-19)
(3.7662974 0.1222926 7.3263716e-22)
(3.6096368 0.034957875 1.9755524e-19)
(3.6175269 0.035608975 -1.9637599e-19)
(3.6259178 0.03601873 0)
(3.6344426 0.036230494 0)
(3.6429416 0.036368082 0)
(3.651403 0.03647303 0)
(3.6597984 0.036613957 1.904591e-19)
(3.6680906 0.036902825 -3.7861859e-19)
(3.6762701 0.037468819 -1.7516818e-23)
(3.684342 0.038464433 -1.8691386e-19)
(3.692322 0.040098134 -1.8559929e-19)
(3.700216 0.042643754 -7.8455523e-23)
(3.7080991 0.046545068 -1.8249094e-19)
(3.7159747 0.052278944 -1.7541535e-22)
(3.7242209 0.061020197 -1.7810517e-19)
(3.7329335 0.073199901 -1.7507438e-19)
(3.7432803 0.092483016 -3.4122742e-19)
(3.7588229 0.11896683 3.2912785e-19)
(3.5989959 0.033087605 -1.0904045e-23)
(3.6067831 0.03362271 0)
(3.6149878 0.033995672 1.9592202e-19)
(3.6233155 0.034195842 0)
(3.6316107 0.034332797 1.9356134e-19)
(3.639857 0.034452462 0)
(3.6480363 0.034616639 -1.9125919e-19)
(3.6561225 0.034930232 1.9010283e-19)
(3.6641143 0.035519562 -1.8891694e-19)
(3.6720295 0.03653483 0)
(3.6799002 0.038180738 0)
(3.6877613 0.040728726 -1.8484465e-19)
(3.6957091 0.044607356 -1.8301595e-19)
(3.7038302 0.050301325 -1.8110827e-19)
(3.7124726 0.058860686 0)
(3.7220644 0.070889832 0)
(3.7333818 0.08912675 1.711355e-19)
(3.7508175 0.11472161 -1.6501288e-19)
(3.5897575 0.031224488 -1.9900913e-19)
(3.5975259 0.031659374 0)
(3.6056528 0.031996468 -1.9664219e-19)
(3.6139045 0.032188132 0)
(3.6221336 0.032326221 -1.7766886e-24)
(3.6303176 0.032460049 0)
(3.6384437 0.032646442 0)
(3.6464927 0.032982777 0)
(3.654468 0.033591166 0)
(3.6623959 0.034618694 0)
(3.6703217 0.036265355 0)
(3.6783042 0.038798493 0)
(3.6864617 0.042629467 1.8365953e-19)
(3.6949467 0.048243044 0)
(3.7041054 0.056576977 0)
(3.7145696 0.068336123 0)
(3.7269552 0.085574837 0)
(3.7457759 0.10992517 0)
(3.5817131 0.029363208 1.9964472e-19)
(3.5894733 0.029712059 -1.9849094e-19)
(3.5975426 0.030012912 1.9729608e-19)
(3.6057388 0.030195656 0)
(3.6139276 0.030333897 -2.0073162e-24)
(3.6220827 0.030478592 -1.9376463e-19)
(3.6301961 0.030682789 1.9259288e-19)
(3.6382553 0.03103632 -1.9140299e-19)
(3.6462694 0.03165621 1.9017223e-19)
(3.6542726 0.032685786 1.8886929e-19)
(3.6623233 0.034319497 -1.8745142e-19)
(3.6705033 0.036818606 0)
(3.6789538 0.040575337 -1.8401533e-19)
(3.6878841 0.046066493 1.8180656e-19)
(3.6976552 0.054129942 -1.7905672e-19)
(3.7090377 0.06551384 1.7558283e-19)
(3.7225808 0.081772221 -1.7103334e-19)
(3.7427368 0.10469324 1.646966e-19)
(3.5747161 0.027501543 -2.002482e-19)
(3.5824752 0.027777803 1.9910443e-19)
(3.5904992 0.02804311 -1.9791308e-19)
(3.5986484 0.028216065 0)
(3.6068041 0.028353204 -1.9554493e-19)
(3.6149383 0.028505121 1.9437123e-19)
(3.623047 0.028721768 -1.9319222e-19)
(3.6311253 0.029085749 1.9199422e-19)
(3.6391883 0.029708533 -1.9075514e-19)
(3.647279 0.030729115 -3.1624657e-23)
(3.6554689 0.032335362 1.8801826e-19)
(3.6638617 0.034780266 0)
(3.6726218 0.038435065 1.845713e-19)
(3.6820076 0.04376141 -1.8236149e-19)
(3.6924027 0.05150799 1.7962606e-19)
(3.7046738 0.062425598 -1.7617485e-19)
(3.719343 0.07769863 1.7171481e-19)
(3.7407344 0.099096905 -1.6551715e-19)
(3.5686156 0.025637313 0)
(3.576381 0.025853001 0)
(3.5843721 0.026084509 0)
(3.5924838 0.026246977 0)
(3.6006135 0.02638184 0)
(3.6087333 0.026537526 -1.9493067e-19)
(3.6168428 0.026761312 0)
(3.6249441 0.027129127 0)
(3.633059 0.027746591 0)
(3.6412392 0.028747631 -1.8995263e-19)
(3.649569 0.030312355 0)
(3.6581725 0.032683186 1.8680622e-19)
(3.6672371 0.036208803 0)
(3.6770625 0.041329932 1.8258705e-19)
(3.6880583 0.048715338 0)
(3.7011548 0.059091025 0)
(3.716866 0.073365592 -1.7156525e-19)
(3.7393484 0.093199309 1.6529764e-19)
(3.5632851 0.023768668 0)
(3.5710622 0.023934428 -2.0019523e-19)
(3.5790307 0.024134626 0)
(3.5871136 0.024286076 1.9782816e-19)
(3.5952239 0.024417382 0)
(3.6033353 0.024573593 1.9546215e-19)
(3.6114504 0.02479954 0)
(3.619578 0.025165116 -1.9303509e-19)
(3.6277467 0.02576976 0)
(3.6360168 0.026741367 0)
(3.6444846 0.028251008 -1.8891923e-19)
(3.6532932 0.030528456 -3.7456493e-19)
(3.6626516 0.03389868 0)
(3.6728947 0.038777224 -1.4703861e-22)
(3.6844581 0.045760887 -1.8009841e-19)
(3.6983127 0.055533156 0)
(3.7149715 0.068795023 3.7862744e-22)
(3.7384059 0.087052979 -4.7317209e-22)
(3.5586243 0.02189472 0)
(3.5664164 0.022019848 4.0140018e-19)
(3.5743704 0.022191554 0)
(3.5824313 0.022331453 -1.9833592e-19)
(3.5905276 0.022457792 0)
(3.5986351 0.022611533 0)
(3.6067593 0.022835126 0)
(3.6149154 0.023192938 1.9352785e-19)
(3.6231387 0.023777828 -1.9223151e-19)
(3.6314976 0.024710565 1.9086193e-19)
(3.6400999 0.026151943 3.787714e-19)
(3.6491055 0.028317434 6.6428685e-23)
(3.6587441 0.03150757 1.8571215e-19)
(3.6693805 0.036109702 -3.6686448e-19)
(3.6814746 0.042655225 3.6114052e-19)
(3.6960216 0.051774436 -1.768574e-19)
(3.7135352 0.064010407 3.4493978e-19)
(3.7377999 0.0806992 -1.6660917e-19)
(3.5545531 0.020015041 0)
(3.562362 0.020107514 -1.0059075e-19)
(3.5703074 0.020253608 0)
(3.5783521 0.020381474 0)
(3.5864383 0.020501424 -9.8811652e-20)
(3.5945452 0.020650051 9.8214089e-20)
(3.6026811 0.020867349 -9.7608554e-20)
(3.6108667 0.021212371 0)
(3.6191439 0.021770924 2.8903887e-19)
(3.6275888 0.022655651 -9.5678247e-20)
(3.6363198 0.024016024 -9.493831e-20)
(3.6455124 0.026052043 1.8815563e-19)
(3.655415 0.029039359 -9.3150474e-20)
(3.6664179 0.033334943 2.7577028e-19)
(3.6790031 0.039410124 -9.0614275e-20)
(3.6941785 0.047836167 1.7750591e-19)
(3.7124575 0.059034666 -8.6688353e-20)
(3.7374453 0.074170504 8.3357705e-20)
(3.5510068 0.018129606 1.0138753e-19)
(3.5588333 0.018196183 -1.1887851e-24)
(3.5667745 0.018319411 1.0022686e-19)
(3.5748074 0.018434868 -9.9633414e-20)
(3.5828867 0.018547112 1.1523123e-24)
(3.5909954 0.018688356 -9.8440275e-20)
(3.5991444 0.018895876 9.7833409e-20)
(3.6073595 0.019223431 -9.7206675e-20)
(3.6156888 0.019749341 -9.6564195e-20)
(3.6242155 0.020577322 -9.5875732e-20)
(3.6330679 0.021844711 -1.9022966e-19)
(3.6424353 0.023735127 9.4252393e-20)
(3.6525835 0.026499057 -1.8656927e-19)
(3.6639241 0.03046148 -1.8422857e-19)
(3.6769586 0.036037966 -8.2684514e-23)
(3.6926998 0.043738179 -8.8852472e-20)
(3.7116586 0.053889359 -1.7338006e-19)
(3.7372731 0.067493106 -8.3836204e-20)
(3.547933 0.016238478 -1.0160546e-19)
(3.5557771 0.016284818 -1.010328e-19)
(3.5637171 0.016387766 -2.0088892e-19)
(3.5717419 0.016490659 9.9504544e-25)
(3.5798167 0.016594106 9.9254827e-20)
(3.5879287 0.01672601 0)
(3.5960914 0.016920582 9.8042698e-20)
(3.6043352 0.01722623 4.5919833e-24)
(3.6127136 0.017713502 0)
(3.6213168 0.018476565 -9.6068365e-20)
(3.6302817 0.019640058 1.7942845e-23)
(3.6398104 0.021370381 -9.4482687e-20)
(3.6501838 0.02389255 3.8349445e-23)
(3.6618319 0.02749842 5.4223257e-23)
(3.6752724 0.032551219 -9.0938906e-20)
(3.691518 0.039498779 1.0044477e-22)
(3.7110752 0.048594537 1.2940479e-22)
(3.7372291 0.060688933 -8.3992412e-20)
(3.5452892 0.01434199 1.0181528e-19)
(3.5531501 0.014372855 0)
(3.5610911 0.014457916 1.0065232e-19)
(3.5691104 0.014548236 1.0005826e-19)
(3.5771825 0.014641895 0)
(3.5852989 0.014762668 0)
(3.5934752 0.014941374 -2.5417907e-24)
(3.601746 0.015220996 4.2069471e-24)
(3.61017 0.015664119 0)
(3.6188432 0.016354882 1.0687366e-23)
(3.6279108 0.017404716 1.6195998e-23)
(3.6375857 0.018962078 -9.46588e-20)
(3.6481626 0.021226174 9.3711435e-20)
(3.6600865 0.024454898 9.2560832e-20)
(3.6738888 0.028962078 0)
(3.6905786 0.035134995 8.9307787e-23)
(3.7106567 0.043169043 8.7307063e-20)
(3.7372709 0.053777112 1.3864091e-22)
(3.5430408 0.012440502 5.8118151e-25)
(3.5509172 0.012459887 -1.0143866e-19)
(3.5588606 0.012529203 0)
(3.5668763 0.012607036 0)
(3.5749472 0.012690022 0)
(3.5830684 0.012798057 0)
(3.5912577 0.01295828 -9.8444031e-20)
(3.5995532 0.013208187 3.7649043e-24)
(3.6080183 0.013602273 9.7158367e-20)
(3.6167545 0.014214242 1.9293562e-19)
(3.6259139 0.015141803 1.4318844e-23)
(3.635719 0.016514838 1.8974299e-19)
(3.6464763 0.018506424 0)
(3.6586433 0.021340018 9.2736963e-20)
(3.6727625 0.025282609 -9.1343944e-20)
(3.6898375 0.030663032 1.7934247e-19)
(3.7103628 0.037630849 -8.7518577e-20)
(3.7373655 0.046774784 1.6962079e-19)
(3.5411596 0.010534481 -1.533132e-19)
(3.54905 0.010545663 1.5244494e-19)
(3.5569965 0.010601129 0)
(3.5650101 0.010666636 -5.022298e-20)
(3.5730807 0.010738214 0)
(3.5812066 0.010832101 0)
(3.5894079 0.010971551 -4.9315006e-20)
(3.5977255 0.011188504 1.4700488e-19)
(3.6062268 0.011529261 -4.8678719e-20)
(3.6150181 0.012056808 -4.8334984e-20)
(3.6242576 0.012854592 9.5913712e-20)
(3.634176 0.014033398 -4.7549644e-20)
(3.6450896 0.015739887 0)
(3.6574662 0.018162956 -1.3949036e-19)
(3.6718572 0.021524916 1.3745475e-19)
(3.6892597 0.026098549 -8.999675e-20)
(3.7101617 0.031997219 1.3188853e-19)
(3.7374871 0.039697432 -4.2688506e-20)
(3.5396234 0.0086246931 5.1197034e-20)
(3.5475258 0.0086303567 -5.090672e-20)
(3.5554755 0.008673576 0)
(3.5634882 0.0087268883 5.0314555e-20)
(3.5715589 0.0087863642 0)
(3.5796893 0.0088648433 -4.9712513e-20)
(3.5879011 0.0089815606 4.9406578e-20)
(3.5962377 0.0091628172 -4.9092825e-20)
(3.6047699 0.0094466333 -2.1887748e-24)
(3.6136079 0.009884936 -4.84235e-20)
(3.6229151 0.010546543 0)
(3.632929 0.011522635 -7.5064073e-24)
(3.643974 0.01293336 0)
(3.656526 0.014933013 4.6619596e-20)
(3.6711434 0.017701112 -9.1895618e-20)
(3.688817 0.021456684 0)
(3.7100283 0.026284436 -4.4157021e-20)
(3.7376156 0.032558787 -4.1482877e-23)
(3.5384145 0.0067113064 0)
(3.5463268 0.006713636 -5.0994684e-20)
(3.5542795 0.0067459702 0)
(3.5622918 0.006787301 5.0401931e-20)
(3.5703631 0.0068341436 0)
(3.5784974 0.0068962531 4.980033e-20)
(3.5867179 0.0069887064 0)
(3.5950701 0.0071320492 -4.9179451e-20)
(3.6036274 0.0073559654 -4.8856026e-20)
(3.6125033 0.0077010675 -4.851152e-20)
(3.6218654 0.0082212211 -4.8142194e-20)
(3.6319564 0.008987684 -9.5473823e-20)
(3.6431072 0.010094026 0)
(3.6558 0.011659971 0)
(3.6705985 0.013823835 1.615867e-23)
(3.6884876 0.016752924 0)
(3.7099434 0.020509201 -4.4322055e-20)
(3.7377354 0.02537259 -4.3086924e-20)
(3.5375199 0.0047958933 0)
(3.5454397 0.0047963319 2.5539673e-20)
(3.553395 0.0048186314 0)
(3.5614073 0.0048480204 -5.0486254e-20)
(3.5694791 0.0048817585 0)
(3.5776164 0.0049266697 0)
(3.5858436 0.0049935681 0)
(3.5942077 0.0050971952 2.4633096e-20)
(3.6027841 0.0052587974 0)
(3.6116888 0.0055074935 4.8603046e-20)
(3.6210923 0.0058819114 2.4121113e-20)
(3.6312415 0.0064331148 4.7839581e-20)
(3.6424721 0.0072279808 2.3690947e-20)
(3.6552709 0.0083517775 2.3427557e-20)
(3.6702051 0.0099027535 2.3125336e-20)
(3.6882554 0.011998127 2.2733428e-20)
(3.7098923 0.014681823 4.4552627e-20)
(3.7378375 0.018143119 0)
(3.53693 0.0028780642 0)
(3.5448547 0.0028780574 2.5580171e-20)
(3.5528117 0.0028912421 -1.2716146e-20)
(3.5608239 0.0029088912 1.2641713e-20)
(3.5688961 0.0029293096 -1.2566773e-20)
(3.5770356 0.0029565456 1.2491224e-20)
(3.5852673 0.002997126 0)
(3.5936394 0.0030599815 2.4673747e-20)
(3.6022286 0.0031578866 0)
(3.6111525 0.003308402 0)
(3.6205839 0.0035348226 2.4165667e-20)
(3.6307723 0.0038678618 0)
(3.6420564 0.0043477872 -2.3749446e-20)
(3.6549262 0.0050255401 -2.3495267e-20)
(3.6699511 0.0059604274 2.3193964e-20)
(3.6881091 0.0072202102 -2.2830203e-20)
(3.7098657 0.0088355572 0)
(3.7379147 0.010904421 0)
(3.5366359 0.00095906346 0)
(3.5445633 0.00095918291 0)
(3.5525213 0.00096366205 1.1764403e-20)
(3.5605338 0.00096962111 -1.1696463e-20)
(3.5686063 0.00097651101 1.1628072e-20)
(3.576747 0.0009856959 -1.1559167e-20)
(3.5849813 0.00099936712 0)
(3.5933577 0.0010205264 0)
(3.6019539 0.0010534599 0)
(3.6108882 0.0011040793 0)
(3.6203346 0.0011801805 0)
(3.630544 0.0012920453 0)
(3.6418569 0.0014531829 0)
(3.6547649 0.0016805006 0)
(3.6698384 0.0019940883 0)
(3.6880552 0.0024154755 0)
(3.7098757 0.0029573328 0)
(3.7379827 0.0036455061 0)
(0.40424362 0.0081996813 0)
(0.48745321 0.023428646 1.8639967e-21)
(0.56705425 0.042151233 0)
(0.63219069 0.056132446 1.7282103e-18)
(0.69074475 0.066385745 0)
(0.74733551 0.075156476 -1.531783e-18)
(0.79975746 0.083255246 0)
(0.85427046 0.090194742 1.4235684e-18)
(1.3382017 0.039794444 0)
(1.4137363 0.051899361 2.8777297e-21)
(1.491778 0.071073344 0)
(1.5615546 0.089276517 0)
(1.6283112 0.10517105 0)
(1.694527 0.1199696 8.0680029e-19)
(1.7575341 0.13397711 -7.7751012e-19)
(1.8220637 0.14708473 7.6449124e-19)
(2.2414351 0.081232248 -6.2115059e-19)
(2.2999287 0.093861645 3.0485382e-21)
(2.3595774 0.11047328 0)
(2.4116269 0.12710964 -5.772346e-19)
(2.461941 0.14263923 0)
(2.5127835 0.15743228 -5.5798817e-19)
(2.5617483 0.1714343 5.5070062e-19)
(2.6119095 0.18499727 -1.090045e-18)
(2.9585757 0.11586953 4.8258582e-19)
(2.9978105 0.12851179 4.7029353e-19)
(3.0379778 0.14226841 -4.6199809e-19)
(3.0721594 0.15674721 4.6213941e-19)
(3.1053555 0.17132321 0)
(3.1396209 0.18559198 4.5415534e-19)
(3.1731958 0.19915573 -4.4597262e-19)
(3.2076998 0.21260841 4.4808054e-19)
(3.4265414 0.13805083 -4.1541105e-19)
(3.4492456 0.15053617 0)
(3.4731863 0.16255698 8.146047e-19)
(3.4933311 0.17531228 -4.046075e-19)
(3.5130699 0.18863266 0)
(3.5341088 0.2018001 0)
(3.5554579 0.21429917 4.0142024e-19)
(3.5776831 0.22669577 0)
(3.6671964 0.14771612 3.9100002e-19)
(3.6791258 0.15955656 0)
(3.6925976 0.17048258 -3.8417789e-19)
(3.7043027 0.18180234 3.8382344e-19)
(3.716075 0.19366127 0)
(3.7291627 0.20543473 0)
(3.7431734 0.21665754 0)
(3.7580664 0.22771209 0)
(3.7563706 0.14833973 3.7631972e-19)
(3.7631895 0.15916708 3.7278209e-19)
(3.7716366 0.1693234 3.7229657e-19)
(3.7797187 0.17955637 3.7193682e-19)
(3.7881924 0.19011287 3.7145009e-19)
(3.7978492 0.20060158 3.7054165e-19)
(3.8086277 0.21066533 3.6921058e-19)
(3.8202539 0.2204844 3.7038411e-19)
(3.773411 0.1443286 -2.7760371e-21)
(3.7787469 0.15400091 -7.4206351e-19)
(3.7855432 0.16341668 -7.4139578e-19)
(3.7926887 0.17274203 -2.4571603e-21)
(3.8004147 0.18217857 -7.3971513e-19)
(3.809159 0.19154063 -7.3795402e-19)
(3.8189778 0.20058378 -3.6889613e-19)
(3.8295826 0.20935439 -7.378626e-19)
(3.7687386 0.13868852 -3.7452215e-19)
(3.774144 0.14723224 3.7111334e-19)
(3.7807084 0.15582399 3.7081334e-19)
(3.7878598 0.16430546 -3.704008e-19)
(3.7956872 0.17278111 3.6980443e-19)
(3.8044046 0.18117933 3.6887289e-19)
(3.8140698 0.1893399 0)
(3.8244468 0.19724678 3.688194e-19)
(3.7625778 0.1326187 0)
(3.7684369 0.1401629 0)
(3.7751542 0.14789892 3.6788851e-19)
(3.7824591 0.15557531 0)
(3.7904695 0.16320921 0)
(3.7992846 0.17076711 0)
(3.8089271 0.17814225 0)
(3.8192124 0.18529983 0)
(3.7588938 0.12632845 0)
(3.7651886 0.13303135 0)
(3.7721069 0.13995778 -3.6904052e-19)
(3.7795317 0.1468789 0)
(3.7876475 0.15376002 0)
(3.7965079 0.16057077 0)
(3.8061035 0.16723583 0)
(3.8162826 0.17372001 0)
(3.7569406 0.11977879 3.7092675e-19)
(3.763584 0.12577629 3.6696751e-19)
(3.7706885 0.13197588 0)
(3.778209 0.13820318 3.6593665e-19)
(3.7863824 0.14440411 3.651459e-19)
(3.7952503 0.15054315 3.6411268e-19)
(3.8047836 0.15656254 0)
(3.8148502 0.16243108 3.6419859e-19)
(3.755828 0.11295735 -3.7199049e-19)
(3.7627443 0.11834882 -1.4847807e-21)
(3.7700137 0.12390517 -3.6591065e-19)
(3.7776228 0.12950223 -3.6679116e-19)
(3.7858386 0.13508519 -1.5027486e-21)
(3.7947026 0.1406153 -3.6487058e-19)
(3.804176 0.14604482 -3.6212061e-19)
(3.8141407 0.15134667 -1.4302072e-21)
(3.7551755 0.10589433 1.8511216e-19)
(3.762306 0.11074937 -3.6737995e-19)
(3.7697163 0.11573276 3.6677683e-19)
(3.7774079 0.12075775 1.8236867e-19)
(3.7856605 0.12577631 -3.6521614e-19)
(3.7945181 0.13075 1.8138464e-19)
(3.8039382 0.13563775 3.6281249e-19)
(3.8138143 0.140416 -3.6413483e-19)
(3.7548424 0.098630524 -3.7058266e-19)
(3.7621411 0.10299915 -1.8286099e-19)
(3.7696678 0.1074651 0)
(3.777432 0.11196793 -3.6491417e-19)
(3.7857162 0.11646798 -1.81693e-19)
(3.7945661 0.1209296 -3.6287482e-19)
(3.8039383 0.1253171 0)
(3.8137367 0.12960991 -1.8116578e-19)
(3.7547473 0.091201642 1.854527e-19)
(3.762178 0.095121434 3.6603605e-19)
(3.7697985 0.099113579 0)
(3.7776238 0.10313603 1.8253601e-19)
(3.7859338 0.10715687 3.6357076e-19)
(3.7947745 0.11114447 1.8148415e-19)
(3.8041031 0.11506791 0)
(3.8138328 0.11890913 3.6245717e-19)
(3.7548231 0.083635904 -1.8487991e-19)
(3.7623577 0.087136405 -3.6584498e-19)
(3.7700528 0.09068965 0)
(3.7779281 0.094266686 -1.8187589e-19)
(3.7862584 0.09784217 -1.8187283e-19)
(3.7950889 0.10138873 -1.8080411e-19)
(3.8043779 0.10487981 0)
(3.8140461 0.10829938 -1.812897e-19)
(3.7550142 0.075955613 3.7020291e-19)
(3.7626305 0.079060958 3.6575011e-19)
(3.7703847 0.082203965 0)
(3.7783003 0.085365145 3.6406632e-19)
(3.7866461 0.088524503 1.8130978e-19)
(3.7954661 0.091658696 3.6186679e-19)
(3.8047193 0.094744998 0)
(3.8143328 0.097769153 1.8072937e-19)
(3.7552758 0.068179129 -1.8531644e-19)
(3.7629568 0.070909583 -1.8306453e-19)
(3.7707575 0.073666366 0)
(3.7787057 0.07643679 -1.8218829e-19)
(3.7870633 0.079205108 -1.8166719e-19)
(3.7958727 0.081951559 -3.7696545e-22)
(3.8050937 0.084656766 -1.8001665e-19)
(3.8146585 0.087308072 -1.8105375e-19)
(3.7555733 0.060322249 1.8503285e-19)
(3.7633053 0.062695021 1.8275822e-19)
(3.7711429 0.065085801 1.8230896e-19)
(3.779117 0.067486669 1.8184636e-19)
(3.7874834 0.069885197 1.8131334e-19)
(3.7962827 0.072264754 -3.2767722e-22)
(3.805475 0.074608925 1.8034931e-19)
(3.8149969 0.076906626 1.8069726e-19)
(3.7558799 0.05239888 -2.7804231e-19)
(3.7636522 0.054428485 -1.8315852e-19)
(3.7715187 0.056470067 -1.8269503e-19)
(3.7795135 0.058518919 -2.7318605e-19)
(3.7878862 0.060565244 -2.7236727e-19)
(3.7966759 0.062595206 -2.7143411e-19)
(3.8058428 0.064595071 0)
(3.8153273 0.066555346 -2.7140438e-19)
(3.7561749 0.04442137 9.2797559e-20)
(3.7639787 0.046119994 -9.1520009e-20)
(3.7718677 0.047826337 9.1280659e-20)
(3.7798784 0.049537703 9.1154369e-20)
(3.7882556 0.051246423 1.1858896e-22)
(3.7970364 0.052941206 9.0559379e-20)
(3.8061813 0.054610781 9.009682e-20)
(3.8156337 0.056247242 1.1379427e-22)
(3.7564427 0.036399783 0)
(3.7642709 0.037776927 9.1720899e-20)
(3.7721771 0.039158772 -9.1475164e-20)
(3.7801999 0.040543977 0)
(3.7885798 0.041926732 9.0939133e-20)
(3.7973525 0.043298074 0)
(3.8064788 0.04464897 -9.0267795e-20)
(3.8159045 0.045973023 9.0598679e-20)
(3.7566702 0.028346581 -4.6465466e-20)
(3.7645166 0.029410657 -4.5876154e-20)
(3.7724355 0.030476835 0)
(3.7804674 0.031544843 -4.5621165e-20)
(3.7888491 0.032610696 -4.5476272e-20)
(3.7976153 0.033667657 -4.5313984e-20)
(3.8067266 0.034708825 0)
(3.8161309 0.035729309 -4.5302739e-20)
(3.7568521 0.020261368 4.6572307e-20)
(3.7647105 0.021018426 9.1929251e-20)
(3.7726372 0.021775901 -4.5822279e-20)
(3.7806749 0.022534504 4.5717007e-20)
(3.7890575 0.023291581 9.1112009e-20)
(3.7978185 0.024042176 4.5404154e-20)
(3.8069185 0.024781351 -4.5199038e-20)
(3.8163067 0.02550588 9.0752592e-20)
(3.7569831 0.012173011 -2.3318549e-20)
(3.7648486 0.01262342 -4.6053955e-20)
(3.7727808 0.013073095 4.592195e-20)
(3.7808232 0.013524606 0)
(3.7892069 0.013976444 -4.5636706e-20)
(3.7979646 0.014425013 0)
(3.8070572 0.014866964 4.528747e-20)
(3.8164345 0.015301422 -4.545081e-20)
(3.7570779 0.004068228 2.2944292e-20)
(3.7649443 0.0042165062 0)
(3.7728805 0.0043640404 0)
(3.7809285 0.004512777 0)
(3.7893157 0.004662322 0)
(3.7980738 0.0048112172 0)
(3.8071654 0.0049581353 0)
(3.8165398 0.0051033776 0)
(0.93275824 0.097922024 -1.6371989e-17)
(1.0146038 0.10759764 1.5256967e-17)
(1.079076 0.11536709 -1.41786e-17)
(1.1363151 0.12161879 0)
(1.1868064 0.12664085 0)
(1.2442412 0.13110827 1.7068459e-20)
(1.2856056 0.13337592 0)
(1.435693 0.14290652 -9.1195172e-18)
(1.9267809 0.1683518 1.0264297e-17)
(2.0599371 0.1956037 0)
(2.1759521 0.21786373 1.8009655e-17)
(2.2823902 0.23587723 0)
(2.3810328 0.24977657 0)
(2.4833556 0.26143513 7.1972224e-18)
(2.572758 0.26444842 6.496219e-18)
(2.7415184 0.27694794 5.8501477e-18)
(2.6955473 0.20790729 -7.5257041e-18)
(2.8070299 0.23681864 -7.2269443e-18)
(2.9090107 0.26050532 -1.3797175e-17)
(3.0065364 0.279482 -6.5169795e-18)
(3.100895 0.29351938 0)
(3.1993656 0.30417601 0)
(3.29213 0.30428584 -5.1998618e-18)
(3.4340885 0.31013568 0)
(3.2674104 0.23530835 9.4644752e-18)
(3.3500112 0.26384443 3.0883529e-18)
(3.4287935 0.28717496 5.9222221e-18)
(3.5069113 0.30543903 5.6560302e-18)
(3.5849062 0.31810174 2.6693235e-18)
(3.6674471 0.3264474 0)
(3.7478049 0.32327834 0)
(3.8597567 0.32362029 -2.1244037e-18)
(3.6192758 0.24801835 -1.787501e-20)
(3.6803552 0.27499956 2.8091358e-18)
(3.7420866 0.29697158 2.7111737e-18)
(3.8059499 0.31376858 2.6061931e-18)
(3.8716283 0.32468192 -2.4867019e-18)
(3.9417498 0.330659 2.3406253e-18)
(4.0114988 0.32520424 0)
(4.0998602 0.3207879 2.0025999e-18)
(3.7891258 0.24740123 -2.7393827e-18)
(3.838061 0.2726138 0)
(3.8904682 0.29309376 -1.1353008e-20)
(3.946663 0.30851329 -2.5219099e-18)
(4.0057409 0.31809022 0)
(4.0688353 0.32238757 -2.2722925e-18)
(4.1325697 0.31598342 0)
(4.2057102 0.30810062 0)
(3.8466659 0.23859603 0)
(3.890433 0.26205966 0)
(3.9389813 0.28106983 -2.5803052e-18)
(3.9919709 0.29522883 0)
(4.0482267 0.30375019 0)
(4.1079476 0.30683053 0)
(4.1687258 0.3002374 0)
(4.2333949 0.28991268 0)
(3.8544358 0.22601786 0)
(3.8964421 0.24782874 2.6251084e-18)
(3.9436044 0.26546539 0)
(3.9952853 0.27849268 0)
(4.0502368 0.28615716 0)
(4.108136 0.2883678 0)
(4.1671297 0.28194249 0)
(4.2271839 0.27025354 0)
(3.8487518 0.21256805 0)
(3.8899638 0.2327928 -2.6336642e-18)
(3.9363144 0.24912383 2.5575208e-18)
(3.9870508 0.26109121 -2.4732112e-18)
(4.0409251 0.26799056 0)
(4.0973281 0.26953683 2.2562606e-18)
(4.1546869 0.26337386 -2.1264018e-18)
(4.2117762 0.25118161 0)
(3.8431188 0.19934458 2.657015e-18)
(3.8835915 0.21801972 0)
(3.9290709 0.23308915 -2.5650366e-18)
(3.9787646 0.24404478 4.9538913e-18)
(4.031436 0.25023462 0)
(4.0863066 0.25126122 -2.2626658e-18)
(4.1419447 0.24538362 -4.8579412e-21)
(4.1966707 0.23329452 0)
(3.8397785 0.18655048 -1.1727115e-20)
(3.8794598 0.20372065 -2.6184301e-18)
(3.9239877 0.21757464 0)
(3.9725629 0.22756934 -2.4801401e-18)
(4.023958 0.23310355 -2.3788824e-18)
(4.077286 0.23372775 2.2703552e-18)
(4.1311993 0.22815334 2.1464895e-18)
(4.1838587 0.21654094 0)
(3.8379534 0.17411365 -2.664652e-18)
(3.8768652 0.1898343 2.6261253e-18)
(3.9204512 0.2025226 0)
(3.9679234 0.21161101 0)
(4.0180646 0.21654597 2.3846496e-18)
(4.069919 0.2168666 -2.2765651e-18)
(4.1222007 0.21161833 0)
(4.173045 0.20069362 0)
(3.8368934 0.16194979 -2.6534943e-18)
(3.8750995 0.17628438 -2.6163134e-18)
(3.917799 0.18786031 -2.5551412e-18)
(3.9642274 0.19609924 0)
(4.0131827 0.2004916 0)
(4.0636693 0.20059061 -2.284713e-18)
(4.1144539 0.19569005 0)
(4.1637212 0.18556094 0)
(3.83626 0.15000664 2.6629866e-18)
(3.873829 0.16302224 7.6370655e-21)
(3.9157075 0.17354011 5.9198944e-21)
(3.9611624 0.18098453 0)
(4.0090122 0.18488682 -2.3911095e-18)
(4.0582435 0.18482921 -8.8622827e-22)
(4.1076718 0.18029098 0)
(4.1555742 0.17100184 -2.0784374e-18)
(3.8359127 0.13825153 0)
(3.8729081 0.15001566 5.2422703e-18)
(3.9140314 0.15952892 2.5629399e-18)
(3.9585845 0.16623015 2.4827567e-18)
(4.0054119 0.16968923 1.4279901e-21)
(4.0534983 0.16952523 4.5993046e-18)
(4.101706 0.16535642 0)
(4.1484259 0.15691369 2.0881807e-18)
(3.8357709 0.12666043 0)
(3.8722507 0.13723863 -2.6259792e-18)
(3.9126837 0.14579837 1.2799828e-18)
(3.9564077 0.15180307 -2.4894657e-18)
(4.0022965 0.15485972 1.2020306e-18)
(4.0493449 0.15462743 -2.3073143e-18)
(4.0964605 0.15082887 0)
(4.1421543 0.14321708 0)
(3.8357738 0.11521351 0)
(3.8717922 0.12466732 1.3113201e-18)
(3.9115988 0.13232114 -2.5653111e-18)
(3.9545666 0.13767099 0)
(3.9996012 0.14036024 1.2042689e-18)
(4.045715 0.14008848 -1.1581938e-18)
(4.0918595 0.13665677 0)
(4.1366629 0.12984896 -1.0616405e-18)
(3.8358743 0.1038932 1.3330755e-18)
(3.8714816 0.11227891 -1.3157273e-18)
(3.9107245 0.11907034 1.2854637e-18)
(3.953009 0.12380238 1.2476284e-18)
(3.9972735 0.12615436 0)
(4.0425525 0.12586509 1.1620601e-18)
(4.0878395 0.12279433 1.1155832e-18)
(4.1318718 0.11675858 1.0666933e-18)
(3.8360359 0.092683221 -2.5647798e-21)
(3.8712795 0.10005138 -1.3155332e-18)
(3.9100199 0.10601988 0)
(3.9516934 0.11016702 -1.2513928e-18)
(3.995271 0.11220778 -1.2102021e-18)
(4.0398112 0.11191794 1.1667043e-18)
(4.0843474 0.1092009 -2.241094e-18)
(4.1277148 0.10390411 0)
(3.8362305 0.081568595 -1.3410681e-18)
(3.8711552 0.087964159 1.320185e-18)
(3.9094531 0.093145257 1.2885038e-18)
(3.9505873 0.096736743 0)
(3.9935596 0.098488799 1.214062e-18)
(4.0374538 0.098211489 -1.1707747e-18)
(4.0813391 0.095840185 2.252082e-18)
(4.1241372 0.091250153 -1.0821479e-18)
(3.8364366 0.070534985 0)
(3.8710855 0.075997601 1.3213617e-18)
(3.9089994 0.080423039 -1.2927727e-18)
(3.9496648 0.083484683 0)
(3.9921122 0.084967356 0)
(4.0354494 0.084712596 0)
(4.0787781 0.082678764 -1.1310598e-18)
(4.1210939 0.078765413 -1.2841819e-21)
(3.8366376 0.059570806 -6.7313551e-19)
(3.8710525 0.064134693 -6.6381334e-19)
(3.9086398 0.06783209 0)
(3.948906 0.070386048 0)
(3.9909071 0.071615405 0)
(4.0337732 0.071390548 0)
(4.0766342 0.069685933 0)
(4.1185479 0.066422064 1.0937483e-18)
(3.8368211 0.048662691 6.7595017e-19)
(3.8710426 0.052357173 -1.329252e-18)
(3.9083595 0.055350365 0)
(3.948295 0.057415337 0)
(3.9899269 0.058404422 0)
(4.032405 0.058214709 0)
(4.074883 0.056831565 0)
(4.1164692 0.054193577 -5.5043011e-19)
(3.8369782 0.037802286 0)
(3.871046 0.04065064 6.668746e-19)
(3.9081479 0.042959194 0)
(3.9478202 0.044550448 0)
(3.9891586 0.045309524 6.1454851e-19)
(4.0313293 0.045158545 0)
(4.0735053 0.044089889 0)
(4.1148344 0.042057838 1.1063654e-18)
(3.8371023 0.026975741 3.4009578e-19)
(3.8710561 0.028994947 0)
(3.9079982 0.030633344 0)
(3.9474741 0.031762529 3.1781861e-19)
(3.9885937 0.032299635 -6.1665198e-19)
(4.0305359 0.032190555 2.9829997e-19)
(4.0724881 0.031431927 0)
(4.1136275 0.029991567 -8.3401187e-19)
(3.8371953 0.016181364 -5.1229587e-19)
(3.8710745 0.01738591 0)
(3.9079121 0.018364151 -1.6384885e-19)
(3.9472586 0.019038004 -4.7833137e-19)
(3.9882338 0.019356354 0)
(4.0300252 0.019287822 -4.4908125e-19)
(4.0718297 0.018831938 -1.4463883e-19)
(4.112844 0.017968905 2.7936586e-19)
(3.8372837 0.0053975562 1.6170055e-19)
(3.871126 0.0057979932 0)
(3.9079118 0.0061231052 1.547451e-19)
(3.9471924 0.0063466797 1.5039808e-19)
(3.9880924 0.0064511155 0)
(4.0298044 0.0064262741 1.409652e-19)
(4.0715296 0.0062725293 1.3610997e-19)
(4.1124748 0.0059831583 0)
(1.287818 0.078378762 0)
(0.99104764 0.037284057 0)
(0.85201913 0.022469454 4.5078418e-18)
(0.83498011 0.01981562 -4.5418379e-18)
(0.83997705 0.021522366 -4.456078e-18)
(0.84271804 0.023283337 4.3259162e-18)
(0.84657346 0.024247022 -4.1785138e-18)
(0.85121084 0.024790214 4.0210728e-18)
(0.85475304 0.025118344 -3.8480481e-18)
(0.85708678 0.025286877 3.6686e-18)
(0.85883943 0.025362768 3.5052148e-18)
(0.86038955 0.025404545 -3.3239276e-18)
(0.86187459 0.025438696 -3.756193e-21)
(0.86337431 0.025473693 -2.9567288e-18)
(0.86495387 0.025512588 0)
(0.86665541 0.02555476 -2.5842945e-18)
(0.86850003 0.025597208 2.3871323e-18)
(0.87049846 0.025637923 -2.1933414e-18)
(0.87265184 0.025679353 -3.7147253e-21)
(0.87497261 0.025726513 -1.7934117e-18)
(0.87743417 0.025785577 -3.9275577e-22)
(0.88011941 0.02585145 -1.3976438e-18)
(0.8827824 0.025934541 1.1854693e-18)
(0.88608009 0.025989738 -9.749384e-19)
(0.88817856 0.026140812 7.5927685e-19)
(0.89360155 0.026055683 -1.0879936e-18)
(0.89118352 0.026660035 -3.2025713e-19)
(0.90154524 0.025459302 -5.6497897e-22)
(2.7139443 0.19839413 2.2222629e-18)
(2.5392966 0.13900018 2.4639602e-18)
(2.3909172 0.10358773 -2.6498011e-18)
(2.3077623 0.082178222 0)
(2.2605253 0.072002097 0)
(2.231091 0.068065139 -5.4168188e-18)
(2.2140667 0.066609641 1.3153913e-21)
(2.2053294 0.066186635 -2.5758425e-18)
(2.2011076 0.066211996 2.4855815e-18)
(2.1992725 0.066347469 -2.3855636e-18)
(2.1989178 0.066459824 2.2842201e-18)
(2.1996063 0.066538205 -4.2478328e-21)
(2.2010787 0.066599344 -2.063574e-18)
(2.2031923 0.066656342 0)
(2.2058785 0.066717705 0)
(2.2091024 0.066786232 0)
(2.2128412 0.06685864 -1.5940929e-18)
(2.2170785 0.066930277 0)
(2.221796 0.067002357 -1.3405089e-18)
(2.2269899 0.067083912 0)
(2.2326178 0.067187 0)
(2.2387514 0.067314931 0)
(2.2451256 0.067474062 -1.0590535e-21)
(2.2524148 0.067623338 0)
(2.2586902 0.067901938 -5.1751635e-19)
(2.2687262 0.067850787 3.7278561e-19)
(2.270649 0.069129377 0)
(2.2875192 0.066785935 -7.895792e-20)
(3.4659065 0.23218429 -3.6275466e-18)
(3.4035027 0.1754213 1.5044031e-20)
(3.3321973 0.14395476 -4.846062e-22)
(3.2837689 0.12273271 -2.035008e-18)
(3.2498476 0.11015197 -9.7481345e-22)
(3.2245524 0.10356503 6.5116349e-23)
(3.2071518 0.099935042 -9.398223e-22)
(3.1961836 0.097814157 9.4788651e-22)
(3.1895494 0.096580345 1.7594211e-21)
(3.185831 0.095832075 -1.7731948e-18)
(3.1842835 0.095336409 -1.6977024e-18)
(3.1844458 0.094992052 1.6180546e-18)
(3.1859875 0.09475338 8.5369347e-23)
(3.1886813 0.094593597 2.8424123e-21)
(3.1923762 0.094495834 -1.3818444e-21)
(3.1969672 0.094446614 0)
(3.2023769 0.094430806 0)
(3.2085481 0.094434009 0)
(3.2154342 0.094449844 2.0055557e-18)
(3.2230061 0.094483925 1.8674336e-21)
(3.2312126 0.09454883 -8.0704553e-19)
(3.2400863 0.09465205 -7.0559669e-19)
(3.2494228 0.094801214 -6.025093e-19)
(3.2597024 0.094954687 -8.6316831e-22)
(3.2694783 0.09527276 -3.8671789e-19)
(3.282436 0.095193551 -4.3186087e-22)
(3.2888834 0.0968311 4.3154046e-22)
(3.3097676 0.093854343 -5.9805578e-20)
(3.9050267 0.24890761 8.0925657e-19)
(3.8882763 0.19312091 -2.5903128e-18)
(3.8601825 0.16402804 0)
(3.8440324 0.14358256 2.6602899e-18)
(3.8342993 0.13017401 0)
(3.8274879 0.122706 2.5871254e-18)
(3.8242343 0.11854061 -8.4169148e-19)
(3.8243306 0.11607564 0)
(3.8266857 0.11461022 -7.8943372e-19)
(3.8305237 0.11371592 2.2727589e-18)
(3.8354981 0.1131234 1.3801187e-21)
(3.8414214 0.11270304 -6.9250704e-19)
(3.8481602 0.11239786 -6.5473364e-19)
(3.855629 0.11217848 -1.2480696e-21)
(3.8637789 0.11202806 -5.8215592e-19)
(3.8725793 0.11193371 -1.1038453e-21)
(3.8820088 0.11188028 5.0494307e-19)
(3.8920539 0.11185184 -4.6538601e-19)
(3.9027036 0.11183929 -8.540564e-19)
(3.9139555 0.11184607 -3.8404979e-19)
(3.925785 0.11188493 6.841091e-19)
(3.9382279 0.11196634 3.0169909e-19)
(3.9511341 0.11210182 2.5585227e-19)
(3.9648915 0.11225043 -7.3349338e-22)
(3.9783451 0.11258627 4.9524498e-19)
(3.9946024 0.11249531 -1.1842731e-19)
(4.0050487 0.11429589 0)
(4.0303215 0.11106302 2.5067017e-20)
(4.1539732 0.2547153 8.0172014e-19)
(4.1627213 0.20121149 8.1849871e-19)
(4.157094 0.17296951 8.3751244e-19)
(4.1581765 0.15286174 -8.2835869e-19)
(4.1630107 0.13900568 -8.1795479e-19)
(4.1689284 0.1311147 -7.9996508e-19)
(4.1768203 0.1267902 1.559018e-18)
(4.1868967 0.12428091 -1.443453e-21)
(4.1984156 0.12282222 2.7396065e-21)
(4.2107862 0.1219836 -6.982763e-19)
(4.2237583 0.12148011 0)
(4.2372078 0.12116221 -1.2698164e-18)
(4.2510486 0.12096166 6.0285925e-19)
(4.2652334 0.12084371 -5.6803851e-19)
(4.2797462 0.12078851 5.3390527e-19)
(4.2945866 0.12078202 -4.9877912e-19)
(4.3097618 0.12080941 -4.6494196e-19)
(4.325286 0.12085505 1.8827364e-21)
(4.3411757 0.12090916 -1.4462786e-21)
(4.3574533 0.12097366 7.0452859e-19)
(4.3741197 0.12106097 1.1439422e-21)
(4.391224 0.12118324 -9.7620714e-22)
(4.4086531 0.12135812 -1.0131845e-21)
(4.4267653 0.1215445 1.9199823e-19)
(4.444544 0.12193225 -1.492136e-19)
(4.4649149 0.12187214 2.166452e-22)
(4.479403 0.12374427 0)
(4.5101665 0.12058419 4.7441055e-20)
(4.2673832 0.25160962 -8.1477994e-19)
(4.2954479 0.20146877 0)
(4.3061959 0.17420791 -8.1161634e-19)
(4.319077 0.15498956 -1.1722975e-21)
(4.3335523 0.14127883 1.5801885e-18)
(4.3477997 0.13320782 -7.4105468e-22)
(4.3629883 0.12875759 1.3416686e-21)
(4.3797286 0.12618149 0)
(4.3975819 0.12469676 6.971102e-19)
(4.4160967 0.12388519 0)
(4.4350817 0.1234545 6.3793598e-19)
(4.454439 0.12323635 6.068844e-19)
(4.47409 0.12314875 5.7498073e-19)
(4.4939837 0.12314872 5.4252491e-19)
(4.5140965 0.12321091 0)
(4.5344199 0.12331818 4.7556789e-19)
(4.5549544 0.12345504 0)
(4.5757102 0.12360641 4.0461582e-19)
(4.5967028 0.12376206 1.5170489e-21)
(4.6179558 0.12392156 -3.328908e-19)
(4.6394735 0.124095 -1.2329814e-21)
(4.661305 0.12429383 2.5940348e-19)
(4.6833482 0.12454083 -2.2176105e-19)
(4.7059497 0.12479538 -1.8115108e-19)
(4.728132 0.12525691 0)
(4.752853 0.12526827 1.0189601e-19)
(4.771213 0.12713559 0)
(4.8079644 0.12427964 -2.2657118e-20)
(4.2984815 0.24256126 8.1274374e-19)
(4.3391948 0.19660011 0)
(4.36163 0.17061969 -8.1129184e-19)
(4.3831398 0.15259676 0)
(4.4047807 0.13937668 -1.5601927e-18)
(4.4252542 0.13130159 7.3003848e-22)
(4.4458208 0.12679617 -7.3774161e-19)
(4.4673812 0.12419269 -7.0919398e-22)
(4.4897588 0.1226955 1.3078044e-21)
(4.5126344 0.12189901 -1.3091792e-21)
(4.5358848 0.12151346 -6.2649547e-19)
(4.5594556 0.12136054 1.1913454e-21)
(4.5832915 0.12134969 -5.6388557e-19)
(4.6073509 0.12143271 1.0678179e-21)
(4.6316119 0.12158017 9.3953792e-22)
(4.6560633 0.12177245 -9.3967626e-22)
(4.6807014 0.12199397 -1.6142909e-21)
(4.7055312 0.12223104 1.6144902e-21)
(4.7305643 0.12247369 0)
(4.7558208 0.12271893 0)
(4.7813024 0.12297321 0)
(4.8070542 0.12324566 0)
(4.8329728 0.12356245 7.6437776e-22)
(4.8594029 0.12388499 -7.6444777e-22)
(4.8853497 0.12441222 0)
(4.9139105 0.12451137 0)
(4.9355022 0.12628987 0)
(4.9777257 0.12386942 0)
(4.2919197 0.23079614 0)
(4.3391631 0.18916068 0)
(4.3686332 0.1644328 8.1147691e-19)
(4.395462 0.14754177 8.0003815e-19)
(4.4217389 0.13494048 7.7767773e-19)
(4.4464498 0.126986 7.5367191e-22)
(4.4707367 0.1224954 0)
(4.495628 0.11990698 7.1026988e-19)
(4.5211254 0.11841541 -5.7429457e-23)
(4.5469998 0.11762967 -6.5247379e-19)
(4.5731739 0.11727177 -1.1823148e-21)
(4.599627 0.11716063 2.3033625e-21)
(4.6263259 0.11720028 -1.1209128e-21)
(4.6532407 0.11733846 0)
(4.6803551 0.11754226 4.9217408e-19)
(4.7076609 0.11779005 9.3046635e-22)
(4.7351549 0.11806701 -4.2604144e-19)
(4.7628418 0.11836181 0)
(4.7907326 0.1186656 -3.5693179e-19)
(4.8188469 0.11897321 1.1860864e-21)
(4.8471857 0.11928725 -2.2300747e-21)
(4.8757934 0.11961403 1.9444011e-21)
(4.9045632 0.11998151 -2.1197009e-19)
(4.9338466 0.12035483 -1.4878926e-22)
(4.9626064 0.1209224 -1.3609036e-19)
(4.9941188 0.12110327 0)
(5.0180808 0.12272021 5.5391776e-20)
(5.0646225 0.12077574 0)
(4.2743058 0.21813286 0)
(4.3242654 0.18063843 0)
(4.3575762 0.15711114 0)
(4.3872224 0.14122151 -8.0242128e-19)
(4.4160053 0.12927649 7.8388876e-19)
(4.4431516 0.12150616 -7.293231e-22)
(4.4696088 0.117049 7.3193693e-22)
(4.4964316 0.11447613 -9.4545942e-22)
(4.5237444 0.1129834 1.3576923e-21)
(4.5513794 0.11219354 6.5077244e-19)
(4.5792841 0.11184334 1.1812451e-21)
(4.6074576 0.11175177 5.8789588e-19)
(4.6358812 0.11181814 0)
(4.6645317 0.11198622 0)
(4.6933962 0.11221996 -4.9199935e-19)
(4.7224682 0.11249646 0)
(4.7517449 0.11280224 4.2321546e-19)
(4.7812311 0.11312869 1.5915975e-21)
(4.810937 0.11346823 3.5566768e-19)
(4.8408822 0.11381393 1.1811675e-21)
(4.8710678 0.11416476 -1.1803739e-21)
(4.9015394 0.11452428 2.4690823e-19)
(4.9321867 0.11492053 2.1245092e-19)
(4.9633723 0.11532327 -7.4950398e-22)
(4.9940093 0.11590238 1.3475271e-19)
(5.0275475 0.11614625 9.6427015e-20)
(5.0530551 0.11755641 -5.506824e-20)
(5.1026107 0.11606239 0)
(4.2566415 0.20532272 -8.7154849e-19)
(4.3075921 0.17170737 0)
(4.3431636 0.14941246 -8.2932313e-19)
(4.3743401 0.13442402 -8.1208108e-19)
(4.4043964 0.12313131 -1.5743949e-18)
(4.4328339 0.11557699 -7.63404e-19)
(4.460422 0.11115582 0)
(4.4881974 0.10859088 -1.4233725e-18)
(4.5163821 0.10708891 -6.7950209e-19)
(4.5448615 0.10628237 -6.5341703e-19)
(4.5736009 0.10592272 -6.2131864e-19)
(4.6026139 0.10583091 -1.1786062e-18)
(4.6318928 0.10590237 -1.1203644e-21)
(4.6614202 0.10607744 -5.252873e-19)
(4.6911852 0.10631788 -9.2915391e-22)
(4.7211826 0.10660027 -4.5784286e-19)
(4.7514102 0.10691273 -4.2482327e-19)
(4.781872 0.10724892 -3.8895068e-19)
(4.8125773 0.10760229 -3.5695857e-19)
(4.8435448 0.10796447 -3.1889549e-19)
(4.8747758 0.10833148 -2.8423808e-19)
(4.9063178 0.10870438 -4.953615e-19)
(4.9380568 0.1091096 -1.4524339e-22)
(4.9703673 0.10952135 -1.735739e-19)
(5.0021148 0.11008626 0)
(5.0368936 0.11036915 -1.9246641e-19)
(5.0632857 0.11155707 -5.4564793e-20)
(5.1147065 0.11045036 -2.3161724e-20)
(4.2415599 0.19260411 8.7958586e-19)
(4.2928981 0.16258268 0)
(4.3301059 0.14158846 8.3409345e-19)
(4.3623561 0.12743998 8.1364548e-19)
(4.393188 0.11679068 7.9068476e-19)
(4.4224003 0.109489 7.6623496e-19)
(4.4506294 0.10512197 0)
(4.478875 0.10257072 7.1427559e-19)
(4.5074424 0.10106257 6.810495e-19)
(4.5362711 0.10023695 6.5485053e-19)
(4.5653442 0.099859788 6.2144479e-19)
(4.5946887 0.09975613 5.9224605e-19)
(4.6243082 0.099818682 0)
(4.6541914 0.099985313 5.2625585e-19)
(4.6843311 0.10021671 0)
(4.7147242 0.10048968 4.5952706e-19)
(4.7453698 0.10079369 4.238843e-19)
(4.7762719 0.10112395 3.9256364e-19)
(4.8074387 0.10147458 3.5597538e-19)
(4.8388887 0.10183639 3.2164828e-19)
(4.8706236 0.10220347 2.8323129e-19)
(4.9026933 0.10257466 2.4781084e-19)
(4.9349808 0.10297324 7.4921592e-22)
(4.9678714 0.1033771 1.7280796e-19)
(5.0001903 0.10390837 -1.4934306e-22)
(5.0356403 0.10420712 9.5775899e-20)
(5.0624598 0.10518176 5.4595368e-20)
(5.1148914 0.10438645 2.316426e-20)
(4.2288689 0.18002345 8.9925231e-19)
(4.2803887 0.15329703 0)
(4.3189651 0.13366849 8.446518e-19)
(4.3521742 0.1203334 -8.2273654e-19)
(4.383642 0.11032542 7.9760984e-19)
(4.4134564 0.10332026 7.714203e-19)
(4.4421641 0.099038765 -7.4008192e-22)
(4.4707173 0.096517698 7.1398244e-19)
(4.4994912 0.095015411 1.3682134e-21)
(4.5284799 0.094177623 0)
(4.5576858 0.093784109 -6.2521286e-19)
(4.5871478 0.093665681 5.9232902e-19)
(4.6168811 0.093713728 5.610954e-19)
(4.6468818 0.093864765 -5.2718513e-19)
(4.6771469 0.094079573 4.9393865e-19)
(4.7076765 0.094335622 -4.6024143e-19)
(4.7384716 0.09462323 4.2609469e-19)
(4.7695368 0.094938386 0)
(4.80088 0.095275744 3.5640814e-19)
(4.8325197 0.095626161 3.2200327e-19)
(4.8644582 0.095982679 -2.8587252e-19)
(4.8967482 0.096342199 2.4801293e-19)
(4.9292709 0.096723725 -2.0998285e-19)
(4.9624205 0.097107904 1.7224425e-19)
(4.9949909 0.097593929 -1.3435458e-19)
(5.030761 0.097890795 -2.9429749e-22)
(5.0577403 0.098677415 2.9383741e-22)
(5.1106421 0.098121837 -2.3485155e-20)
(4.21799 0.16759236 -9.0689819e-19)
(4.2695787 0.14385859 0)
(4.3093342 0.1256389 -8.4800832e-19)
(4.3434578 0.11311139 8.2370073e-19)
(4.3755267 0.10374408 -7.9906129e-19)
(4.4058876 0.097076713 -7.7176691e-19)
(4.4350328 0.092916434 0)
(4.4638613 0.090446914 -7.1681964e-19)
(4.4928038 0.088966906 -1.3122608e-21)
(4.5219073 0.088128784 2.5640446e-21)
(4.5511935 0.087725094 6.2274649e-19)
(4.5807124 0.087593854 -5.9103325e-19)
(4.6104903 0.087626834 -5.6103884e-19)
(4.6405305 0.087760501 5.2705197e-19)
(4.6708347 0.08795657 -4.9572808e-19)
(4.7014063 0.088193274 4.6195687e-19)
(4.7322485 0.088461201 -4.284056e-19)
(4.7633666 0.088756621 3.0620432e-21)
(4.7947684 0.089074869 -3.5844118e-19)
(4.8264723 0.089407628 -3.225078e-19)
(4.8584816 0.089747597 2.8735268e-19)
(4.8908513 0.090089847 -2.4852773e-19)
(4.9234617 0.090448531 2.1089474e-19)
(4.9567143 0.090806432 -1.7398921e-19)
(4.9893793 0.091243077 1.3454258e-19)
(5.0252874 0.091527459 0)
(5.0522987 0.092158831 0)
(5.1053814 0.091783297 2.3512854e-20)
(4.2085333 0.15531315 -2.1896361e-22)
(4.2601026 0.13428273 -2.0071262e-22)
(4.3008582 0.11749092 4.2779735e-22)
(4.3358405 0.105776 0)
(4.3684839 0.097047939 0)
(4.3993544 0.090753381 7.4322352e-22)
(4.4289178 0.086749846 7.4750403e-19)
(4.458018 0.084354472 1.3742508e-21)
(4.4871274 0.082913635 -5.9661562e-23)
(4.5163425 0.082087651 -1.3147268e-21)
(4.5457043 0.081681007 0)
(4.5752728 0.08154035 -1.1295958e-21)
(4.6050842 0.081559636 1.1285557e-21)
(4.6351493 0.081676446 0)
(4.6654739 0.081853851 0)
(4.6960647 0.082070763 0)
(4.7269269 0.082317723 0)
(4.7580665 0.082591165 0)
(4.789491 0.082887387 0)
(4.8212189 0.083199329 -1.1862836e-21)
(4.8532538 0.083519716 1.1849712e-21)
(4.8856529 0.083841898 -8.9849957e-22)
(4.9182958 0.084175291 8.9749485e-22)
(4.9515897 0.084504569 -6.0166382e-22)
(4.9842873 0.0848933 1.4990255e-22)
(5.0202541 0.085160691 7.4497486e-22)
(5.0472517 0.085669704 5.4053691e-20)
(5.1003854 0.08542698 0)
(4.2002692 0.14318353 0)
(4.2517523 0.12459143 0)
(4.2933417 0.10922615 0)
(4.3291116 0.09833446 0)
(4.3622947 0.090244418 0)
(4.3936345 0.084351213 7.7870624e-19)
(4.4235918 0.080537467 -7.4826584e-19)
(4.4529571 0.078237827 6.5897475e-22)
(4.4822322 0.076851329 -1.3776191e-21)
(4.5115592 0.076048538 6.5905273e-19)
(4.5409983 0.075645512 -1.1944557e-21)
(4.5706185 0.07549875 1.193461e-21)
(4.6004649 0.075506106 5.626866e-19)
(4.6305554 0.075607025 0)
(4.6609001 0.075766211 0)
(4.6915083 0.075963259 0)
(4.7223871 0.076188693 4.2627082e-19)
(4.7535431 0.076439229 1.6024967e-21)
(4.7849837 0.076712265 0)
(4.8167272 0.077002065 3.2081114e-19)
(4.8487772 0.077301451 1.1862391e-21)
(4.8811923 0.077602324 0)
(4.9138517 0.077909997 0)
(4.9471674 0.078211006 1.7345981e-19)
(4.9798788 0.078556319 -4.5132992e-22)
(5.0158749 0.078805685 4.5085842e-22)
(5.0428504 0.079220517 -7.4004053e-23)
(5.095987 0.079073212 0)
(4.1930418 0.13119637 0)
(4.244395 0.11480733 -4.5185056e-19)
(4.2866724 0.10085211 4.3580932e-19)
(4.323153 0.090796792 -1.2240101e-21)
(4.3568361 0.083344587 4.075714e-19)
(4.3886031 0.077875441 -3.9087254e-19)
(4.4189246 0.074280911 0)
(4.4485422 0.072096646 3.6114989e-19)
(4.4779772 0.070777453 0)
(4.5074125 0.070007195 -3.2996615e-19)
(4.5369275 0.069613425 3.1299757e-19)
(4.5665996 0.06946349 1.1952315e-21)
(4.5964818 0.069460496 -2.8066977e-19)
(4.6265987 0.069546409 -1.0675616e-21)
(4.6569644 0.06968778 2.4745467e-19)
(4.6875908 0.069865044 2.3407816e-19)
(4.7184867 0.070068939 -2.175815e-19)
(4.7496594 0.070296611 1.3538054e-22)
(4.7811162 0.070546436 1.805462e-19)
(4.8128748 0.070813755 -3.2238968e-19)
(4.8449386 0.071091478 1.41938e-19)
(4.8773673 0.071370481 1.255778e-19)
(4.9100398 0.071652959 7.5268445e-22)
(4.943372 0.071927261 -8.7610896e-20)
(4.9760933 0.072234394 -4.5158127e-22)
(5.0121087 0.072465731 4.8927946e-20)
(5.0390659 0.072808003 -2.7527982e-20)
(5.0921905 0.07272607 1.1891788e-20)
(4.1867301 0.11934207 0)
(4.2379285 0.10495147 9.1127593e-19)
(4.2807701 0.092379467 -8.7622563e-19)
(4.3178848 0.083173712 -4.2163678e-22)
(4.3520269 0.076360153 -4.0630636e-19)
(4.3841796 0.071332526 -3.9272546e-19)
(4.4148334 0.067982571 0)
(4.4446869 0.065931196 -3.6175326e-19)
(4.4742727 0.064690356 0)
(4.5038101 0.063960483 -3.3056784e-19)
(4.5333973 0.063580918 -6.3048198e-19)
(4.5631191 0.063430513 2.3313582e-21)
(4.5930358 0.063418677 -2.8322849e-19)
(4.6231785 0.063490498 -2.654937e-19)
(4.6535649 0.063614582 -2.4776175e-19)
(4.6842093 0.063772531 -4.6253802e-19)
(4.715122 0.063955542 -2.1618419e-19)
(4.7463113 0.06416114 -1.9695447e-19)
(4.7777843 0.064388371 -1.7928443e-19)
(4.8095581 0.064633302 -1.189863e-21)
(4.8416355 0.064888971 -1.4299979e-19)
(4.8740772 0.065145751 -1.2272244e-19)
(4.9067619 0.065403709 -8.9986817e-22)
(4.9401087 0.065652816 -1.7374773e-19)
(4.9728396 0.065926175 0)
(5.0088699 0.066139073 -4.823105e-20)
(5.0358143 0.066424334 -2.7197111e-20)
(5.0889234 0.066383941 -2.3809569e-20)
(4.1812351 0.10761009 2.2911446e-22)
(4.2322682 0.095042295 1.5927959e-21)
(4.27557 0.083819931 4.4080381e-19)
(4.3132448 0.075475135 -4.2404113e-22)
(4.3478042 0.06930162 0)
(4.3803029 0.064728519 0)
(4.4112568 0.061644519 0)
(4.4413279 0.059741555 0)
(4.471054 0.05858863 0)
(4.5006859 0.057905971 0)
(4.5303401 0.057545209 -1.2264689e-21)
(4.5601084 0.05739702 1.198477e-21)
(4.5900576 0.057378014 -2.8136274e-19)
(4.6202243 0.05743691 2.6473958e-19)
(4.6506302 0.057544663 0)
(4.6812914 0.057684273 2.319262e-19)
(4.7122201 0.0578475 1.6094646e-21)
(4.7434252 0.058032126 1.9556211e-19)
(4.7749136 0.058237533 0)
(4.8067019 0.05846022 -1.1908856e-21)
(4.8387923 0.058693434 2.2368368e-21)
(4.871246 0.058927547 -1.0461215e-21)
(4.9039419 0.059161312 0)
(4.9373019 0.059386068 8.6944321e-20)
(4.9700422 0.059628714 0)
(5.0060846 0.05982209 0)
(5.0330202 0.060061485 0)
(5.0861135 0.060044523 1.1916994e-20)
(4.1764758 0.095989375 0)
(4.227343 0.085094924 -4.6295357e-19)
(4.2710184 0.075184878 4.452435e-19)
(4.3091823 0.067709619 -4.2634865e-22)
(4.3441173 0.062177736 7.8589911e-22)
(4.3769239 0.058068632 -7.8728851e-22)
(4.4081458 0.055268372 0)
(4.4384148 0.053527686 3.6338145e-19)
(4.4682696 0.052471247 0)
(4.497988 0.051842061 0)
(4.5277035 0.051504607 3.142848e-19)
(4.5575147 0.051361553 2.33724e-21)
(4.5874937 0.05133736 2.8162383e-19)
(4.6176826 0.051384858 0)
(4.6481063 0.051477586 -9.4069764e-22)
(4.6787831 0.051600056 9.3957514e-22)
(4.7097264 0.05174466 0)
(4.740946 0.051909295 -1.4731477e-21)
(4.7724486 0.052093408 1.4713722e-21)
(4.8042502 0.052293766 -1.1918446e-21)
(4.8363525 0.052503967 1.1904046e-21)
(4.8688171 0.052714814 9.0227136e-22)
(4.9015231 0.052924332 1.0511574e-19)
(4.9348947 0.053124913 0)
(4.9676437 0.053338796 0)
(5.0036961 0.053511298 0)
(5.0306256 0.053713298 0)
(5.0837032 0.053706705 -1.1925604e-20)
(4.1723854 0.084468293 2.3350472e-22)
(4.2230939 0.07512096 2.1138767e-22)
(4.2670703 0.066484758 -4.475878e-19)
(4.3056565 0.059884743 -4.2997283e-19)
(4.3409249 0.054996146 -4.1251639e-19)
(4.3740027 0.051357879 1.5471539e-21)
(4.405461 0.048856138 -3.8073111e-19)
(4.4359075 0.047290179 -3.6393385e-19)
(4.4658786 0.046338114 3.4813139e-19)
(4.4956748 0.045768236 -3.3208642e-19)
(4.5254457 0.045458611 -1.2026856e-21)
(4.5552956 0.045323797 3.0077686e-19)
(4.5853017 0.045296592 0)
(4.6155108 0.045334393 -2.6636621e-19)
(4.6459507 0.045413476 2.4946773e-19)
(4.6766415 0.045519929 0)
(4.7075981 0.045646815 -2.1342803e-19)
(4.7388307 0.045792037 -1.6104485e-21)
(4.770346 0.045955024 0)
(4.8021597 0.046132754 -1.6290699e-19)
(4.8342726 0.046319356 1.4236345e-22)
(4.8667469 0.046506277 1.047637e-21)
(4.8994617 0.046691302 -2.1219618e-19)
(4.9328434 0.046867553 0)
(4.9656003 0.047054051 -6.79566e-20)
(5.0016606 0.047204428 4.5190285e-22)
(5.0285858 0.047375972 2.7172414e-20)
(5.081648 0.047370396 2.4704461e-24)
(4.1689098 0.073034437 2.3555825e-22)
(4.2194717 0.065128547 2.129651e-22)
(4.2636884 0.057728687 -2.0252854e-23)
(4.3026339 0.052007178 -1.8020751e-21)
(4.3381937 0.047763703 4.1445618e-19)
(4.3715069 0.044601387 -7.5946428e-22)
(4.4031707 0.042410528 5.6609691e-22)
(4.4337734 0.041030512 0)
(4.4638477 0.040190167 -6.9724914e-19)
(4.4937129 0.039685143 3.3375467e-19)
(4.5235328 0.039407732 -2.4705644e-21)
(4.5534173 0.039284249 -2.9983493e-19)
(4.5834476 0.039256184 1.1384569e-21)
(4.6136746 0.039285854 2.6562444e-19)
(4.6441289 0.039352467 -2.4870346e-19)
(4.6748323 0.039443731 -2.3257033e-19)
(4.7058006 0.039553389 2.1524051e-19)
(4.7370448 0.039679366 -1.9765854e-19)
(4.7685714 0.039821057 1.7986417e-19)
(4.8003956 0.039975701 1.6185522e-19)
(4.8325179 0.04013813 -1.4354852e-19)
(4.8650005 0.040300542 0)
(4.8977231 0.040460862 1.061738e-19)
(4.9311134 0.040612627 0)
(4.9638769 0.040772927 6.7104935e-20)
(4.9999438 0.040900154 -4.7825635e-20)
(5.0268657 0.041047245 -2.7193216e-20)
(5.0799126 0.041035499 2.3878763e-20)
(4.1660045 0.061675448 2.3752586e-22)
(4.2164358 0.055123639 -2.3772314e-22)
(4.2608422 0.04892533 0)
(4.3000876 0.044083814 2.1625111e-19)
(4.3358967 0.040487448 0)
(4.3694107 0.037805019 -7.6146644e-22)
(4.4012494 0.035935122 3.8149093e-19)
(4.4319869 0.034750815 7.2911183e-22)
(4.4621507 0.034028741 1.7318873e-19)
(4.4920756 0.03359354 2.6007975e-21)
(4.521938 0.033352377 -1.6079608e-19)
(4.5518526 0.033243179 2.3450164e-21)
(4.581904 0.033216255 -1.1395884e-21)
(4.6121467 0.033239204 -1.3444768e-19)
(4.6426136 0.033294262 1.9520174e-21)
(4.673328 0.033370865 1.1370186e-19)
(4.7043065 0.033463534 1.3441042e-22)
(4.7355606 0.033570252 1.9796467e-19)
(4.767097 0.033690414 -1.7854045e-19)
(4.7989303 0.033821616 8.0973242e-20)
(4.8310605 0.033959433 7.1842033e-20)
(4.8635503 0.034096992 0)
(4.8962792 0.034232599 0)
(4.9296768 0.03435994 0)
(4.9624459 0.034495263 -4.5280463e-22)
(4.9985182 0.0345985 2.4322568e-20)
(5.0254372 0.034726575 1.3883083e-20)
(5.0784686 0.034702436 -1.1945969e-20)
(4.163634 0.050378117 -2.5139625e-19)
(4.2139533 0.045109653 -2.386296e-19)
(4.2585067 0.040082298 -8.8982391e-22)
(4.2979963 0.036121535 4.3629926e-19)
(4.3340128 0.033174841 -8.3164284e-22)
(4.3676935 0.03097583 -1.9886476e-19)
(4.3996773 0.029435316 1.9043158e-19)
(4.4305275 0.028455069 -1.39815e-21)
(4.4607669 0.027856799 1.7619194e-19)
(4.4907421 0.027495454 1.2708507e-21)
(4.5206402 0.027293811 -2.4833711e-21)
(4.5505803 0.027201196 6.3141316e-23)
(4.5806496 0.027176893 1.1406623e-21)
(4.6109055 0.027194016 1.3254726e-19)
(4.6413831 0.02723798 1.2702069e-19)
(4.6721067 0.027300054 1.1729349e-19)
(4.7030938 0.027375651 1.0764884e-19)
(4.7343562 0.027462908 -1.6142318e-21)
(4.7659007 0.027561245 0)
(4.7977415 0.027668606 -8.6644345e-24)
(4.8298782 0.027781403 7.1876576e-20)
(4.8623737 0.027893793 0)
(4.8951078 0.028004728 5.2382593e-20)
(4.9285111 0.028107684 1.3599752e-21)
(4.9612843 0.028219148 3.2741418e-20)
(4.9973609 0.028297396 2.4616381e-20)
(5.0242769 0.028411508 -2.7187117e-20)
(5.077292 0.02836874 0)
(4.1617709 0.039131519 2.5351718e-19)
(4.211999 0.035090065 2.3986865e-19)
(4.2566629 0.031206809 0)
(4.2963441 0.028125756 -2.1747509e-19)
(4.3325264 0.025830537 -1.633561e-21)
(4.3663401 0.02411758 2.0082299e-19)
(4.3984395 0.02291319 -1.9223374e-19)
(4.4293803 0.022144155 2.1318112e-21)
(4.4596807 0.021674682 -1.3986198e-21)
(4.4896964 0.021390989 1.2722801e-21)
(4.5196233 0.021232024 1.573788e-19)
(4.5495839 0.021158398 1.143174e-21)
(4.5796675 0.021138402 -2.2194608e-21)
(4.609934 0.021150914 -1.3259106e-19)
(4.6404202 0.021184571 -1.2611558e-19)
(4.6711511 0.021232623 -1.1562385e-19)
(4.7021448 0.021291438 -1.0786808e-19)
(4.7334137 0.021359443 0)
(4.7649644 0.021436088 -9.0122148e-20)
(4.7968107 0.021519688 -8.1086728e-20)
(4.8289522 0.021607524 -7.0860011e-20)
(4.8614518 0.021694883 6.1564349e-20)
(4.8941892 0.021781478 -1.0634288e-19)
(4.9275966 0.021860465 0)
(4.9603718 0.021949392 -3.3820719e-20)
(4.9964516 0.022001949 -2.4164577e-20)
(5.0233633 0.022107686 1.3597979e-20)
(5.0763606 0.022039683 0)
(4.1603958 0.027924478 -1.2739025e-19)
(4.2105547 0.025070477 1.2064099e-19)
(4.2552974 0.022312587 0)
(4.2951202 0.020111338 1.0962883e-19)
(4.3314269 0.018469271 1.0480852e-19)
(4.3653402 0.017243621 -7.6689958e-22)
(4.3975259 0.016379044 9.6712006e-20)
(4.4285345 0.015824918 9.3156669e-20)
(4.4588808 0.015486189 8.6228491e-20)
(4.4889266 0.015281268 1.2736323e-21)
(4.5188749 0.01516581 7.6922756e-20)
(4.5488504 0.015111658 7.5329844e-20)
(4.5789445 0.015096067 1.1426428e-21)
(4.6092185 0.015103896 1.9965011e-19)
(4.6397105 0.01512693 6.4587849e-20)
(4.6704463 0.015160452 1.1571204e-19)
(4.7014444 0.01520181 5.2350514e-20)
(4.7327173 0.015249853 1.3668877e-22)
(4.7642716 0.015304063 9.166369e-20)
(4.7961211 0.015363195 0)
(4.828265 0.015425335 1.0793718e-19)
(4.8607664 0.015486938 -6.2655987e-20)
(4.8935048 0.015548534 7.9043331e-20)
(4.9269137 0.01560294 -2.1057864e-20)
(4.959688 0.01566952 0)
(4.9957692 0.015693877 3.5970786e-20)
(5.0226743 0.015798429 7.0899301e-21)
(5.0756498 0.015693818 0)
(4.1595015 0.016732814 6.4443998e-20)
(4.2096128 0.01503224 -1.8206553e-19)
(4.2544042 0.013384577 -9.027356e-22)
(4.2943181 0.012065304 -1.1037067e-19)
(4.3307057 0.01108179 -1.0422277e-19)
(4.3646836 0.010349139 -7.6850099e-22)
(4.396925 0.0098321103 -9.53244e-20)
(4.4279776 0.0095004365 -9.1870133e-20)
(4.4583535 0.0092980612 -8.9064007e-20)
(4.4884187 0.0091762029 2.6123941e-21)
(4.5183803 0.0091079454 -8.0747976e-20)
(4.5483651 0.0090764307 -7.4184586e-20)
(4.5784651 0.0090680015 -2.2230797e-21)
(4.6087431 0.0090736507 -6.5860134e-20)
(4.6392378 0.0090884099 -6.36239e-20)
(4.6699755 0.0091095911 -8.1194366e-22)
(4.7009749 0.0091355545 -5.3872115e-20)
(4.7322486 0.0091656811 1.6174972e-21)
(4.7638034 0.0091995586 0)
(4.7956529 0.0092363727 0)
(4.8277959 0.009275068 -3.5999938e-20)
(4.860296 0.0093130296 9.0603701e-22)
(4.893032 0.0093521827 -2.7519109e-20)
(4.9264391 0.0093834494 2.2432487e-20)
(4.9592079 0.0094327876 7.4017152e-21)
(4.9952882 0.0094244688 -1.1640704e-20)
(5.0221815 0.0095437998 -6.7988699e-21)
(5.0751314 0.0093940407 0)
(4.159069 0.0055682543 5.943738e-20)
(4.2091483 0.0049997587 5.5725934e-20)
(4.2539561 0.0044486491 0)
(4.2939103 0.004006765 -7.7258903e-22)
(4.3303356 0.003677536 3.25475e-23)
(4.3643445 0.0034325428 3.0869076e-23)
(4.3966137 0.0032593009 7.0305326e-22)
(4.4276889 0.0031474379 0)
(4.4580806 0.0030783567 0)
(4.488156 0.0030358536 1.1664317e-21)
(4.5181241 0.0030109172 -5.75104e-23)
(4.5481123 0.0029979697 -2.1515101e-21)
(4.5782133 0.0029924706 1.0449e-21)
(4.6084906 0.0029914916 -9.2544667e-22)
(4.6389836 0.002993368 1.7876906e-21)
(4.6697187 0.0029972564 -8.6235948e-22)
(4.7007151 0.00300259 0)
(4.7319856 0.0030092002 0)
(4.7635371 0.0030169307 0)
(4.7953832 0.0030255001 -1.090801e-21)
(4.8275222 0.0030346321 1.0888848e-21)
(4.8600172 0.0030432192 0)
(4.8927458 0.0030527633 -6.8888112e-22)
(4.9261452 0.0030577102 6.876704e-22)
(4.9588996 0.0030742942 -8.1028432e-21)
(4.9949743 0.0030549255 4.1145969e-22)
(5.0218496 0.0031183548 0)
(5.0747536 0.0030261354 0)
)
;

boundaryField
{
    inlet
    {
        type            fixedValue;
        value           uniform (3.4 0 0);
    }
    outlet
    {
        type            inletOutlet;
        inletValue      uniform (0 0 0);
        value           nonuniform List<vector> 
27
(
(0.90154524 0.025459302 -5.6497897e-22)
(2.2875192 0.066785935 -7.895792e-20)
(3.3097676 0.093854343 -5.9805578e-20)
(4.0303215 0.11106302 2.5067017e-20)
(4.5101665 0.12058419 4.7441055e-20)
(4.8079644 0.12427964 -2.2657118e-20)
(4.9777257 0.12386942 0)
(5.0646225 0.12077574 0)
(5.1026107 0.11606239 0)
(5.1147065 0.11045036 -2.3161724e-20)
(5.1148914 0.10438645 2.316426e-20)
(5.1106421 0.098121837 -2.3485155e-20)
(5.1053814 0.091783297 2.3512854e-20)
(5.1003854 0.08542698 0)
(5.095987 0.079073212 0)
(5.0921905 0.07272607 1.1891788e-20)
(5.0889234 0.066383941 -2.3809569e-20)
(5.0861135 0.060044523 1.1916994e-20)
(5.0837032 0.053706705 -1.1925604e-20)
(5.081648 0.047370396 2.4704461e-24)
(5.0799126 0.041035499 2.3878763e-20)
(5.0784686 0.034702436 -1.1945969e-20)
(5.077292 0.02836874 0)
(5.0763606 0.022039683 0)
(5.0756498 0.015693818 0)
(5.0751314 0.0093940407 0)
(5.0747536 0.0030261354 0)
)
;
    }
    hydrofoilFlap
    {
        type            noSlip;
    }
    farfield
    {
        type            slip;
    }
    frontAndBack
    {
        type            empty;
    }
}


// ************************************************************************* //
